# {"t_start": 1615914645.5309606, "env_id": null} 
r,l,t,ereward,max_reward,max_time,arena,reward_woD,len_real,min_value,max_value,mean_value,value,max_value_error
2.996,156,9.287232,2.996000051498413,3,1000,/workspace7/Unity3D/gabriele/Animal-AI/models_arenas/arenas_paper/box_reason_1/c2_0011.yaml,0,0,0,0,0,0.0,0.0
0.0,501,26.866246,0,3,1000,/workspace7/Unity3D/gabriele/Animal-AI/models_arenas/arenas_paper/box_reason_1/c2_0244.yaml,0,1001,0,0,0,0.19308864,0.0
0.0,501,48.208316,0,3,1000,/workspace7/Unity3D/gabriele/Animal-AI/models_arenas/arenas_paper/box_reason_1/c2_0333.yaml,0,1001,0,0,0,0.1753656,0.0
0.0,501,65.918058,0,3,1000,/workspace7/Unity3D/gabriele/Animal-AI/models_arenas/arenas_paper/box_reason_1/c2_0695.yaml,0,1001,0,0,0,0.16892074,0.0
0.0,501,86.973927,0,3,1000,/workspace7/Unity3D/gabriele/Animal-AI/models_arenas/arenas_paper/box_reason_1/c2_0982.yaml,0,1001,0,0,0,0.2663777,0.0
2.996,156,92.230183,2.996000051498413,3,1000,/workspace7/Unity3D/gabriele/Animal-AI/models_arenas/arenas_paper/box_reason_1/c2_0940.yaml,0,0,0,0,0,0.0,0.0
0.0,501,109.378812,0,3,1000,/workspace7/Unity3D/gabriele/Animal-AI/models_arenas/arenas_paper/box_reason_1/c2_0494.yaml,0,1001,0,0,0,0.177567,0.0
0.0,501,130.288631,0,3,1000,/workspace7/Unity3D/gabriele/Animal-AI/models_arenas/arenas_paper/box_reason_1/c2_0143.yaml,0,1001,0,0,0,0.23351094,0.0
0.0,501,147.426851,0,3,1000,/workspace7/Unity3D/gabriele/Animal-AI/models_arenas/arenas_paper/box_reason_1/c2_0678.yaml,0,1001,0,0,0,0.18280804,0.0
0.0,501,168.530957,0,3,1000,/workspace7/Unity3D/gabriele/Animal-AI/models_arenas/arenas_paper/box_reason_1/c2_0639.yaml,0,1001,0,0,0,0.32426754,0.0
0.0,501,186.093625,0,3,1000,/workspace7/Unity3D/gabriele/Animal-AI/models_arenas/arenas_paper/box_reason_1/c2_0641.yaml,0,1001,0,0,0,0.34868184,0.0
0.0,501,206.955161,0,3,1000,/workspace7/Unity3D/gabriele/Animal-AI/models_arenas/arenas_paper/box_reason_1/c2_0681.yaml,0,1001,0,0,0,0.2073854,0.0
0.0,501,224.171788,0,3,1000,/workspace7/Unity3D/gabriele/Animal-AI/models_arenas/arenas_paper/box_reason_1/c2_0627.yaml,0,1001,0,0,0,0.21832033,0.0
0.0,501,245.090556,0,3,1000,/workspace7/Unity3D/gabriele/Animal-AI/models_arenas/arenas_paper/box_reason_1/c2_0620.yaml,0,1001,0,0,0,0.67389286,0.0
0.0,501,262.250124,0,3,1000,/workspace7/Unity3D/gabriele/Animal-AI/models_arenas/arenas_paper/box_reason_1/c2_0868.yaml,0,1001,0,0,0,0.28124267,0.0
0.0,501,283.440376,0,3,1000,/workspace7/Unity3D/gabriele/Animal-AI/models_arenas/arenas_paper/box_reason_1/c2_0377.yaml,0,1001,0,0,0,0.28593272,0.0
0.0,501,300.816603,0,3,1000,/workspace7/Unity3D/gabriele/Animal-AI/models_arenas/arenas_paper/box_reason_1/c2_0005.yaml,0,1001,0,0,0,0.30564296,0.0
0.0,501,321.747866,0,3,1000,/workspace7/Unity3D/gabriele/Animal-AI/models_arenas/arenas_paper/box_reason_1/c2_0641.yaml,0,1001,0,0,0,0.26762682,0.0
0.0,501,338.936977,0,3,1000,/workspace7/Unity3D/gabriele/Animal-AI/models_arenas/arenas_paper/box_reason_1/c2_0013.yaml,0,1001,0,0,0,0.17170587,0.0
0.0,501,359.855079,0,3,1000,/workspace7/Unity3D/gabriele/Animal-AI/models_arenas/arenas_paper/box_reason_1/c2_0253.yaml,0,1001,0,0,0,0.24379073,0.0
0.0,501,377.523187,0,3,1000,/workspace7/Unity3D/gabriele/Animal-AI/models_arenas/arenas_paper/box_reason_1/c2_0981.yaml,0,1001,0,0,0,0.32560936,0.0
0.0,501,398.785096,0,3,1000,/workspace7/Unity3D/gabriele/Animal-AI/models_arenas/arenas_paper/box_reason_1/c2_0069.yaml,0,1001,0,0,0,0.21563968,0.0
0.0,501,415.03089,0,3,1000,/workspace7/Unity3D/gabriele/Animal-AI/models_arenas/arenas_paper/box_reason_1/c2_0101.yaml,0,1001,0,0,0,0.3831938,0.0
0.0,501,435.944368,0,3,1000,/workspace7/Unity3D/gabriele/Animal-AI/models_arenas/arenas_paper/box_reason_1/c2_0365.yaml,0,1001,0,0,0,0.33958802,0.0
0.0,501,452.626911,0,3,1000,/workspace7/Unity3D/gabriele/Animal-AI/models_arenas/arenas_paper/box_reason_1/c2_0783.yaml,0,1001,0,0,0,0.20279777,0.0
0.0,501,473.145817,0,3,1000,/workspace7/Unity3D/gabriele/Animal-AI/models_arenas/arenas_paper/box_reason_1/c2_0542.yaml,0,1001,0,0,0,0.2710446,0.0
0.0,501,490.755054,0,3,1000,/workspace7/Unity3D/gabriele/Animal-AI/models_arenas/arenas_paper/box_reason_1/c2_0805.yaml,0,1001,0,0,0,0.9441807,0.0
0.0,501,511.950722,0,3,1000,/workspace7/Unity3D/gabriele/Animal-AI/models_arenas/arenas_paper/box_reason_1/c2_0191.yaml,0,1001,0,0,0,0.17329544,0.0
0.0,501,529.368979,0,3,1000,/workspace7/Unity3D/gabriele/Animal-AI/models_arenas/arenas_paper/box_reason_1/c2_0218.yaml,0,1001,0,0,0,0.39104447,0.0
0.0,501,550.302395,0,3,1000,/workspace7/Unity3D/gabriele/Animal-AI/models_arenas/arenas_paper/box_reason_1/c2_0028.yaml,0,1001,0,0,0,0.18904556,0.0
0.0,501,567.937222,0,3,1000,/workspace7/Unity3D/gabriele/Animal-AI/models_arenas/arenas_paper/box_reason_1/c2_0403.yaml,0,1001,0,0,0,0.5148729,0.0
0.0,501,588.760933,0,3,1000,/workspace7/Unity3D/gabriele/Animal-AI/models_arenas/arenas_paper/box_reason_1/c2_0853.yaml,0,1001,0,0,0,0.4945634,0.0
0.0,501,606.052062,0,3,1000,/workspace7/Unity3D/gabriele/Animal-AI/models_arenas/arenas_paper/box_reason_1/c2_0733.yaml,0,1001,0,0,0,0.45567325,0.0
0.0,501,627.049914,0,3,1000,/workspace7/Unity3D/gabriele/Animal-AI/models_arenas/arenas_paper/box_reason_1/c2_0285.yaml,0,1001,0,0,0,0.5089496,0.0
0.0,501,644.44842,0,3,1000,/workspace7/Unity3D/gabriele/Animal-AI/models_arenas/arenas_paper/box_reason_1/c2_0794.yaml,0,1001,0,0,0,0.5622532,0.0
0.0,501,664.788827,0,3,1000,/workspace7/Unity3D/gabriele/Animal-AI/models_arenas/arenas_paper/box_reason_1/c2_0682.yaml,0,1001,0,0,0,0.2926892,0.0
0.0,501,682.245445,0,3,1000,/workspace7/Unity3D/gabriele/Animal-AI/models_arenas/arenas_paper/box_reason_1/c2_0066.yaml,0,1001,0,0,0,0.25812334,0.0
0.0,501,703.113031,0,3,1000,/workspace7/Unity3D/gabriele/Animal-AI/models_arenas/arenas_paper/box_reason_1/c2_0802.yaml,0,1001,0,0,0,0.34147575,0.0
0.0,501,720.603778,0,3,1000,/workspace7/Unity3D/gabriele/Animal-AI/models_arenas/arenas_paper/box_reason_1/c2_0860.yaml,0,1001,0,0,0,0.18784255,0.0
0.0,501,741.262871,0,3,1000,/workspace7/Unity3D/gabriele/Animal-AI/models_arenas/arenas_paper/box_reason_1/c2_0437.yaml,0,1001,0,0,0,0.36278734,0.0
0.0,501,758.02277,0,3,1000,/workspace7/Unity3D/gabriele/Animal-AI/models_arenas/arenas_paper/box_reason_1/c2_0281.yaml,0,1001,0,0,0,0.40138492,0.0
2.996,156,766.683598,2.996000051498413,3,1000,/workspace7/Unity3D/gabriele/Animal-AI/models_arenas/arenas_paper/box_reason_1/c2_0359.yaml,0,0,0,0,0,0.0,0.0
0.0,501,784.149364,0,3,1000,/workspace7/Unity3D/gabriele/Animal-AI/models_arenas/arenas_paper/box_reason_1/c2_0172.yaml,0,1001,0,0,0,0.18589906,0.0
2.996,156,788.822312,2.996000051498413,3,1000,/workspace7/Unity3D/gabriele/Animal-AI/models_arenas/arenas_paper/box_reason_1/c2_0301.yaml,0,0,0,0,0,0.0,0.0
0.0,501,809.131076,0,3,1000,/workspace7/Unity3D/gabriele/Animal-AI/models_arenas/arenas_paper/box_reason_1/c2_0147.yaml,0,1001,0,0,0,0.18015215,0.0
0.0,501,826.222224,0,3,1000,/workspace7/Unity3D/gabriele/Animal-AI/models_arenas/arenas_paper/box_reason_1/c2_0570.yaml,0,1001,0,0,0,0.6867265,0.0
0.0,501,846.642596,0,3,1000,/workspace7/Unity3D/gabriele/Animal-AI/models_arenas/arenas_paper/box_reason_1/c2_0927.yaml,0,1001,0,0,0,0.40076777,0.0
0.0,501,864.119355,0,3,1000,/workspace7/Unity3D/gabriele/Animal-AI/models_arenas/arenas_paper/box_reason_1/c2_0322.yaml,0,1001,0,0,0,0.23638898,0.0
0.0,501,884.591818,0,3,1000,/workspace7/Unity3D/gabriele/Animal-AI/models_arenas/arenas_paper/box_reason_1/c2_0759.yaml,0,1001,0,0,0,0.41371995,0.0
0.0,501,901.647615,0,3,1000,/workspace7/Unity3D/gabriele/Animal-AI/models_arenas/arenas_paper/box_reason_1/c2_0326.yaml,0,1001,0,0,0,1.0099444,0.0
0.0,501,922.159824,0,3,1000,/workspace7/Unity3D/gabriele/Animal-AI/models_arenas/arenas_paper/box_reason_1/c2_0148.yaml,0,1001,0,0,0,0.2779239,0.0
0.0,501,939.425251,0,3,1000,/workspace7/Unity3D/gabriele/Animal-AI/models_arenas/arenas_paper/box_reason_1/c2_0257.yaml,0,1001,0,0,0,0.14098376,0.0
0.0,501,960.236129,0,3,1000,/workspace7/Unity3D/gabriele/Animal-AI/models_arenas/arenas_paper/box_reason_1/c2_0899.yaml,0,1001,0,0,0,0.09576744,0.0
0.0,501,977.527962,0,3,1000,/workspace7/Unity3D/gabriele/Animal-AI/models_arenas/arenas_paper/box_reason_1/c2_0287.yaml,0,1001,0,0,0,0.43216825,0.0
2.996,156,982.773937,2.996000051498413,3,1000,/workspace7/Unity3D/gabriele/Animal-AI/models_arenas/arenas_paper/box_reason_1/c2_0921.yaml,0,0,0,0,0,0.0,0.0
0.0,501,1003.456571,0,3,1000,/workspace7/Unity3D/gabriele/Animal-AI/models_arenas/arenas_paper/box_reason_1/c2_0515.yaml,0,1001,0,0,0,0.1444779,0.0
0.0,501,1020.369582,0,3,1000,/workspace7/Unity3D/gabriele/Animal-AI/models_arenas/arenas_paper/box_reason_1/c2_0631.yaml,0,1001,0,0,0,0.1529321,0.0
0.0,501,1040.802633,0,3,1000,/workspace7/Unity3D/gabriele/Animal-AI/models_arenas/arenas_paper/box_reason_1/c2_0361.yaml,0,1001,0,0,0,0.372382,0.0
0.0,501,1057.726107,0,3,1000,/workspace7/Unity3D/gabriele/Animal-AI/models_arenas/arenas_paper/box_reason_1/c2_0012.yaml,0,1001,0,0,0,0.42929244,0.0
0.0,501,1078.7031,0,3,1000,/workspace7/Unity3D/gabriele/Animal-AI/models_arenas/arenas_paper/box_reason_1/c2_0452.yaml,0,1001,0,0,0,0.26905826,0.0
0.0,501,1096.417786,0,3,1000,/workspace7/Unity3D/gabriele/Animal-AI/models_arenas/arenas_paper/box_reason_1/c2_0141.yaml,0,1001,0,0,0,0.28438362,0.0
0.0,501,1117.573217,0,3,1000,/workspace7/Unity3D/gabriele/Animal-AI/models_arenas/arenas_paper/box_reason_1/c2_0354.yaml,0,1001,0,0,0,0.2998732,0.0
0.0,501,1134.846421,0,3,1000,/workspace7/Unity3D/gabriele/Animal-AI/models_arenas/arenas_paper/box_reason_1/c2_0609.yaml,0,1001,0,0,0,0.67539114,0.0
0.0,501,1155.842453,0,3,1000,/workspace7/Unity3D/gabriele/Animal-AI/models_arenas/arenas_paper/box_reason_1/c2_0120.yaml,0,1001,0,0,0,0.12605849,0.0
0.0,501,1172.946221,0,3,1000,/workspace7/Unity3D/gabriele/Animal-AI/models_arenas/arenas_paper/box_reason_1/c2_0164.yaml,0,1001,0,0,0,0.7732062,0.0
0.0,501,1193.846862,0,3,1000,/workspace7/Unity3D/gabriele/Animal-AI/models_arenas/arenas_paper/box_reason_1/c2_0516.yaml,0,1001,0,0,0,0.053660914,0.0
0.0,501,1210.841608,0,3,1000,/workspace7/Unity3D/gabriele/Animal-AI/models_arenas/arenas_paper/box_reason_1/c2_0461.yaml,0,1001,0,0,0,0.137279,0.0
2.996,156,1216.067779,2.996000051498413,3,1000,/workspace7/Unity3D/gabriele/Animal-AI/models_arenas/arenas_paper/box_reason_1/c2_0280.yaml,0,0,0,0,0,0.0,0.0
0.0,501,1236.872593,0,3,1000,/workspace7/Unity3D/gabriele/Animal-AI/models_arenas/arenas_paper/box_reason_1/c2_0319.yaml,0,1001,0,0,0,0.8520935,0.0
0.0,501,1253.955102,0,3,1000,/workspace7/Unity3D/gabriele/Animal-AI/models_arenas/arenas_paper/box_reason_1/c2_0327.yaml,0,1001,0,0,0,0.05727029,0.0
0.0,501,1275.13068,0,3,1000,/workspace7/Unity3D/gabriele/Animal-AI/models_arenas/arenas_paper/box_reason_1/c2_0738.yaml,0,1001,0,0,0,0.13519067,0.0
0.0,501,1296.086073,0,3,1000,/workspace7/Unity3D/gabriele/Animal-AI/models_arenas/arenas_paper/box_reason_1/c2_0837.yaml,0,1001,0,0,0,0,0.0
0.0,501,1313.471613,0,3,1000,/workspace7/Unity3D/gabriele/Animal-AI/models_arenas/arenas_paper/box_reason_1/c2_0187.yaml,0,1001,0,0,0,1.0105892,0.0
0.0,501,1334.502894,0,3,1000,/workspace7/Unity3D/gabriele/Animal-AI/models_arenas/arenas_paper/box_reason_1/c2_0198.yaml,0,1001,0,0,0,0.43036172,0.0
0.0,501,1351.819023,0,3,1000,/workspace7/Unity3D/gabriele/Animal-AI/models_arenas/arenas_paper/box_reason_1/c2_0856.yaml,0,1001,0,0,0,0.565495,0.0
0.0,501,1372.805384,0,3,1000,/workspace7/Unity3D/gabriele/Animal-AI/models_arenas/arenas_paper/box_reason_1/c2_0495.yaml,0,1001,0,0,0,0.5338394,0.0
2.996,156,1378.048895,2.996000051498413,3,1000,/workspace7/Unity3D/gabriele/Animal-AI/models_arenas/arenas_paper/box_reason_1/c2_0444.yaml,0,0,0,0,0,0.0,0.0
0.0,501,1395.455021,0,3,1000,/workspace7/Unity3D/gabriele/Animal-AI/models_arenas/arenas_paper/box_reason_1/c2_0984.yaml,0,1001,0,0,0,0.8460098,0.0
0.0,501,1415.768189,0,3,1000,/workspace7/Unity3D/gabriele/Animal-AI/models_arenas/arenas_paper/box_reason_1/c2_0982.yaml,0,1001,0,0,0,0.39035055,0.0
0.0,501,1432.406283,0,3,1000,/workspace7/Unity3D/gabriele/Animal-AI/models_arenas/arenas_paper/box_reason_1/c2_0840.yaml,0,1001,0,0,0,0.2570715,0.0
0.0,501,1453.411662,0,3,1000,/workspace7/Unity3D/gabriele/Animal-AI/models_arenas/arenas_paper/box_reason_1/c2_0938.yaml,0,1001,0,0,0,1.0734533,0.0
0.0,501,1470.630982,0,3,1000,/workspace7/Unity3D/gabriele/Animal-AI/models_arenas/arenas_paper/box_reason_1/c2_0759.yaml,0,1001,0,0,0,0.694088,0.0
0.0,501,1491.307307,0,3,1000,/workspace7/Unity3D/gabriele/Animal-AI/models_arenas/arenas_paper/box_reason_1/c2_0098.yaml,0,1001,0,0,0,0.25939107,0.0
0.0,501,1508.54783,0,3,1000,/workspace7/Unity3D/gabriele/Animal-AI/models_arenas/arenas_paper/box_reason_1/c2_0722.yaml,0,1001,0,0,0,1.1489736,0.0
0.0,501,1529.605632,0,3,1000,/workspace7/Unity3D/gabriele/Animal-AI/models_arenas/arenas_paper/box_reason_1/c2_0886.yaml,0,1001,0,0,0,1.1200156,0.0
0.0,501,1546.819212,0,3,1000,/workspace7/Unity3D/gabriele/Animal-AI/models_arenas/arenas_paper/box_reason_1/c2_0279.yaml,0,1001,0,0,0,0.68946826,0.0
0.0,501,1567.578356,0,3,1000,/workspace7/Unity3D/gabriele/Animal-AI/models_arenas/arenas_paper/box_reason_1/c2_0627.yaml,0,1001,0,0,0,0.4985764,0.0
0.0,501,1584.860885,0,3,1000,/workspace7/Unity3D/gabriele/Animal-AI/models_arenas/arenas_paper/box_reason_1/c2_0749.yaml,0,1001,0,0,0,0.69874173,0.0
2.996,156,1589.992894,2.996000051498413,3,1000,/workspace7/Unity3D/gabriele/Animal-AI/models_arenas/arenas_paper/box_reason_1/c2_0674.yaml,0,0,0,0,0,0.0,0.0
0.0,501,1610.252916,0,3,1000,/workspace7/Unity3D/gabriele/Animal-AI/models_arenas/arenas_paper/box_reason_1/c2_0998.yaml,0,1001,0,0,0,0.59136736,0.0
0.0,501,1627.471093,0,3,1000,/workspace7/Unity3D/gabriele/Animal-AI/models_arenas/arenas_paper/box_reason_1/c2_0883.yaml,0,1001,0,0,0,0.44230866,0.0
0.0,501,1648.237375,0,3,1000,/workspace7/Unity3D/gabriele/Animal-AI/models_arenas/arenas_paper/box_reason_1/c2_0769.yaml,0,1001,0,0,0,0.32716343,0.0
0.0,501,1666.465201,0,3,1000,/workspace7/Unity3D/gabriele/Animal-AI/models_arenas/arenas_paper/box_reason_1/c2_0578.yaml,0,1001,0,0,0,0.6494946,0.0
0.0,501,1687.116806,0,3,1000,/workspace7/Unity3D/gabriele/Animal-AI/models_arenas/arenas_paper/box_reason_1/c2_0289.yaml,0,1001,0,0,0,0.3362223,0.0
0.0,501,1704.22297,0,3,1000,/workspace7/Unity3D/gabriele/Animal-AI/models_arenas/arenas_paper/box_reason_1/c2_0875.yaml,0,1001,0,0,0,0.33450434,0.0
0.0,501,1725.085095,0,3,1000,/workspace7/Unity3D/gabriele/Animal-AI/models_arenas/arenas_paper/box_reason_1/c2_0604.yaml,0,1001,0,0,0,0.7857614,0.0
0.0,501,1742.087833,0,3,1000,/workspace7/Unity3D/gabriele/Animal-AI/models_arenas/arenas_paper/box_reason_1/c2_0485.yaml,0,1001,0,0,0,0.3905927,0.0
0.0,501,1762.775475,0,3,1000,/workspace7/Unity3D/gabriele/Animal-AI/models_arenas/arenas_paper/box_reason_1/c2_0557.yaml,0,1001,0,0,0,0.92848706,0.0
0.0,501,1779.908708,0,3,1000,/workspace7/Unity3D/gabriele/Animal-AI/models_arenas/arenas_paper/box_reason_1/c2_0053.yaml,0,1001,0,0,0,0.42784694,0.0
2.996,156,1785.103993,2.996000051498413,3,1000,/workspace7/Unity3D/gabriele/Animal-AI/models_arenas/arenas_paper/box_reason_1/c2_0070.yaml,0,0,0,0,0,0.0,0.0
2.996,156,1793.8864,2.996000051498413,3,1000,/workspace7/Unity3D/gabriele/Animal-AI/models_arenas/arenas_paper/box_reason_1/c2_0877.yaml,0,0,0,0,0,0.0,0.0
0.0,501,1810.821665,0,3,1000,/workspace7/Unity3D/gabriele/Animal-AI/models_arenas/arenas_paper/box_reason_1/c2_0397.yaml,0,1001,0,0,0,0.8431705,0.0
0.0,501,1831.641568,0,3,1000,/workspace7/Unity3D/gabriele/Animal-AI/models_arenas/arenas_paper/box_reason_1/c2_0608.yaml,0,1001,0,0,0,0.8385561,0.0
0.0,501,1848.378619,0,3,1000,/workspace7/Unity3D/gabriele/Animal-AI/models_arenas/arenas_paper/box_reason_1/c2_0758.yaml,0,1001,0,0,0,1.0556977,0.0
0.0,501,1869.185473,0,3,1000,/workspace7/Unity3D/gabriele/Animal-AI/models_arenas/arenas_paper/box_reason_1/c2_0640.yaml,0,1001,0,0,0,0.80862504,0.0
0.0,501,1886.338643,0,3,1000,/workspace7/Unity3D/gabriele/Animal-AI/models_arenas/arenas_paper/box_reason_1/c2_0049.yaml,0,1001,0,0,0,1.0125576,0.0
0.0,501,1906.77456,0,3,1000,/workspace7/Unity3D/gabriele/Animal-AI/models_arenas/arenas_paper/box_reason_1/c2_0763.yaml,0,1001,0,0,0,0.9136816,0.0
0.0,501,1924.092553,0,3,1000,/workspace7/Unity3D/gabriele/Animal-AI/models_arenas/arenas_paper/box_reason_1/c2_0592.yaml,0,1001,0,0,0,0.8256394,0.0
0.0,501,1945.133239,0,3,1000,/workspace7/Unity3D/gabriele/Animal-AI/models_arenas/arenas_paper/box_reason_1/c2_0721.yaml,0,1001,0,0,0,0.7209769,0.0
0.0,501,1962.432352,0,3,1000,/workspace7/Unity3D/gabriele/Animal-AI/models_arenas/arenas_paper/box_reason_1/c2_0046.yaml,0,1001,0,0,0,0.8277393,0.0
0.0,501,1983.470704,0,3,1000,/workspace7/Unity3D/gabriele/Animal-AI/models_arenas/arenas_paper/box_reason_1/c2_0393.yaml,0,1001,0,0,0,0.90943706,0.0
0.0,501,2000.693983,0,3,1000,/workspace7/Unity3D/gabriele/Animal-AI/models_arenas/arenas_paper/box_reason_1/c2_0095.yaml,0,1001,0,0,0,0.78430605,0.0
0.0,501,2021.868735,0,3,1000,/workspace7/Unity3D/gabriele/Animal-AI/models_arenas/arenas_paper/box_reason_1/c2_0665.yaml,0,1001,0,0,0,0.63655627,0.0
0.0,501,2039.219654,0,3,1000,/workspace7/Unity3D/gabriele/Animal-AI/models_arenas/arenas_paper/box_reason_1/c2_0582.yaml,0,1001,0,0,0,0.5909613,0.0
0.0,501,2060.000869,0,3,1000,/workspace7/Unity3D/gabriele/Animal-AI/models_arenas/arenas_paper/box_reason_1/c2_0581.yaml,0,1001,0,0,0,0.88457817,0.0
0.0,501,2077.384256,0,3,1000,/workspace7/Unity3D/gabriele/Animal-AI/models_arenas/arenas_paper/box_reason_1/c2_0517.yaml,0,1001,0,0,0,0.6415071,0.0
0.0,501,2098.629236,0,3,1000,/workspace7/Unity3D/gabriele/Animal-AI/models_arenas/arenas_paper/box_reason_1/c2_0042.yaml,0,1001,0,0,0,1.0253524,0.0
0.0,501,2115.794039,0,3,1000,/workspace7/Unity3D/gabriele/Animal-AI/models_arenas/arenas_paper/box_reason_1/c2_0822.yaml,0,1001,0,0,0,1.2224472,0.0
0.0,501,2136.583853,0,3,1000,/workspace7/Unity3D/gabriele/Animal-AI/models_arenas/arenas_paper/box_reason_1/c2_0422.yaml,0,1001,0,0,0,1.1151965,0.0
0.0,501,2153.981822,0,3,1000,/workspace7/Unity3D/gabriele/Animal-AI/models_arenas/arenas_paper/box_reason_1/c2_0535.yaml,0,1001,0,0,0,0.71328086,0.0
0.0,501,2175.192786,0,3,1000,/workspace7/Unity3D/gabriele/Animal-AI/models_arenas/arenas_paper/box_reason_1/c2_0237.yaml,0,1001,0,0,0,0.62780344,0.0
0.0,501,2192.717308,0,3,1000,/workspace7/Unity3D/gabriele/Animal-AI/models_arenas/arenas_paper/box_reason_1/c2_0157.yaml,0,1001,0,0,0,0.48546547,0.0
0.0,501,2213.77185,0,3,1000,/workspace7/Unity3D/gabriele/Animal-AI/models_arenas/arenas_paper/box_reason_1/c2_0418.yaml,0,1001,0,0,0,0.6747478,0.0
0.0,501,2231.008722,0,3,1000,/workspace7/Unity3D/gabriele/Animal-AI/models_arenas/arenas_paper/box_reason_1/c2_0637.yaml,0,1001,0,0,0,0.66592574,0.0
0.0,501,2251.391365,0,3,1000,/workspace7/Unity3D/gabriele/Animal-AI/models_arenas/arenas_paper/box_reason_1/c2_0175.yaml,0,1001,0,0,0,1.2313572,0.0
2.996,156,2256.505079,2.996000051498413,3,1000,/workspace7/Unity3D/gabriele/Animal-AI/models_arenas/arenas_paper/box_reason_1/c2_0593.yaml,0,0,0,0,0,0.0,0.0
0.0,501,2273.391812,0,3,1000,/workspace7/Unity3D/gabriele/Animal-AI/models_arenas/arenas_paper/box_reason_1/c2_0716.yaml,0,1001,0,0,0,1.0316302,0.0
0.0,501,2294.001661,0,3,1000,/workspace7/Unity3D/gabriele/Animal-AI/models_arenas/arenas_paper/box_reason_1/c2_0077.yaml,0,1001,0,0,0,0.79148483,0.0
0.0,501,2311.037207,0,3,1000,/workspace7/Unity3D/gabriele/Animal-AI/models_arenas/arenas_paper/box_reason_1/c2_0627.yaml,0,1001,0,0,0,0.6673094,0.0
0.0,501,2331.448314,0,3,1000,/workspace7/Unity3D/gabriele/Animal-AI/models_arenas/arenas_paper/box_reason_1/c2_0817.yaml,0,1001,0,0,0,0.6219771,0.0
0.0,501,2348.154681,0,3,1000,/workspace7/Unity3D/gabriele/Animal-AI/models_arenas/arenas_paper/box_reason_1/c2_0354.yaml,0,1001,0,0,0,0.5294408,0.0
2.996,156,2353.250775,2.996000051498413,3,1000,/workspace7/Unity3D/gabriele/Animal-AI/models_arenas/arenas_paper/box_reason_1/c2_0550.yaml,0,0,0,0,0,0.0,0.0
0.0,501,2373.573456,0,3,1000,/workspace7/Unity3D/gabriele/Animal-AI/models_arenas/arenas_paper/box_reason_1/c2_0528.yaml,0,1001,0,0,0,0.65675044,0.0
0.0,501,2390.837108,0,3,1000,/workspace7/Unity3D/gabriele/Animal-AI/models_arenas/arenas_paper/box_reason_1/c2_0387.yaml,0,1001,0,0,0,0.9222165,0.0
0.0,501,2411.594378,0,3,1000,/workspace7/Unity3D/gabriele/Animal-AI/models_arenas/arenas_paper/box_reason_1/c2_0014.yaml,0,1001,0,0,0,0.50407517,0.0
0.0,501,2428.427069,0,3,1000,/workspace7/Unity3D/gabriele/Animal-AI/models_arenas/arenas_paper/box_reason_1/c2_0268.yaml,0,1001,0,0,0,0.4754972,0.0
0.0,501,2449.359054,0,3,1000,/workspace7/Unity3D/gabriele/Animal-AI/models_arenas/arenas_paper/box_reason_1/c2_0176.yaml,0,1001,0,0,0,0.7194579,0.0
0.0,501,2466.189003,0,3,1000,/workspace7/Unity3D/gabriele/Animal-AI/models_arenas/arenas_paper/box_reason_1/c2_0669.yaml,0,1001,0,0,0,1.1728078,0.0
0.0,501,2486.879181,0,3,1000,/workspace7/Unity3D/gabriele/Animal-AI/models_arenas/arenas_paper/box_reason_1/c2_0830.yaml,0,1001,0,0,0,0.5491087,0.0
0.0,501,2504.205789,0,3,1000,/workspace7/Unity3D/gabriele/Animal-AI/models_arenas/arenas_paper/box_reason_1/c2_0031.yaml,0,1001,0,0,0,0.621703,0.0
0.0,501,2525.019133,0,3,1000,/workspace7/Unity3D/gabriele/Animal-AI/models_arenas/arenas_paper/box_reason_1/c2_0121.yaml,0,1001,0,0,0,0.60566086,0.0
0.0,501,2545.235651,0,3,1000,/workspace7/Unity3D/gabriele/Animal-AI/models_arenas/arenas_paper/box_reason_1/c2_0423.yaml,0,1001,0,0,0,0.5024052,0.0
0.0,501,2562.13586,0,3,1000,/workspace7/Unity3D/gabriele/Animal-AI/models_arenas/arenas_paper/box_reason_1/c2_0019.yaml,0,1001,0,0,0,2.0450163,0.0
0.0,501,2582.924756,0,3,1000,/workspace7/Unity3D/gabriele/Animal-AI/models_arenas/arenas_paper/box_reason_1/c2_0051.yaml,0,1001,0,0,0,0.5694243,0.0
0.0,501,2600.069566,0,3,1000,/workspace7/Unity3D/gabriele/Animal-AI/models_arenas/arenas_paper/box_reason_1/c2_0477.yaml,0,1001,0,0,0,0.54202837,0.0
0.0,501,2620.742845,0,3,1000,/workspace7/Unity3D/gabriele/Animal-AI/models_arenas/arenas_paper/box_reason_1/c2_0161.yaml,0,1001,0,0,0,0.55814576,0.0
2.996,156,2625.715099,2.996000051498413,3,1000,/workspace7/Unity3D/gabriele/Animal-AI/models_arenas/arenas_paper/box_reason_1/c2_0340.yaml,0,0,0,0,0,0.0,0.0
0.0,501,2642.392911,0,3,1000,/workspace7/Unity3D/gabriele/Animal-AI/models_arenas/arenas_paper/box_reason_1/c2_0061.yaml,0,1001,0,0,0,0.74847466,0.0
0.0,501,2663.086477,0,3,1000,/workspace7/Unity3D/gabriele/Animal-AI/models_arenas/arenas_paper/box_reason_1/c2_0060.yaml,0,1001,0,0,0,0.30290586,0.0
0.0,501,2680.481772,0,3,1000,/workspace7/Unity3D/gabriele/Animal-AI/models_arenas/arenas_paper/box_reason_1/c2_0654.yaml,0,1001,0,0,0,0.57751876,0.0
0.0,501,2701.226225,0,3,1000,/workspace7/Unity3D/gabriele/Animal-AI/models_arenas/arenas_paper/box_reason_1/c2_0449.yaml,0,1001,0,0,0,1.3177696,0.0
0.0,501,2718.297502,0,3,1000,/workspace7/Unity3D/gabriele/Animal-AI/models_arenas/arenas_paper/box_reason_1/c2_0238.yaml,0,1001,0,0,0,0.4569422,0.0
0.0,501,2739.104911,0,3,1000,/workspace7/Unity3D/gabriele/Animal-AI/models_arenas/arenas_paper/box_reason_1/c2_0719.yaml,0,1001,0,0,0,0.77461755,0.0
0.0,501,2756.005365,0,3,1000,/workspace7/Unity3D/gabriele/Animal-AI/models_arenas/arenas_paper/box_reason_1/c2_0537.yaml,0,1001,0,0,0,0.54585654,0.0
0.0,501,2776.712742,0,3,1000,/workspace7/Unity3D/gabriele/Animal-AI/models_arenas/arenas_paper/box_reason_1/c2_0880.yaml,0,1001,0,0,0,0.5972673,0.0
0.0,501,2793.590601,0,3,1000,/workspace7/Unity3D/gabriele/Animal-AI/models_arenas/arenas_paper/box_reason_1/c2_0301.yaml,0,1001,0,0,0,0.93079835,0.0
0.0,501,2813.729049,0,3,1000,/workspace7/Unity3D/gabriele/Animal-AI/models_arenas/arenas_paper/box_reason_1/c2_0952.yaml,0,1001,0,0,0,0.394196,0.0
0.0,501,2830.989277,0,3,1000,/workspace7/Unity3D/gabriele/Animal-AI/models_arenas/arenas_paper/box_reason_1/c2_0570.yaml,0,1001,0,0,0,0.5197911,0.0
0.0,501,2851.443284,0,3,1000,/workspace7/Unity3D/gabriele/Animal-AI/models_arenas/arenas_paper/box_reason_1/c2_0674.yaml,0,1001,0,0,0,1.7070446,0.0
2.996,156,2856.451817,2.996000051498413,3,1000,/workspace7/Unity3D/gabriele/Animal-AI/models_arenas/arenas_paper/box_reason_1/c2_0532.yaml,0,0,0,0,0,0.0,0.0
0.0,501,2873.731739,0,3,1000,/workspace7/Unity3D/gabriele/Animal-AI/models_arenas/arenas_paper/box_reason_1/c2_0231.yaml,0,1001,0,0,0,0.67910427,0.0
0.0,501,2894.44121,0,3,1000,/workspace7/Unity3D/gabriele/Animal-AI/models_arenas/arenas_paper/box_reason_1/c2_0014.yaml,0,1001,0,0,0,0.321888,0.0
0.0,501,2910.935237,0,3,1000,/workspace7/Unity3D/gabriele/Animal-AI/models_arenas/arenas_paper/box_reason_1/c2_0271.yaml,0,1001,0,0,0,0.44142222,0.0
2.996,156,2916.058081,2.996000051498413,3,1000,/workspace7/Unity3D/gabriele/Animal-AI/models_arenas/arenas_paper/box_reason_1/c2_0778.yaml,0,0,0,0,0,0.0,0.0
2.996,156,2924.817367,2.996000051498413,3,1000,/workspace7/Unity3D/gabriele/Animal-AI/models_arenas/arenas_paper/box_reason_1/c2_0966.yaml,0,0,0,0,0,0.0,0.0
0.0,501,2941.774678,0,3,1000,/workspace7/Unity3D/gabriele/Animal-AI/models_arenas/arenas_paper/box_reason_1/c2_0712.yaml,0,1001,0,0,0,0.33917207,0.0
0.0,501,2962.179728,0,3,1000,/workspace7/Unity3D/gabriele/Animal-AI/models_arenas/arenas_paper/box_reason_1/c2_0917.yaml,0,1001,0,0,0,0.44457147,0.0
0.0,501,2978.594086,0,3,1000,/workspace7/Unity3D/gabriele/Animal-AI/models_arenas/arenas_paper/box_reason_1/c2_0134.yaml,0,1001,0,0,0,0.48010474,0.0
0.0,501,2998.753567,0,3,1000,/workspace7/Unity3D/gabriele/Animal-AI/models_arenas/arenas_paper/box_reason_1/c2_0362.yaml,0,1001,0,0,0,0.7056335,0.0
0.0,501,3015.939796,0,3,1000,/workspace7/Unity3D/gabriele/Animal-AI/models_arenas/arenas_paper/box_reason_1/c2_0890.yaml,0,1001,0,0,0,0.54929805,0.0
0.0,501,3036.427669,0,3,1000,/workspace7/Unity3D/gabriele/Animal-AI/models_arenas/arenas_paper/box_reason_1/c2_0326.yaml,0,1001,0,0,0,1.3065606,0.0
0.0,501,3053.001099,0,3,1000,/workspace7/Unity3D/gabriele/Animal-AI/models_arenas/arenas_paper/box_reason_1/c2_0379.yaml,0,1001,0,0,0,1.1961515,0.0
0.0,501,3073.882157,0,3,1000,/workspace7/Unity3D/gabriele/Animal-AI/models_arenas/arenas_paper/box_reason_1/c2_0786.yaml,0,1001,0,0,0,0.6573873,0.0
2.996,156,3079.0586,2.996000051498413,3,1000,/workspace7/Unity3D/gabriele/Animal-AI/models_arenas/arenas_paper/box_reason_1/c2_0918.yaml,0,0,0,0,0,0.0,0.0
0.0,501,3096.189703,0,3,1000,/workspace7/Unity3D/gabriele/Animal-AI/models_arenas/arenas_paper/box_reason_1/c2_0977.yaml,0,1001,0,0,0,0.49324554,0.0
0.0,501,3116.900978,0,3,1000,/workspace7/Unity3D/gabriele/Animal-AI/models_arenas/arenas_paper/box_reason_1/c2_0396.yaml,0,1001,0,0,0,0.5905515,0.0
0.0,501,3134.300303,0,3,1000,/workspace7/Unity3D/gabriele/Animal-AI/models_arenas/arenas_paper/box_reason_1/c2_0364.yaml,0,1001,0,0,0,0.46537825,0.0
0.0,501,3154.647294,0,3,1000,/workspace7/Unity3D/gabriele/Animal-AI/models_arenas/arenas_paper/box_reason_1/c2_0568.yaml,0,1001,0,0,0,0.5557829,0.0
0.0,501,3171.833344,0,3,1000,/workspace7/Unity3D/gabriele/Animal-AI/models_arenas/arenas_paper/box_reason_1/c2_0301.yaml,0,1001,0,0,0,0.35769287,0.0
0.0,501,3192.228893,0,3,1000,/workspace7/Unity3D/gabriele/Animal-AI/models_arenas/arenas_paper/box_reason_1/c2_0581.yaml,0,1001,0,0,0,0.30823144,0.0
0.0,501,3209.361422,0,3,1000,/workspace7/Unity3D/gabriele/Animal-AI/models_arenas/arenas_paper/box_reason_1/c2_0947.yaml,0,1001,0,0,0,0.96333265,0.0
0.0,501,3229.907013,0,3,1000,/workspace7/Unity3D/gabriele/Animal-AI/models_arenas/arenas_paper/box_reason_1/c2_0343.yaml,0,1001,0,0,0,1.1738534,0.0
0.0,501,3247.280823,0,3,1000,/workspace7/Unity3D/gabriele/Animal-AI/models_arenas/arenas_paper/box_reason_1/c2_0615.yaml,0,1001,0,0,0,0.36931485,0.0
0.0,501,3266.861984,0,3,1000,/workspace7/Unity3D/gabriele/Animal-AI/models_arenas/arenas_paper/box_reason_1/c2_0965.yaml,0,1001,0,0,0,0.3471738,0.0
0.0,501,3283.645673,0,3,1000,/workspace7/Unity3D/gabriele/Animal-AI/models_arenas/arenas_paper/box_reason_1/c2_0022.yaml,0,1001,0,0,0,0.35482597,0.0
0.0,501,3303.946351,0,3,1000,/workspace7/Unity3D/gabriele/Animal-AI/models_arenas/arenas_paper/box_reason_1/c2_0246.yaml,0,1001,0,0,0,0.57006913,0.0
0.0,501,3321.151957,0,3,1000,/workspace7/Unity3D/gabriele/Animal-AI/models_arenas/arenas_paper/box_reason_1/c2_0888.yaml,0,1001,0,0,0,0.39469767,0.0
2.996,156,3326.137398,2.996000051498413,3,1000,/workspace7/Unity3D/gabriele/Animal-AI/models_arenas/arenas_paper/box_reason_1/c2_0878.yaml,0,0,0,0,0,0.0,0.0
0.0,501,3347.05122,0,3,1000,/workspace7/Unity3D/gabriele/Animal-AI/models_arenas/arenas_paper/box_reason_1/c2_0701.yaml,0,1001,0,0,0,0.5060265,0.0
0.0,501,3363.78978,0,3,1000,/workspace7/Unity3D/gabriele/Animal-AI/models_arenas/arenas_paper/box_reason_1/c2_0245.yaml,0,1001,0,0,0,0.61500156,0.0
0.0,501,3383.854001,0,3,1000,/workspace7/Unity3D/gabriele/Animal-AI/models_arenas/arenas_paper/box_reason_1/c2_0905.yaml,0,1001,0,0,0,0.38626572,0.0
0.0,501,3400.700694,0,3,1000,/workspace7/Unity3D/gabriele/Animal-AI/models_arenas/arenas_paper/box_reason_1/c2_0966.yaml,0,1001,0,0,0,0.43207112,0.0
0.0,501,3421.334639,0,3,1000,/workspace7/Unity3D/gabriele/Animal-AI/models_arenas/arenas_paper/box_reason_1/c2_0316.yaml,0,1001,0,0,0,0.39551267,0.0
0.0,501,3438.142651,0,3,1000,/workspace7/Unity3D/gabriele/Animal-AI/models_arenas/arenas_paper/box_reason_1/c2_0635.yaml,0,1001,0,0,0,0.44802323,0.0
0.0,501,3460.00914,0,3,1000,/workspace7/Unity3D/gabriele/Animal-AI/models_arenas/arenas_paper/box_reason_1/c2_0769.yaml,0,1001,0,0,0,0.43188012,0.0
0.0,501,3477.573645,0,3,1000,/workspace7/Unity3D/gabriele/Animal-AI/models_arenas/arenas_paper/box_reason_1/c2_0111.yaml,0,1001,0,0,0,0.32964486,0.0
2.996,156,3486.342006,2.996000051498413,3,1000,/workspace7/Unity3D/gabriele/Animal-AI/models_arenas/arenas_paper/box_reason_1/c2_0252.yaml,0,0,0,0,0,0.0,0.0
0.0,501,3503.002692,0,3,1000,/workspace7/Unity3D/gabriele/Animal-AI/models_arenas/arenas_paper/box_reason_1/c2_0970.yaml,0,1001,0,0,0,0.2280692,0.0
0.0,501,3523.953898,0,3,1000,/workspace7/Unity3D/gabriele/Animal-AI/models_arenas/arenas_paper/box_reason_1/c2_0665.yaml,0,1001,0,0,0,0.36791256,0.0
0.0,501,3541.314279,0,3,1000,/workspace7/Unity3D/gabriele/Animal-AI/models_arenas/arenas_paper/box_reason_1/c2_0025.yaml,0,1001,0,0,0,0.22187874,0.0
0.0,501,3562.263668,0,3,1000,/workspace7/Unity3D/gabriele/Animal-AI/models_arenas/arenas_paper/box_reason_1/c2_0119.yaml,0,1001,0,0,0,0.16802031,0.0
0.0,501,3579.455174,0,3,1000,/workspace7/Unity3D/gabriele/Animal-AI/models_arenas/arenas_paper/box_reason_1/c2_0930.yaml,0,1001,0,0,0,0.29916397,0.0
0.0,501,3599.971873,0,3,1000,/workspace7/Unity3D/gabriele/Animal-AI/models_arenas/arenas_paper/box_reason_1/c2_0865.yaml,0,1001,0,0,0,0.22463042,0.0
0.0,501,3616.031405,0,3,1000,/workspace7/Unity3D/gabriele/Animal-AI/models_arenas/arenas_paper/box_reason_1/c2_0209.yaml,0,1001,0,0,0,0.10325631,0.0
0.0,501,3636.824303,0,3,1000,/workspace7/Unity3D/gabriele/Animal-AI/models_arenas/arenas_paper/box_reason_1/c2_0830.yaml,0,1001,0,0,0,0.28432405,0.0
0.0,501,3654.062848,0,3,1000,/workspace7/Unity3D/gabriele/Animal-AI/models_arenas/arenas_paper/box_reason_1/c2_0126.yaml,0,1001,0,0,0,0.211615,0.0
0.0,501,3674.575798,0,3,1000,/workspace7/Unity3D/gabriele/Animal-AI/models_arenas/arenas_paper/box_reason_1/c2_0338.yaml,0,1001,0,0,0,0.12660986,0.0
0.0,501,3691.621593,0,3,1000,/workspace7/Unity3D/gabriele/Animal-AI/models_arenas/arenas_paper/box_reason_1/c2_0182.yaml,0,1001,0,0,0,0.8626235,0.0
0.0,501,3712.091775,0,3,1000,/workspace7/Unity3D/gabriele/Animal-AI/models_arenas/arenas_paper/box_reason_1/c2_0790.yaml,0,1001,0,0,0,0.4938623,0.0
0.0,501,3729.529441,0,3,1000,/workspace7/Unity3D/gabriele/Animal-AI/models_arenas/arenas_paper/box_reason_1/c2_0859.yaml,0,1001,0,0,0,0.8004388,0.0
0.0,501,3750.043044,0,3,1000,/workspace7/Unity3D/gabriele/Animal-AI/models_arenas/arenas_paper/box_reason_1/c2_0952.yaml,0,1001,0,0,0,0.18860231,0.0
2.996,156,3755.276719,2.996000051498413,3,1000,/workspace7/Unity3D/gabriele/Animal-AI/models_arenas/arenas_paper/box_reason_1/c2_0931.yaml,0,0,0,0,0,0.0,0.0
0.0,501,3772.573779,0,3,1000,/workspace7/Unity3D/gabriele/Animal-AI/models_arenas/arenas_paper/box_reason_1/c2_0230.yaml,0,1001,0,0,0,0.20579801,0.0
0.0,501,3793.337487,0,3,1000,/workspace7/Unity3D/gabriele/Animal-AI/models_arenas/arenas_paper/box_reason_1/c2_0290.yaml,0,1001,0,0,0,0.50925064,0.0
0.0,501,3810.564789,0,3,1000,/workspace7/Unity3D/gabriele/Animal-AI/models_arenas/arenas_paper/box_reason_1/c2_0674.yaml,0,1001,0,0,0,0.33100998,0.0
0.0,501,3831.621417,0,3,1000,/workspace7/Unity3D/gabriele/Animal-AI/models_arenas/arenas_paper/box_reason_1/c2_0755.yaml,0,1001,0,0,0,0.38821664,0.0
0.0,501,3848.916858,0,3,1000,/workspace7/Unity3D/gabriele/Animal-AI/models_arenas/arenas_paper/box_reason_1/c2_0689.yaml,0,1001,0,0,0,0.19084926,0.0
0.0,501,3869.864469,0,3,1000,/workspace7/Unity3D/gabriele/Animal-AI/models_arenas/arenas_paper/box_reason_1/c2_0644.yaml,0,1001,0,0,0,0.46594095,0.0
0.0,501,3887.037684,0,3,1000,/workspace7/Unity3D/gabriele/Animal-AI/models_arenas/arenas_paper/box_reason_1/c2_0608.yaml,0,1001,0,0,0,0.20693992,0.0
2.996,156,3892.184825,2.996000051498413,3,1000,/workspace7/Unity3D/gabriele/Animal-AI/models_arenas/arenas_paper/box_reason_1/c2_0463.yaml,0,0,0,0,0,0.0,0.0
0.0,501,3912.145244,0,3,1000,/workspace7/Unity3D/gabriele/Animal-AI/models_arenas/arenas_paper/box_reason_1/c2_0264.yaml,0,1001,0,0,0,0.30115944,0.0
0.0,501,3929.500143,0,3,1000,/workspace7/Unity3D/gabriele/Animal-AI/models_arenas/arenas_paper/box_reason_1/c2_0882.yaml,0,1001,0,0,0,0.5580727,0.0
0.0,501,3950.319946,0,3,1000,/workspace7/Unity3D/gabriele/Animal-AI/models_arenas/arenas_paper/box_reason_1/c2_0095.yaml,0,1001,0,0,0,0.43895173,0.0
0.0,501,3967.78639,0,3,1000,/workspace7/Unity3D/gabriele/Animal-AI/models_arenas/arenas_paper/box_reason_1/c2_0540.yaml,0,1001,0,0,0,0.24056691,0.0
2.996,156,3976.525844,2.996000051498413,3,1000,/workspace7/Unity3D/gabriele/Animal-AI/models_arenas/arenas_paper/box_reason_1/c2_0944.yaml,0,0,0,0,0,0.0,0.0
0.0,501,3993.528249,0,3,1000,/workspace7/Unity3D/gabriele/Animal-AI/models_arenas/arenas_paper/box_reason_1/c2_0706.yaml,0,1001,0,0,0,0.45459566,0.0
2.996,156,3998.564975,2.996000051498413,3,1000,/workspace7/Unity3D/gabriele/Animal-AI/models_arenas/arenas_paper/box_reason_1/c2_0554.yaml,0,0,0,0,0,0.0,0.0
0.0,501,4019.073911,0,3,1000,/workspace7/Unity3D/gabriele/Animal-AI/models_arenas/arenas_paper/box_reason_1/c2_0170.yaml,0,1001,0,0,0,0.35686588,0.0
0.0,501,4036.086411,0,3,1000,/workspace7/Unity3D/gabriele/Animal-AI/models_arenas/arenas_paper/box_reason_1/c2_0671.yaml,0,1001,0,0,0,0.41800168,0.0
0.0,501,4056.502419,0,3,1000,/workspace7/Unity3D/gabriele/Animal-AI/models_arenas/arenas_paper/box_reason_1/c2_0113.yaml,0,1001,0,0,0,0.201442,0.0
2.996,156,4061.604344,2.996000051498413,3,1000,/workspace7/Unity3D/gabriele/Animal-AI/models_arenas/arenas_paper/box_reason_1/c2_0821.yaml,0,0,0,0,0,0.0,0.0
0.0,501,4078.68565,0,3,1000,/workspace7/Unity3D/gabriele/Animal-AI/models_arenas/arenas_paper/box_reason_1/c2_0696.yaml,0,1001,0,0,0,0.61076486,0.0
0.0,501,4098.898279,0,3,1000,/workspace7/Unity3D/gabriele/Animal-AI/models_arenas/arenas_paper/box_reason_1/c2_0073.yaml,0,1001,0,0,0,0.5059273,0.0
0.0,501,4115.768647,0,3,1000,/workspace7/Unity3D/gabriele/Animal-AI/models_arenas/arenas_paper/box_reason_1/c2_0676.yaml,0,1001,0,0,0,0.4880653,0.0
0.0,501,4136.31914,0,3,1000,/workspace7/Unity3D/gabriele/Animal-AI/models_arenas/arenas_paper/box_reason_1/c2_0154.yaml,0,1001,0,0,0,0.4393832,0.0
0.0,501,4153.441022,0,3,1000,/workspace7/Unity3D/gabriele/Animal-AI/models_arenas/arenas_paper/box_reason_1/c2_0253.yaml,0,1001,0,0,0,0.3308112,0.0
0.0,501,4174.377441,0,3,1000,/workspace7/Unity3D/gabriele/Animal-AI/models_arenas/arenas_paper/box_reason_1/c2_0683.yaml,0,1001,0,0,0,0.3703222,0.0
0.0,501,4191.528092,0,3,1000,/workspace7/Unity3D/gabriele/Animal-AI/models_arenas/arenas_paper/box_reason_1/c2_0780.yaml,0,1001,0,0,0,0.4588578,0.0
0.0,501,4212.097669,0,3,1000,/workspace7/Unity3D/gabriele/Animal-AI/models_arenas/arenas_paper/box_reason_1/c2_0684.yaml,0,1001,0,0,0,0.7055466,0.0
0.0,501,4228.707126,0,3,1000,/workspace7/Unity3D/gabriele/Animal-AI/models_arenas/arenas_paper/box_reason_1/c2_0033.yaml,0,1001,0,0,0,0.3616782,0.0
2.996,156,4237.030579,2.996000051498413,3,1000,/workspace7/Unity3D/gabriele/Animal-AI/models_arenas/arenas_paper/box_reason_1/c2_0399.yaml,0,0,0,0,0,0.0,0.0
0.0,501,4254.355573,0,3,1000,/workspace7/Unity3D/gabriele/Animal-AI/models_arenas/arenas_paper/box_reason_1/c2_0904.yaml,0,1001,0,0,0,0.38284546,0.0
0.0,501,4275.233659,0,3,1000,/workspace7/Unity3D/gabriele/Animal-AI/models_arenas/arenas_paper/box_reason_1/c2_0421.yaml,0,1001,0,0,0,0.42119864,0.0
0.0,501,4292.666611,0,3,1000,/workspace7/Unity3D/gabriele/Animal-AI/models_arenas/arenas_paper/box_reason_1/c2_0421.yaml,0,1001,0,0,0,0.41869864,0.0
0.0,501,4313.668208,0,3,1000,/workspace7/Unity3D/gabriele/Animal-AI/models_arenas/arenas_paper/box_reason_1/c2_0062.yaml,0,1001,0,0,0,0.33606625,0.0
0.0,501,4330.96319,0,3,1000,/workspace7/Unity3D/gabriele/Animal-AI/models_arenas/arenas_paper/box_reason_1/c2_0764.yaml,0,1001,0,0,0,0.538757,0.0
0.0,501,4351.571005,0,3,1000,/workspace7/Unity3D/gabriele/Animal-AI/models_arenas/arenas_paper/box_reason_1/c2_0807.yaml,0,1001,0,0,0,0.5913772,0.0
0.0,501,4368.440201,0,3,1000,/workspace7/Unity3D/gabriele/Animal-AI/models_arenas/arenas_paper/box_reason_1/c2_0826.yaml,0,1001,0,0,0,0.3454304,0.0
0.0,501,4389.047665,0,3,1000,/workspace7/Unity3D/gabriele/Animal-AI/models_arenas/arenas_paper/box_reason_1/c2_0121.yaml,0,1001,0,0,0,0.24061273,0.0
0.0,501,4406.503585,0,3,1000,/workspace7/Unity3D/gabriele/Animal-AI/models_arenas/arenas_paper/box_reason_1/c2_0438.yaml,0,1001,0,0,0,0.7004251,0.0
2.996,156,4411.716462,2.996000051498413,3,1000,/workspace7/Unity3D/gabriele/Animal-AI/models_arenas/arenas_paper/box_reason_1/c2_0372.yaml,0,0,0,0,0,0.0,0.0
0.0,501,4432.336464,0,3,1000,/workspace7/Unity3D/gabriele/Animal-AI/models_arenas/arenas_paper/box_reason_1/c2_0675.yaml,0,1001,0,0,0,0.324244,0.0
0.0,501,4448.953143,0,3,1000,/workspace7/Unity3D/gabriele/Animal-AI/models_arenas/arenas_paper/box_reason_1/c2_0084.yaml,0,1001,0,0,0,0.26842642,0.0
0.0,501,4469.759965,0,3,1000,/workspace7/Unity3D/gabriele/Animal-AI/models_arenas/arenas_paper/box_reason_1/c2_0655.yaml,0,1001,0,0,0,0.29666013,0.0
0.0,501,4487.227013,0,3,1000,/workspace7/Unity3D/gabriele/Animal-AI/models_arenas/arenas_paper/box_reason_1/c2_0815.yaml,0,1001,0,0,0,0.29618973,0.0
0.0,501,4507.289842,0,3,1000,/workspace7/Unity3D/gabriele/Animal-AI/models_arenas/arenas_paper/box_reason_1/c2_0513.yaml,0,1001,0,0,0,0.26518565,0.0
0.0,501,4524.188432,0,3,1000,/workspace7/Unity3D/gabriele/Animal-AI/models_arenas/arenas_paper/box_reason_1/c2_0793.yaml,0,1001,0,0,0,0.31068444,0.0
0.0,501,4544.757725,0,3,1000,/workspace7/Unity3D/gabriele/Animal-AI/models_arenas/arenas_paper/box_reason_1/c2_0890.yaml,0,1001,0,0,0,0.37061632,0.0
0.0,501,4562.304822,0,3,1000,/workspace7/Unity3D/gabriele/Animal-AI/models_arenas/arenas_paper/box_reason_1/c2_0800.yaml,0,1001,0,0,0,0.36466688,0.0
0.0,501,4583.37828,0,3,1000,/workspace7/Unity3D/gabriele/Animal-AI/models_arenas/arenas_paper/box_reason_1/c2_0726.yaml,0,1001,0,0,0,0.31504145,0.0
0.0,501,4600.411797,0,3,1000,/workspace7/Unity3D/gabriele/Animal-AI/models_arenas/arenas_paper/box_reason_1/c2_0864.yaml,0,1001,0,0,0,0.5785099,0.0
0.0,501,4620.861667,0,3,1000,/workspace7/Unity3D/gabriele/Animal-AI/models_arenas/arenas_paper/box_reason_1/c2_0843.yaml,0,1001,0,0,0,0.2708913,0.0
0.0,501,4638.405933,0,3,1000,/workspace7/Unity3D/gabriele/Animal-AI/models_arenas/arenas_paper/box_reason_1/c2_0493.yaml,0,1001,0,0,0,0.3037606,0.0
0.0,501,4659.497791,0,3,1000,/workspace7/Unity3D/gabriele/Animal-AI/models_arenas/arenas_paper/box_reason_1/c2_0970.yaml,0,1001,0,0,0,0.2948891,0.0
0.0,501,4676.567853,0,3,1000,/workspace7/Unity3D/gabriele/Animal-AI/models_arenas/arenas_paper/box_reason_1/c2_0575.yaml,0,1001,0,0,0,0.24935928,0.0
0.0,501,4697.219199,0,3,1000,/workspace7/Unity3D/gabriele/Animal-AI/models_arenas/arenas_paper/box_reason_1/c2_0087.yaml,0,1001,0,0,0,0.41386846,0.0
0.0,501,4714.308968,0,3,1000,/workspace7/Unity3D/gabriele/Animal-AI/models_arenas/arenas_paper/box_reason_1/c2_0911.yaml,0,1001,0,0,0,0.19671784,0.0
0.0,501,4735.122755,0,3,1000,/workspace7/Unity3D/gabriele/Animal-AI/models_arenas/arenas_paper/box_reason_1/c2_0629.yaml,0,1001,0,0,0,0.21877225,0.0
0.0,501,4752.63542,0,3,1000,/workspace7/Unity3D/gabriele/Animal-AI/models_arenas/arenas_paper/box_reason_1/c2_0053.yaml,0,1001,0,0,0,0.35684446,0.0
0.0,501,4773.20077,0,3,1000,/workspace7/Unity3D/gabriele/Animal-AI/models_arenas/arenas_paper/box_reason_1/c2_0647.yaml,0,1001,0,0,0,2.116955,0.0
0.0,501,4790.08351,0,3,1000,/workspace7/Unity3D/gabriele/Animal-AI/models_arenas/arenas_paper/box_reason_1/c2_0068.yaml,0,1001,0,0,0,0.40452105,0.0
0.0,501,4810.65753,0,3,1000,/workspace7/Unity3D/gabriele/Animal-AI/models_arenas/arenas_paper/box_reason_1/c2_0918.yaml,0,1001,0,0,0,0.3036224,0.0
0.0,501,4827.747426,0,3,1000,/workspace7/Unity3D/gabriele/Animal-AI/models_arenas/arenas_paper/box_reason_1/c2_0517.yaml,0,1001,0,0,0,0.23948808,0.0
0.0,501,4848.684004,0,3,1000,/workspace7/Unity3D/gabriele/Animal-AI/models_arenas/arenas_paper/box_reason_1/c2_0449.yaml,0,1001,0,0,0,0.28571665,0.0
0.0,501,4865.629087,0,3,1000,/workspace7/Unity3D/gabriele/Animal-AI/models_arenas/arenas_paper/box_reason_1/c2_0866.yaml,0,1001,0,0,0,0.34538844,0.0
0.0,501,4885.827173,0,3,1000,/workspace7/Unity3D/gabriele/Animal-AI/models_arenas/arenas_paper/box_reason_1/c2_0063.yaml,0,1001,0,0,0,0.36724755,0.0
0.0,501,4903.17581,0,3,1000,/workspace7/Unity3D/gabriele/Animal-AI/models_arenas/arenas_paper/box_reason_1/c2_0417.yaml,0,1001,0,0,0,0.38051727,0.0
0.0,501,4923.859246,0,3,1000,/workspace7/Unity3D/gabriele/Animal-AI/models_arenas/arenas_paper/box_reason_1/c2_0290.yaml,0,1001,0,0,0,0.38411912,0.0
0.0,501,4941.217726,0,3,1000,/workspace7/Unity3D/gabriele/Animal-AI/models_arenas/arenas_paper/box_reason_1/c2_0609.yaml,0,1001,0,0,0,0.35634,0.0
2.996,156,4946.164743,2.996000051498413,3,1000,/workspace7/Unity3D/gabriele/Animal-AI/models_arenas/arenas_paper/box_reason_1/c2_0551.yaml,0,0,0,0,0,0.0,0.0
0.0,501,4966.726773,0,3,1000,/workspace7/Unity3D/gabriele/Animal-AI/models_arenas/arenas_paper/box_reason_1/c2_0135.yaml,0,1001,0,0,0,0.35192817,0.0
0.0,501,4984.05702,0,3,1000,/workspace7/Unity3D/gabriele/Animal-AI/models_arenas/arenas_paper/box_reason_1/c2_0173.yaml,0,1001,0,0,0,0.267106,0.0
0.0,501,5004.69269,0,3,1000,/workspace7/Unity3D/gabriele/Animal-AI/models_arenas/arenas_paper/box_reason_1/c2_0684.yaml,0,1001,0,0,0,0.6888683,0.0
0.0,501,5022.063559,0,3,1000,/workspace7/Unity3D/gabriele/Animal-AI/models_arenas/arenas_paper/box_reason_1/c2_0401.yaml,0,1001,0,0,0,0.5000309,0.0
0.0,501,5043.235127,0,3,1000,/workspace7/Unity3D/gabriele/Animal-AI/models_arenas/arenas_paper/box_reason_1/c2_0616.yaml,0,1001,0,0,0,0.48431206,0.0
0.0,501,5060.481096,0,3,1000,/workspace7/Unity3D/gabriele/Animal-AI/models_arenas/arenas_paper/box_reason_1/c2_0966.yaml,0,1001,0,0,0,0.36516508,0.0
0.0,501,5081.488667,0,3,1000,/workspace7/Unity3D/gabriele/Animal-AI/models_arenas/arenas_paper/box_reason_1/c2_0779.yaml,0,1001,0,0,0,0.44433033,0.0
0.0,501,5099.024728,0,3,1000,/workspace7/Unity3D/gabriele/Animal-AI/models_arenas/arenas_paper/box_reason_1/c2_0697.yaml,0,1001,0,0,0,0.60350174,0.0
0.0,501,5119.553414,0,3,1000,/workspace7/Unity3D/gabriele/Animal-AI/models_arenas/arenas_paper/box_reason_1/c2_0508.yaml,0,1001,0,0,0,0.46158302,0.0
0.0,501,5136.873919,0,3,1000,/workspace7/Unity3D/gabriele/Animal-AI/models_arenas/arenas_paper/box_reason_1/c2_0408.yaml,0,1001,0,0,0,0.5181955,0.0
0.0,501,5157.35563,0,3,1000,/workspace7/Unity3D/gabriele/Animal-AI/models_arenas/arenas_paper/box_reason_1/c2_0274.yaml,0,1001,0,0,0,0.56213874,0.0
0.0,501,5174.773608,0,3,1000,/workspace7/Unity3D/gabriele/Animal-AI/models_arenas/arenas_paper/box_reason_1/c2_0529.yaml,0,1001,0,0,0,0.72941625,0.0
0.0,501,5195.92221,0,3,1000,/workspace7/Unity3D/gabriele/Animal-AI/models_arenas/arenas_paper/box_reason_1/c2_0251.yaml,0,1001,0,0,0,1.0289087,0.0
0.0,501,5213.345278,0,3,1000,/workspace7/Unity3D/gabriele/Animal-AI/models_arenas/arenas_paper/box_reason_1/c2_0593.yaml,0,1001,0,0,0,1.0336293,0.0
2.996,156,5221.986188,2.996000051498413,3,1000,/workspace7/Unity3D/gabriele/Animal-AI/models_arenas/arenas_paper/box_reason_1/c2_0312.yaml,0,0,0,0,0,0.0,0.0
0.0,501,5239.215282,0,3,1000,/workspace7/Unity3D/gabriele/Animal-AI/models_arenas/arenas_paper/box_reason_1/c2_0989.yaml,0,1001,0,0,0,0.50790733,0.0
0.0,501,5261.385874,0,3,1000,/workspace7/Unity3D/gabriele/Animal-AI/models_arenas/arenas_paper/box_reason_1/c2_0532.yaml,0,1001,0,0,0,0.57514834,0.0
0.0,501,5278.741308,0,3,1000,/workspace7/Unity3D/gabriele/Animal-AI/models_arenas/arenas_paper/box_reason_1/c2_0954.yaml,0,1001,0,0,0,0.8103546,0.0
2.996,156,5283.964494,2.996000051498413,3,1000,/workspace7/Unity3D/gabriele/Animal-AI/models_arenas/arenas_paper/box_reason_1/c2_0550.yaml,0,0,0,0,0,0.0,0.0
0.0,501,5304.798547,0,3,1000,/workspace7/Unity3D/gabriele/Animal-AI/models_arenas/arenas_paper/box_reason_1/c2_0558.yaml,0,1001,0,0,0,0.565633,0.0
0.0,501,5321.692369,0,3,1000,/workspace7/Unity3D/gabriele/Animal-AI/models_arenas/arenas_paper/box_reason_1/c2_0049.yaml,0,1001,0,0,0,0.64448583,0.0
0.0,501,5341.864001,0,3,1000,/workspace7/Unity3D/gabriele/Animal-AI/models_arenas/arenas_paper/box_reason_1/c2_0709.yaml,0,1001,0,0,0,0.5740817,0.0
0.0,501,5358.883006,0,3,1000,/workspace7/Unity3D/gabriele/Animal-AI/models_arenas/arenas_paper/box_reason_1/c2_0472.yaml,0,1001,0,0,0,0.9208936,0.0
0.0,501,5379.929603,0,3,1000,/workspace7/Unity3D/gabriele/Animal-AI/models_arenas/arenas_paper/box_reason_1/c2_0124.yaml,0,1001,0,0,0,0.99764305,0.0
0.0,501,5397.345022,0,3,1000,/workspace7/Unity3D/gabriele/Animal-AI/models_arenas/arenas_paper/box_reason_1/c2_0395.yaml,0,1001,0,0,0,0.55807877,0.0
2.996,156,5402.338612,2.996000051498413,3,1000,/workspace7/Unity3D/gabriele/Animal-AI/models_arenas/arenas_paper/box_reason_1/c2_0056.yaml,0,0,0,0,0,0.0,0.0
0.0,501,5423.413338,0,3,1000,/workspace7/Unity3D/gabriele/Animal-AI/models_arenas/arenas_paper/box_reason_1/c2_0720.yaml,0,1001,0,0,0,0.7662754,0.0
0.0,501,5440.580571,0,3,1000,/workspace7/Unity3D/gabriele/Animal-AI/models_arenas/arenas_paper/box_reason_1/c2_0704.yaml,0,1001,0,0,0,0.48338786,0.0
0.0,501,5461.561286,0,3,1000,/workspace7/Unity3D/gabriele/Animal-AI/models_arenas/arenas_paper/box_reason_1/c2_0713.yaml,0,1001,0,0,0,0.9793171,0.0
0.0,501,5478.946979,0,3,1000,/workspace7/Unity3D/gabriele/Animal-AI/models_arenas/arenas_paper/box_reason_1/c2_0178.yaml,0,1001,0,0,0,0.57212687,0.0
0.0,501,5499.347914,0,3,1000,/workspace7/Unity3D/gabriele/Animal-AI/models_arenas/arenas_paper/box_reason_1/c2_0465.yaml,0,1001,0,0,0,0.5509946,0.0
0.0,501,5516.116191,0,3,1000,/workspace7/Unity3D/gabriele/Animal-AI/models_arenas/arenas_paper/box_reason_1/c2_0179.yaml,0,1001,0,0,0,0.7583048,0.0
0.0,501,5536.374256,0,3,1000,/workspace7/Unity3D/gabriele/Animal-AI/models_arenas/arenas_paper/box_reason_1/c2_0512.yaml,0,1001,0,0,0,0.4446618,0.0
0.0,501,5553.150235,0,3,1000,/workspace7/Unity3D/gabriele/Animal-AI/models_arenas/arenas_paper/box_reason_1/c2_0624.yaml,0,1001,0,0,0,0.49842077,0.0
0.0,501,5573.87671,0,3,1000,/workspace7/Unity3D/gabriele/Animal-AI/models_arenas/arenas_paper/box_reason_1/c2_0556.yaml,0,1001,0,0,0,0.48067468,0.0
0.0,501,5590.508696,0,3,1000,/workspace7/Unity3D/gabriele/Animal-AI/models_arenas/arenas_paper/box_reason_1/c2_0823.yaml,0,1001,0,0,0,0.444475,0.0
0.0,501,5610.89196,0,3,1000,/workspace7/Unity3D/gabriele/Animal-AI/models_arenas/arenas_paper/box_reason_1/c2_0600.yaml,0,1001,0,0,0,0.41306493,0.0
0.0,501,5627.355398,0,3,1000,/workspace7/Unity3D/gabriele/Animal-AI/models_arenas/arenas_paper/box_reason_1/c2_0691.yaml,0,1001,0,0,0,0.5366649,0.0
0.0,501,5647.97956,0,3,1000,/workspace7/Unity3D/gabriele/Animal-AI/models_arenas/arenas_paper/box_reason_1/c2_0448.yaml,0,1001,0,0,0,0.79877365,0.0
0.0,501,5665.129187,0,3,1000,/workspace7/Unity3D/gabriele/Animal-AI/models_arenas/arenas_paper/box_reason_1/c2_0953.yaml,0,1001,0,0,0,0.61377794,0.0
2.996,156,5673.850505,2.996000051498413,3,1000,/workspace7/Unity3D/gabriele/Animal-AI/models_arenas/arenas_paper/box_reason_1/c2_0673.yaml,0,0,0,0,0,0.0,0.0
2.996,156,5679.09058,2.996000051498413,3,1000,/workspace7/Unity3D/gabriele/Animal-AI/models_arenas/arenas_paper/box_reason_1/c2_0289.yaml,0,0,0,0,0,0.0,0.0
2.996,156,5684.310075,2.996000051498413,3,1000,/workspace7/Unity3D/gabriele/Animal-AI/models_arenas/arenas_paper/box_reason_1/c2_0334.yaml,0,0,0,0,0,0.0,0.0
0.0,501,5701.78511,0,3,1000,/workspace7/Unity3D/gabriele/Animal-AI/models_arenas/arenas_paper/box_reason_1/c2_0864.yaml,0,1001,0,0,0,1.0550898,0.0
0.0,501,5722.174834,0,3,1000,/workspace7/Unity3D/gabriele/Animal-AI/models_arenas/arenas_paper/box_reason_1/c2_0678.yaml,0,1001,0,0,0,0.62975395,0.0
0.0,501,5738.770684,0,3,1000,/workspace7/Unity3D/gabriele/Animal-AI/models_arenas/arenas_paper/box_reason_1/c2_0151.yaml,0,1001,0,0,0,0.57584095,0.0
0.0,501,5759.67655,0,3,1000,/workspace7/Unity3D/gabriele/Animal-AI/models_arenas/arenas_paper/box_reason_1/c2_0413.yaml,0,1001,0,0,0,0.5888317,0.0
0.0,501,5776.638218,0,3,1000,/workspace7/Unity3D/gabriele/Animal-AI/models_arenas/arenas_paper/box_reason_1/c2_0605.yaml,0,1001,0,0,0,0.5017863,0.0
0.0,501,5797.113388,0,3,1000,/workspace7/Unity3D/gabriele/Animal-AI/models_arenas/arenas_paper/box_reason_1/c2_0182.yaml,0,1001,0,0,0,0.8059111,0.0
0.0,501,5814.583333,0,3,1000,/workspace7/Unity3D/gabriele/Animal-AI/models_arenas/arenas_paper/box_reason_1/c2_0468.yaml,0,1001,0,0,0,0.50626,0.0
2.996,156,5823.349701,2.996000051498413,3,1000,/workspace7/Unity3D/gabriele/Animal-AI/models_arenas/arenas_paper/box_reason_1/c2_0968.yaml,0,0,0,0,0,0.0,0.0
0.0,501,5840.645384,0,3,1000,/workspace7/Unity3D/gabriele/Animal-AI/models_arenas/arenas_paper/box_reason_1/c2_0898.yaml,0,1001,0,0,0,0.7371545,0.0
2.996,156,5845.76773,2.996000051498413,3,1000,/workspace7/Unity3D/gabriele/Animal-AI/models_arenas/arenas_paper/box_reason_1/c2_0228.yaml,0,0,0,0,0,0.0,0.0
0.0,501,5866.16245,0,3,1000,/workspace7/Unity3D/gabriele/Animal-AI/models_arenas/arenas_paper/box_reason_1/c2_0661.yaml,0,1001,0,0,0,0.39729875,0.0
2.996,156,5871.3622,2.996000051498413,3,1000,/workspace7/Unity3D/gabriele/Animal-AI/models_arenas/arenas_paper/box_reason_1/c2_0213.yaml,0,0,0,0,0,0.0,0.0
0.0,501,5888.298625,0,3,1000,/workspace7/Unity3D/gabriele/Animal-AI/models_arenas/arenas_paper/box_reason_1/c2_0259.yaml,0,1001,0,0,0,0.348744,0.0
0.0,501,5908.568796,0,3,1000,/workspace7/Unity3D/gabriele/Animal-AI/models_arenas/arenas_paper/box_reason_1/c2_0299.yaml,0,1001,0,0,0,0.32489955,0.0
2.996,156,5913.759489,2.996000051498413,3,1000,/workspace7/Unity3D/gabriele/Animal-AI/models_arenas/arenas_paper/box_reason_1/c2_0546.yaml,0,0,0,0,0,0.0,0.0
0.0,501,5934.800456,0,3,1000,/workspace7/Unity3D/gabriele/Animal-AI/models_arenas/arenas_paper/box_reason_1/c2_0999.yaml,0,1001,0,0,0,0.31898838,0.0
0.0,501,5952.308289,0,3,1000,/workspace7/Unity3D/gabriele/Animal-AI/models_arenas/arenas_paper/box_reason_1/c2_0876.yaml,0,1001,0,0,0,0.5916585,0.0
0.0,501,5973.065918,0,3,1000,/workspace7/Unity3D/gabriele/Animal-AI/models_arenas/arenas_paper/box_reason_1/c2_0437.yaml,0,1001,0,0,0,0.33982667,0.0
2.996,156,5978.090561,2.996000051498413,3,1000,/workspace7/Unity3D/gabriele/Animal-AI/models_arenas/arenas_paper/box_reason_1/c2_0909.yaml,0,0,0,0,0,0.0,0.0
2.996,156,5983.073242,2.996000051498413,3,1000,/workspace7/Unity3D/gabriele/Animal-AI/models_arenas/arenas_paper/box_reason_1/c2_0283.yaml,0,0,0,0,0,0.0,0.0
2.996,156,5988.285612,2.996000051498413,3,1000,/workspace7/Unity3D/gabriele/Animal-AI/models_arenas/arenas_paper/box_reason_1/c2_0816.yaml,0,0,0,0,0,0.0,0.0
0.0,501,6009.329954,0,3,1000,/workspace7/Unity3D/gabriele/Animal-AI/models_arenas/arenas_paper/box_reason_1/c2_0648.yaml,0,1001,0,0,0,0.48836946,0.0
0.0,501,6026.107937,0,3,1000,/workspace7/Unity3D/gabriele/Animal-AI/models_arenas/arenas_paper/box_reason_1/c2_0761.yaml,0,1001,0,0,0,0.94854075,0.0
0.0,501,6046.543342,0,3,1000,/workspace7/Unity3D/gabriele/Animal-AI/models_arenas/arenas_paper/box_reason_1/c2_0294.yaml,0,1001,0,0,0,0.49548855,0.0
0.0,501,6063.488156,0,3,1000,/workspace7/Unity3D/gabriele/Animal-AI/models_arenas/arenas_paper/box_reason_1/c2_0941.yaml,0,1001,0,0,0,0.47870898,0.0
0.0,501,6084.162831,0,3,1000,/workspace7/Unity3D/gabriele/Animal-AI/models_arenas/arenas_paper/box_reason_1/c2_0584.yaml,0,1001,0,0,0,0.45219886,0.0
2.996,156,6089.336557,2.996000051498413,3,1000,/workspace7/Unity3D/gabriele/Animal-AI/models_arenas/arenas_paper/box_reason_1/c2_0453.yaml,0,0,0,0,0,0.0,0.0
0.0,501,6106.755338,0,3,1000,/workspace7/Unity3D/gabriele/Animal-AI/models_arenas/arenas_paper/box_reason_1/c2_0856.yaml,0,1001,0,0,0,0.83786434,0.0
0.0,501,6127.513024,0,3,1000,/workspace7/Unity3D/gabriele/Animal-AI/models_arenas/arenas_paper/box_reason_1/c2_0633.yaml,0,1001,0,0,0,0.8782445,0.0
0.0,501,6144.996328,0,3,1000,/workspace7/Unity3D/gabriele/Animal-AI/models_arenas/arenas_paper/box_reason_1/c2_0808.yaml,0,1001,0,0,0,0.4791821,0.0
0.0,501,6165.507499,0,3,1000,/workspace7/Unity3D/gabriele/Animal-AI/models_arenas/arenas_paper/box_reason_1/c2_0103.yaml,0,1001,0,0,0,0.6122325,0.0
0.0,501,6182.439394,0,3,1000,/workspace7/Unity3D/gabriele/Animal-AI/models_arenas/arenas_paper/box_reason_1/c2_0826.yaml,0,1001,0,0,0,0.50606483,0.0
0.0,501,6203.49462,0,3,1000,/workspace7/Unity3D/gabriele/Animal-AI/models_arenas/arenas_paper/box_reason_1/c2_0249.yaml,0,1001,0,0,0,0.43704638,0.0
0.0,501,6221.074539,0,3,1000,/workspace7/Unity3D/gabriele/Animal-AI/models_arenas/arenas_paper/box_reason_1/c2_0040.yaml,0,1001,0,0,0,0.5902169,0.0
0.0,501,6242.034678,0,3,1000,/workspace7/Unity3D/gabriele/Animal-AI/models_arenas/arenas_paper/box_reason_1/c2_0226.yaml,0,1001,0,0,0,0.75517267,0.0
0.0,501,6259.436164,0,3,1000,/workspace7/Unity3D/gabriele/Animal-AI/models_arenas/arenas_paper/box_reason_1/c2_0952.yaml,0,1001,0,0,0,0.7779562,0.0
0.0,501,6280.660469,0,3,1000,/workspace7/Unity3D/gabriele/Animal-AI/models_arenas/arenas_paper/box_reason_1/c2_0357.yaml,0,1001,0,0,0,1.0768958,0.0
0.0,501,6297.987574,0,3,1000,/workspace7/Unity3D/gabriele/Animal-AI/models_arenas/arenas_paper/box_reason_1/c2_0887.yaml,0,1001,0,0,0,0.49870422,0.0
0.0,501,6318.679783,0,3,1000,/workspace7/Unity3D/gabriele/Animal-AI/models_arenas/arenas_paper/box_reason_1/c2_0490.yaml,0,1001,0,0,0,0.42107302,0.0
0.0,501,6335.975952,0,3,1000,/workspace7/Unity3D/gabriele/Animal-AI/models_arenas/arenas_paper/box_reason_1/c2_0973.yaml,0,1001,0,0,0,0.42321184,0.0
0.0,501,6357.11447,0,3,1000,/workspace7/Unity3D/gabriele/Animal-AI/models_arenas/arenas_paper/box_reason_1/c2_0926.yaml,0,1001,0,0,0,0.3513966,0.0
0.0,501,6374.56755,0,3,1000,/workspace7/Unity3D/gabriele/Animal-AI/models_arenas/arenas_paper/box_reason_1/c2_0585.yaml,0,1001,0,0,0,0.32488343,0.0
0.0,501,6395.514475,0,3,1000,/workspace7/Unity3D/gabriele/Animal-AI/models_arenas/arenas_paper/box_reason_1/c2_0282.yaml,0,1001,0,0,0,0.4042713,0.0
0.0,501,6412.657613,0,3,1000,/workspace7/Unity3D/gabriele/Animal-AI/models_arenas/arenas_paper/box_reason_1/c2_0088.yaml,0,1001,0,0,0,0.6960151,0.0
0.0,501,6433.629532,0,3,1000,/workspace7/Unity3D/gabriele/Animal-AI/models_arenas/arenas_paper/box_reason_1/c2_0843.yaml,0,1001,0,0,0,0.34355202,0.0
0.0,501,6450.902772,0,3,1000,/workspace7/Unity3D/gabriele/Animal-AI/models_arenas/arenas_paper/box_reason_1/c2_0813.yaml,0,1001,0,0,0,0.3949341,0.0
0.0,501,6471.372233,0,3,1000,/workspace7/Unity3D/gabriele/Animal-AI/models_arenas/arenas_paper/box_reason_1/c2_0394.yaml,0,1001,0,0,0,0.4611153,0.0
0.0,501,6487.751632,0,3,1000,/workspace7/Unity3D/gabriele/Animal-AI/models_arenas/arenas_paper/box_reason_1/c2_0320.yaml,0,1001,0,0,0,0.48743492,0.0
0.0,501,6508.280453,0,3,1000,/workspace7/Unity3D/gabriele/Animal-AI/models_arenas/arenas_paper/box_reason_1/c2_0385.yaml,0,1001,0,0,0,0.51524246,0.0
0.0,501,6525.336693,0,3,1000,/workspace7/Unity3D/gabriele/Animal-AI/models_arenas/arenas_paper/box_reason_1/c2_0975.yaml,0,1001,0,0,0,0.47166416,0.0
0.0,501,6546.03523,0,3,1000,/workspace7/Unity3D/gabriele/Animal-AI/models_arenas/arenas_paper/box_reason_1/c2_0458.yaml,0,1001,0,0,0,0.44522327,0.0
0.0,501,6562.677866,0,3,1000,/workspace7/Unity3D/gabriele/Animal-AI/models_arenas/arenas_paper/box_reason_1/c2_0339.yaml,0,1001,0,0,0,0.58328176,0.0
0.0,501,6582.988353,0,3,1000,/workspace7/Unity3D/gabriele/Animal-AI/models_arenas/arenas_paper/box_reason_1/c2_0372.yaml,0,1001,0,0,0,0.48617682,0.0
0.0,501,6600.240954,0,3,1000,/workspace7/Unity3D/gabriele/Animal-AI/models_arenas/arenas_paper/box_reason_1/c2_0598.yaml,0,1001,0,0,0,0.6396148,0.0
0.0,501,6621.119394,0,3,1000,/workspace7/Unity3D/gabriele/Animal-AI/models_arenas/arenas_paper/box_reason_1/c2_0228.yaml,0,1001,0,0,0,0.587684,0.0
0.0,501,6638.17587,0,3,1000,/workspace7/Unity3D/gabriele/Animal-AI/models_arenas/arenas_paper/box_reason_1/c2_0346.yaml,0,1001,0,0,0,0.45596734,0.0
2.996,156,6643.258436,2.996000051498413,3,1000,/workspace7/Unity3D/gabriele/Animal-AI/models_arenas/arenas_paper/box_reason_1/c2_0374.yaml,0,0,0,0,0,0.0,0.0
0.0,501,6664.204401,0,3,1000,/workspace7/Unity3D/gabriele/Animal-AI/models_arenas/arenas_paper/box_reason_1/c2_0872.yaml,0,1001,0,0,0,0.45565447,0.0
2.996,156,6669.408097,2.996000051498413,3,1000,/workspace7/Unity3D/gabriele/Animal-AI/models_arenas/arenas_paper/box_reason_1/c2_0250.yaml,0,0,0,0,0,0.0,0.0
0.0,501,6690.248289,0,3,1000,/workspace7/Unity3D/gabriele/Animal-AI/models_arenas/arenas_paper/box_reason_1/c2_0948.yaml,0,1001,0,0,0,0.39356095,0.0
0.0,501,6707.354797,0,3,1000,/workspace7/Unity3D/gabriele/Animal-AI/models_arenas/arenas_paper/box_reason_1/c2_0269.yaml,0,1001,0,0,0,0.420496,0.0
0.0,501,6728.331727,0,3,1000,/workspace7/Unity3D/gabriele/Animal-AI/models_arenas/arenas_paper/box_reason_1/c2_0304.yaml,0,1001,0,0,0,0.38657594,0.0
0.0,501,6745.403777,0,3,1000,/workspace7/Unity3D/gabriele/Animal-AI/models_arenas/arenas_paper/box_reason_1/c2_0801.yaml,0,1001,0,0,0,0.3295117,0.0
0.0,501,6766.15919,0,3,1000,/workspace7/Unity3D/gabriele/Animal-AI/models_arenas/arenas_paper/box_reason_1/c2_0572.yaml,0,1001,0,0,0,0.28644538,0.0
0.0,501,6783.048681,0,3,1000,/workspace7/Unity3D/gabriele/Animal-AI/models_arenas/arenas_paper/box_reason_1/c2_0220.yaml,0,1001,0,0,0,0.36424717,0.0
0.0,501,6803.7133,0,3,1000,/workspace7/Unity3D/gabriele/Animal-AI/models_arenas/arenas_paper/box_reason_1/c2_0469.yaml,0,1001,0,0,0,0.29581538,0.0
0.0,501,6821.136482,0,3,1000,/workspace7/Unity3D/gabriele/Animal-AI/models_arenas/arenas_paper/box_reason_1/c2_0273.yaml,0,1001,0,0,0,0.30321035,0.0
2.996,156,6826.168047,2.996000051498413,3,1000,/workspace7/Unity3D/gabriele/Animal-AI/models_arenas/arenas_paper/box_reason_1/c2_0474.yaml,0,0,0,0,0,0.0,0.0
0.0,501,6847.03869,0,3,1000,/workspace7/Unity3D/gabriele/Animal-AI/models_arenas/arenas_paper/box_reason_1/c2_0854.yaml,0,1001,0,0,0,0.33296755,0.0
0.0,501,6863.83563,0,3,1000,/workspace7/Unity3D/gabriele/Animal-AI/models_arenas/arenas_paper/box_reason_1/c2_0690.yaml,0,1001,0,0,0,0.5050818,0.0
0.0,501,6884.643276,0,3,1000,/workspace7/Unity3D/gabriele/Animal-AI/models_arenas/arenas_paper/box_reason_1/c2_0785.yaml,0,1001,0,0,0,0.4235099,0.0
0.0,501,6901.440326,0,3,1000,/workspace7/Unity3D/gabriele/Animal-AI/models_arenas/arenas_paper/box_reason_1/c2_0821.yaml,0,1001,0,0,0,0.2555239,0.0
0.0,501,6921.967985,0,3,1000,/workspace7/Unity3D/gabriele/Animal-AI/models_arenas/arenas_paper/box_reason_1/c2_0110.yaml,0,1001,0,0,0,0.41145232,0.0
0.0,501,6938.35939,0,3,1000,/workspace7/Unity3D/gabriele/Animal-AI/models_arenas/arenas_paper/box_reason_1/c2_0112.yaml,0,1001,0,0,0,0.4794863,0.0
0.0,501,6959.048804,0,3,1000,/workspace7/Unity3D/gabriele/Animal-AI/models_arenas/arenas_paper/box_reason_1/c2_0652.yaml,0,1001,0,0,0,0.73060375,0.0
2.996,156,6964.251795,2.996000051498413,3,1000,/workspace7/Unity3D/gabriele/Animal-AI/models_arenas/arenas_paper/box_reason_1/c2_0723.yaml,0,0,0,0,0,0.0,0.0
0.0,501,6981.675109,0,3,1000,/workspace7/Unity3D/gabriele/Animal-AI/models_arenas/arenas_paper/box_reason_1/c2_0336.yaml,0,1001,0,0,0,1.4476433,0.0
0.0,501,7002.585743,0,3,1000,/workspace7/Unity3D/gabriele/Animal-AI/models_arenas/arenas_paper/box_reason_1/c2_0394.yaml,0,1001,0,0,0,0.4681256,0.0
0.0,501,7018.90161,0,3,1000,/workspace7/Unity3D/gabriele/Animal-AI/models_arenas/arenas_paper/box_reason_1/c2_0835.yaml,0,1001,0,0,0,0.41128805,0.0
0.0,501,7039.573969,0,3,1000,/workspace7/Unity3D/gabriele/Animal-AI/models_arenas/arenas_paper/box_reason_1/c2_0838.yaml,0,1001,0,0,0,0.56339306,0.0
0.0,501,7056.942487,0,3,1000,/workspace7/Unity3D/gabriele/Animal-AI/models_arenas/arenas_paper/box_reason_1/c2_0420.yaml,0,1001,0,0,0,0.23092026,0.0
0.0,501,7078.541875,0,3,1000,/workspace7/Unity3D/gabriele/Animal-AI/models_arenas/arenas_paper/box_reason_1/c2_0777.yaml,0,1001,0,0,0,0.39949897,0.0
0.0,501,7095.25259,0,3,1000,/workspace7/Unity3D/gabriele/Animal-AI/models_arenas/arenas_paper/box_reason_1/c2_0251.yaml,0,1001,0,0,0,0.33064887,0.0
0.0,501,7115.84341,0,3,1000,/workspace7/Unity3D/gabriele/Animal-AI/models_arenas/arenas_paper/box_reason_1/c2_0542.yaml,0,1001,0,0,0,0.396683,0.0
0.0,501,7131.844795,0,3,1000,/workspace7/Unity3D/gabriele/Animal-AI/models_arenas/arenas_paper/box_reason_1/c2_0483.yaml,0,1001,0,0,0,0.42643455,0.0
0.0,501,7152.314224,0,3,1000,/workspace7/Unity3D/gabriele/Animal-AI/models_arenas/arenas_paper/box_reason_1/c2_0404.yaml,0,1001,0,0,0,0.4255545,0.0
0.0,501,7169.704997,0,3,1000,/workspace7/Unity3D/gabriele/Animal-AI/models_arenas/arenas_paper/box_reason_1/c2_0539.yaml,0,1001,0,0,0,0.4679023,0.0
0.0,501,7190.565424,0,3,1000,/workspace7/Unity3D/gabriele/Animal-AI/models_arenas/arenas_paper/box_reason_1/c2_0565.yaml,0,1001,0,0,0,0.3679155,0.0
0.0,501,7207.651056,0,3,1000,/workspace7/Unity3D/gabriele/Animal-AI/models_arenas/arenas_paper/box_reason_1/c2_0406.yaml,0,1001,0,0,0,0.45096666,0.0
0.0,501,7228.536121,0,3,1000,/workspace7/Unity3D/gabriele/Animal-AI/models_arenas/arenas_paper/box_reason_1/c2_0203.yaml,0,1001,0,0,0,0.2948817,0.0
0.0,501,7245.786777,0,3,1000,/workspace7/Unity3D/gabriele/Animal-AI/models_arenas/arenas_paper/box_reason_1/c2_0765.yaml,0,1001,0,0,0,0.43466952,0.0
0.0,501,7266.573659,0,3,1000,/workspace7/Unity3D/gabriele/Animal-AI/models_arenas/arenas_paper/box_reason_1/c2_0464.yaml,0,1001,0,0,0,0.40936983,0.0
0.0,501,7283.922277,0,3,1000,/workspace7/Unity3D/gabriele/Animal-AI/models_arenas/arenas_paper/box_reason_1/c2_0821.yaml,0,1001,0,0,0,0.39715126,0.0
0.0,501,7304.563277,0,3,1000,/workspace7/Unity3D/gabriele/Animal-AI/models_arenas/arenas_paper/box_reason_1/c2_0884.yaml,0,1001,0,0,0,0.2341095,0.0
0.0,501,7321.406063,0,3,1000,/workspace7/Unity3D/gabriele/Animal-AI/models_arenas/arenas_paper/box_reason_1/c2_0474.yaml,0,1001,0,0,0,0.21557413,0.0
0.0,501,7341.214547,0,3,1000,/workspace7/Unity3D/gabriele/Animal-AI/models_arenas/arenas_paper/box_reason_1/c2_0210.yaml,0,1001,0,0,0,0.1424777,0.0
0.0,501,7357.703143,0,3,1000,/workspace7/Unity3D/gabriele/Animal-AI/models_arenas/arenas_paper/box_reason_1/c2_0977.yaml,0,1001,0,0,0,0.28636205,0.0
0.0,501,7378.56742,0,3,1000,/workspace7/Unity3D/gabriele/Animal-AI/models_arenas/arenas_paper/box_reason_1/c2_0963.yaml,0,1001,0,0,0,0.27404866,0.0
0.0,501,7395.681118,0,3,1000,/workspace7/Unity3D/gabriele/Animal-AI/models_arenas/arenas_paper/box_reason_1/c2_0906.yaml,0,1001,0,0,0,0.32530302,0.0
0.0,501,7415.839526,0,3,1000,/workspace7/Unity3D/gabriele/Animal-AI/models_arenas/arenas_paper/box_reason_1/c2_0596.yaml,0,1001,0,0,0,0.35977596,0.0
0.0,501,7431.934891,0,3,1000,/workspace7/Unity3D/gabriele/Animal-AI/models_arenas/arenas_paper/box_reason_1/c2_0338.yaml,0,1001,0,0,0,0.33397958,0.0
0.0,501,7452.227322,0,3,1000,/workspace7/Unity3D/gabriele/Animal-AI/models_arenas/arenas_paper/box_reason_1/c2_0963.yaml,0,1001,0,0,0,0.34775814,0.0
2.996,156,7456.898268,2.996000051498413,3,1000,/workspace7/Unity3D/gabriele/Animal-AI/models_arenas/arenas_paper/box_reason_1/c2_0703.yaml,0,0,0,0,0,0.0,0.0
0.0,501,7477.18493,0,3,1000,/workspace7/Unity3D/gabriele/Animal-AI/models_arenas/arenas_paper/box_reason_1/c2_0487.yaml,0,1001,0,0,0,0.5734449,0.0
0.0,501,7494.554252,0,3,1000,/workspace7/Unity3D/gabriele/Animal-AI/models_arenas/arenas_paper/box_reason_1/c2_0649.yaml,0,1001,0,0,0,0.6539101,0.0
0.0,501,7515.088542,0,3,1000,/workspace7/Unity3D/gabriele/Animal-AI/models_arenas/arenas_paper/box_reason_1/c2_0226.yaml,0,1001,0,0,0,0.80756515,0.0
0.0,501,7532.131995,0,3,1000,/workspace7/Unity3D/gabriele/Animal-AI/models_arenas/arenas_paper/box_reason_1/c2_0395.yaml,0,1001,0,0,0,0.29698664,0.0
0.0,501,7552.440369,0,3,1000,/workspace7/Unity3D/gabriele/Animal-AI/models_arenas/arenas_paper/box_reason_1/c2_0888.yaml,0,1001,0,0,0,0.2789036,0.0
0.0,501,7569.244541,0,3,1000,/workspace7/Unity3D/gabriele/Animal-AI/models_arenas/arenas_paper/box_reason_1/c2_0574.yaml,0,1001,0,0,0,0.30174315,0.0
0.0,501,7590.196219,0,3,1000,/workspace7/Unity3D/gabriele/Animal-AI/models_arenas/arenas_paper/box_reason_1/c2_0642.yaml,0,1001,0,0,0,0.3595332,0.0
0.0,501,7606.964525,0,3,1000,/workspace7/Unity3D/gabriele/Animal-AI/models_arenas/arenas_paper/box_reason_1/c2_0620.yaml,0,1001,0,0,0,0.30730245,0.0
0.0,501,7627.345777,0,3,1000,/workspace7/Unity3D/gabriele/Animal-AI/models_arenas/arenas_paper/box_reason_1/c2_0636.yaml,0,1001,0,0,0,0.4138842,0.0
0.0,501,7644.506537,0,3,1000,/workspace7/Unity3D/gabriele/Animal-AI/models_arenas/arenas_paper/box_reason_1/c2_0894.yaml,0,1001,0,0,0,0.2951018,0.0
0.0,501,7664.764391,0,3,1000,/workspace7/Unity3D/gabriele/Animal-AI/models_arenas/arenas_paper/box_reason_1/c2_0151.yaml,0,1001,0,0,0,0.3629218,0.0
0.0,501,7681.600043,0,3,1000,/workspace7/Unity3D/gabriele/Animal-AI/models_arenas/arenas_paper/box_reason_1/c2_0901.yaml,0,1001,0,0,0,0.25666815,0.0
0.0,501,7701.798376,0,3,1000,/workspace7/Unity3D/gabriele/Animal-AI/models_arenas/arenas_paper/box_reason_1/c2_0650.yaml,0,1001,0,0,0,0.93185693,0.0
0.0,501,7718.938495,0,3,1000,/workspace7/Unity3D/gabriele/Animal-AI/models_arenas/arenas_paper/box_reason_1/c2_0566.yaml,0,1001,0,0,0,0.6866288,0.0
0.0,501,7739.050239,0,3,1000,/workspace7/Unity3D/gabriele/Animal-AI/models_arenas/arenas_paper/box_reason_1/c2_0109.yaml,0,1001,0,0,0,0.43175775,0.0
0.0,501,7756.12089,0,3,1000,/workspace7/Unity3D/gabriele/Animal-AI/models_arenas/arenas_paper/box_reason_1/c2_0507.yaml,0,1001,0,0,0,0.3140881,0.0
0.0,501,7776.34868,0,3,1000,/workspace7/Unity3D/gabriele/Animal-AI/models_arenas/arenas_paper/box_reason_1/c2_0103.yaml,0,1001,0,0,0,0.44088152,0.0
0.0,501,7793.27166,0,3,1000,/workspace7/Unity3D/gabriele/Animal-AI/models_arenas/arenas_paper/box_reason_1/c2_0124.yaml,0,1001,0,0,0,0.40907755,0.0
2.996,156,7798.25274,2.996000051498413,3,1000,/workspace7/Unity3D/gabriele/Animal-AI/models_arenas/arenas_paper/box_reason_1/c2_0990.yaml,0,0,0,0,0,0.0,0.0
0.0,501,7819.234057,0,3,1000,/workspace7/Unity3D/gabriele/Animal-AI/models_arenas/arenas_paper/box_reason_1/c2_0480.yaml,0,1001,0,0,0,0.31488895,0.0
0.0,501,7836.759998,0,3,1000,/workspace7/Unity3D/gabriele/Animal-AI/models_arenas/arenas_paper/box_reason_1/c2_0383.yaml,0,1001,0,0,0,0.9927288,0.0
0.0,501,7857.770372,0,3,1000,/workspace7/Unity3D/gabriele/Animal-AI/models_arenas/arenas_paper/box_reason_1/c2_0420.yaml,0,1001,0,0,0,0.31724232,0.0
0.0,501,7874.638082,0,3,1000,/workspace7/Unity3D/gabriele/Animal-AI/models_arenas/arenas_paper/box_reason_1/c2_0029.yaml,0,1001,0,0,0,0.28106785,0.0
0.0,501,7895.437922,0,3,1000,/workspace7/Unity3D/gabriele/Animal-AI/models_arenas/arenas_paper/box_reason_1/c2_0748.yaml,0,1001,0,0,0,0.39397657,0.0
2.996,156,7900.638196,2.996000051498413,3,1000,/workspace7/Unity3D/gabriele/Animal-AI/models_arenas/arenas_paper/box_reason_1/c2_0046.yaml,0,0,0,0,0,0.0,0.0
0.0,501,7918.091807,0,3,1000,/workspace7/Unity3D/gabriele/Animal-AI/models_arenas/arenas_paper/box_reason_1/c2_0325.yaml,0,1001,0,0,0,0.23354274,0.0
0.0,501,7938.46192,0,3,1000,/workspace7/Unity3D/gabriele/Animal-AI/models_arenas/arenas_paper/box_reason_1/c2_0764.yaml,0,1001,0,0,0,0.21979815,0.0
0.0,501,7955.880082,0,3,1000,/workspace7/Unity3D/gabriele/Animal-AI/models_arenas/arenas_paper/box_reason_1/c2_0198.yaml,0,1001,0,0,0,0.2276444,0.0
0.0,501,7976.439981,0,3,1000,/workspace7/Unity3D/gabriele/Animal-AI/models_arenas/arenas_paper/box_reason_1/c2_0586.yaml,0,1001,0,0,0,0.3078641,0.0
0.0,501,7993.845299,0,3,1000,/workspace7/Unity3D/gabriele/Animal-AI/models_arenas/arenas_paper/box_reason_1/c2_0397.yaml,0,1001,0,0,0,0.2559358,0.0
0.0,501,8014.679438,0,3,1000,/workspace7/Unity3D/gabriele/Animal-AI/models_arenas/arenas_paper/box_reason_1/c2_0416.yaml,0,1001,0,0,0,0.334797,0.0
0.0,501,8031.667562,0,3,1000,/workspace7/Unity3D/gabriele/Animal-AI/models_arenas/arenas_paper/box_reason_1/c2_0420.yaml,0,1001,0,0,0,0.15408584,0.0
0.0,501,8052.469934,0,3,1000,/workspace7/Unity3D/gabriele/Animal-AI/models_arenas/arenas_paper/box_reason_1/c2_0641.yaml,0,1001,0,0,0,0.15740226,0.0
0.0,501,8069.708632,0,3,1000,/workspace7/Unity3D/gabriele/Animal-AI/models_arenas/arenas_paper/box_reason_1/c2_0549.yaml,0,1001,0,0,0,0.26070985,0.0
0.0,501,8090.364208,0,3,1000,/workspace7/Unity3D/gabriele/Animal-AI/models_arenas/arenas_paper/box_reason_1/c2_0115.yaml,0,1001,0,0,0,0.54706776,0.0
0.0,501,8107.201916,0,3,1000,/workspace7/Unity3D/gabriele/Animal-AI/models_arenas/arenas_paper/box_reason_1/c2_0928.yaml,0,1001,0,0,0,0.24547116,0.0
2.996,156,8115.901838,2.996000051498413,3,1000,/workspace7/Unity3D/gabriele/Animal-AI/models_arenas/arenas_paper/box_reason_1/c2_0964.yaml,0,0,0,0,0,0.0,0.0
0.0,501,8133.018888,0,3,1000,/workspace7/Unity3D/gabriele/Animal-AI/models_arenas/arenas_paper/box_reason_1/c2_0838.yaml,0,1001,0,0,0,0.15457371,0.0
0.0,501,8153.865908,0,3,1000,/workspace7/Unity3D/gabriele/Animal-AI/models_arenas/arenas_paper/box_reason_1/c2_0916.yaml,0,1001,0,0,0,0.31091267,0.0
0.0,501,8171.152849,0,3,1000,/workspace7/Unity3D/gabriele/Animal-AI/models_arenas/arenas_paper/box_reason_1/c2_0383.yaml,0,1001,0,0,0,1.0769154,0.0
0.0,501,8191.697105,0,3,1000,/workspace7/Unity3D/gabriele/Animal-AI/models_arenas/arenas_paper/box_reason_1/c2_0188.yaml,0,1001,0,0,0,0.5914762,0.0
0.0,501,8208.356287,0,3,1000,/workspace7/Unity3D/gabriele/Animal-AI/models_arenas/arenas_paper/box_reason_1/c2_0365.yaml,0,1001,0,0,0,0.3661516,0.0
0.0,501,8228.967022,0,3,1000,/workspace7/Unity3D/gabriele/Animal-AI/models_arenas/arenas_paper/box_reason_1/c2_0374.yaml,0,1001,0,0,0,0.21992747,0.0
0.0,501,8245.043204,0,3,1000,/workspace7/Unity3D/gabriele/Animal-AI/models_arenas/arenas_paper/box_reason_1/c2_0382.yaml,0,1001,0,0,0,0.45457587,0.0
0.0,501,8265.634425,0,3,1000,/workspace7/Unity3D/gabriele/Animal-AI/models_arenas/arenas_paper/box_reason_1/c2_0558.yaml,0,1001,0,0,0,0.31212845,0.0
0.0,501,8282.448756,0,3,1000,/workspace7/Unity3D/gabriele/Animal-AI/models_arenas/arenas_paper/box_reason_1/c2_0390.yaml,0,1001,0,0,0,1.1039538,0.0
0.0,501,8303.44411,0,3,1000,/workspace7/Unity3D/gabriele/Animal-AI/models_arenas/arenas_paper/box_reason_1/c2_0841.yaml,0,1001,0,0,0,0.4838491,0.0
0.0,501,8320.728716,0,3,1000,/workspace7/Unity3D/gabriele/Animal-AI/models_arenas/arenas_paper/box_reason_1/c2_0844.yaml,0,1001,0,0,0,0.36990845,0.0
2.996,156,8325.940815,2.996000051498413,3,1000,/workspace7/Unity3D/gabriele/Animal-AI/models_arenas/arenas_paper/box_reason_1/c2_0635.yaml,0,0,0,0,0,0.0,0.0
0.0,501,8346.453919,0,3,1000,/workspace7/Unity3D/gabriele/Animal-AI/models_arenas/arenas_paper/box_reason_1/c2_0240.yaml,0,1001,0,0,0,0.4596523,0.0
0.0,501,8363.278534,0,3,1000,/workspace7/Unity3D/gabriele/Animal-AI/models_arenas/arenas_paper/box_reason_1/c2_0021.yaml,0,1001,0,0,0,0.33722827,0.0
0.0,501,8383.682038,0,3,1000,/workspace7/Unity3D/gabriele/Animal-AI/models_arenas/arenas_paper/box_reason_1/c2_0529.yaml,0,1001,0,0,0,0.80802184,0.0
2.996,156,8388.786236,2.996000051498413,3,1000,/workspace7/Unity3D/gabriele/Animal-AI/models_arenas/arenas_paper/box_reason_1/c2_0460.yaml,0,0,0,0,0,0.0,0.0
0.0,501,8405.984018,0,3,1000,/workspace7/Unity3D/gabriele/Animal-AI/models_arenas/arenas_paper/box_reason_1/c2_0202.yaml,0,1001,0,0,0,0.55969995,0.0
0.0,501,8426.332335,0,3,1000,/workspace7/Unity3D/gabriele/Animal-AI/models_arenas/arenas_paper/box_reason_1/c2_0974.yaml,0,1001,0,0,0,0.71788245,0.0
0.0,501,8443.476209,0,3,1000,/workspace7/Unity3D/gabriele/Animal-AI/models_arenas/arenas_paper/box_reason_1/c2_0138.yaml,0,1001,0,0,0,0.2772641,0.0
0.0,501,8463.692078,0,3,1000,/workspace7/Unity3D/gabriele/Animal-AI/models_arenas/arenas_paper/box_reason_1/c2_0832.yaml,0,1001,0,0,0,0.346351,0.0
0.0,501,8480.833065,0,3,1000,/workspace7/Unity3D/gabriele/Animal-AI/models_arenas/arenas_paper/box_reason_1/c2_0164.yaml,0,1001,0,0,0,0.32452604,0.0
0.0,501,8501.219741,0,3,1000,/workspace7/Unity3D/gabriele/Animal-AI/models_arenas/arenas_paper/box_reason_1/c2_0625.yaml,0,1001,0,0,0,0.31248975,0.0
0.0,501,8518.252361,0,3,1000,/workspace7/Unity3D/gabriele/Animal-AI/models_arenas/arenas_paper/box_reason_1/c2_0006.yaml,0,1001,0,0,0,0.4807446,0.0
0.0,501,8538.883685,0,3,1000,/workspace7/Unity3D/gabriele/Animal-AI/models_arenas/arenas_paper/box_reason_1/c2_0732.yaml,0,1001,0,0,0,0.53648573,0.0
2.996,156,8544.023563,2.996000051498413,3,1000,/workspace7/Unity3D/gabriele/Animal-AI/models_arenas/arenas_paper/box_reason_1/c2_0928.yaml,0,0,0,0,0,0.0,0.0
0.0,501,8564.362846,0,3,1000,/workspace7/Unity3D/gabriele/Animal-AI/models_arenas/arenas_paper/box_reason_1/c2_0775.yaml,0,1001,0,0,0,0.34784588,0.0
0.0,501,8581.726024,0,3,1000,/workspace7/Unity3D/gabriele/Animal-AI/models_arenas/arenas_paper/box_reason_1/c2_0188.yaml,0,1001,0,0,0,0.40467376,0.0
0.0,501,8602.133807,0,3,1000,/workspace7/Unity3D/gabriele/Animal-AI/models_arenas/arenas_paper/box_reason_1/c2_0729.yaml,0,1001,0,0,0,0.31810424,0.0
2.996,156,8607.109714,2.996000051498413,3,1000,/workspace7/Unity3D/gabriele/Animal-AI/models_arenas/arenas_paper/box_reason_1/c2_0973.yaml,0,0,0,0,0,0.0,0.0
0.0,501,8624.255262,0,3,1000,/workspace7/Unity3D/gabriele/Animal-AI/models_arenas/arenas_paper/box_reason_1/c2_0801.yaml,0,1001,0,0,0,0.24382457,0.0
2.996,156,8629.518937,2.996000051498413,3,1000,/workspace7/Unity3D/gabriele/Animal-AI/models_arenas/arenas_paper/box_reason_1/c2_0330.yaml,0,0,0,0,0,0.0,0.0
0.0,501,8650.345899,0,3,1000,/workspace7/Unity3D/gabriele/Animal-AI/models_arenas/arenas_paper/box_reason_1/c2_0449.yaml,0,1001,0,0,0,0.6049624,0.0
0.0,501,8667.43131,0,3,1000,/workspace7/Unity3D/gabriele/Animal-AI/models_arenas/arenas_paper/box_reason_1/c2_0037.yaml,0,1001,0,0,0,0.27896294,0.0
0.0,501,8687.878985,0,3,1000,/workspace7/Unity3D/gabriele/Animal-AI/models_arenas/arenas_paper/box_reason_1/c2_0787.yaml,0,1001,0,0,0,0.17911224,0.0
0.0,501,8705.119542,0,3,1000,/workspace7/Unity3D/gabriele/Animal-AI/models_arenas/arenas_paper/box_reason_1/c2_0810.yaml,0,1001,0,0,0,0.41661897,0.0
0.0,501,8725.762619,0,3,1000,/workspace7/Unity3D/gabriele/Animal-AI/models_arenas/arenas_paper/box_reason_1/c2_0597.yaml,0,1001,0,0,0,0.38825712,0.0
2.996,156,8730.899276,2.996000051498413,3,1000,/workspace7/Unity3D/gabriele/Animal-AI/models_arenas/arenas_paper/box_reason_1/c2_0275.yaml,0,0,0,0,0,0.0,0.0
0.0,501,8751.072289,0,3,1000,/workspace7/Unity3D/gabriele/Animal-AI/models_arenas/arenas_paper/box_reason_1/c2_0627.yaml,0,1001,0,0,0,0.27363452,0.0
0.0,501,8768.144866,0,3,1000,/workspace7/Unity3D/gabriele/Animal-AI/models_arenas/arenas_paper/box_reason_1/c2_0088.yaml,0,1001,0,0,0,0.34566775,0.0
0.0,501,8788.536817,0,3,1000,/workspace7/Unity3D/gabriele/Animal-AI/models_arenas/arenas_paper/box_reason_1/c2_0882.yaml,0,1001,0,0,0,0.44013178,0.0
0.0,501,8805.591684,0,3,1000,/workspace7/Unity3D/gabriele/Animal-AI/models_arenas/arenas_paper/box_reason_1/c2_0244.yaml,0,1001,0,0,0,0.20182337,0.0
0.0,501,8826.201255,0,3,1000,/workspace7/Unity3D/gabriele/Animal-AI/models_arenas/arenas_paper/box_reason_1/c2_0827.yaml,0,1001,0,0,0,0.17703056,0.0
0.0,501,8843.26264,0,3,1000,/workspace7/Unity3D/gabriele/Animal-AI/models_arenas/arenas_paper/box_reason_1/c2_0737.yaml,0,1001,0,0,0,0.26561603,0.0
0.0,501,8864.831383,0,3,1000,/workspace7/Unity3D/gabriele/Animal-AI/models_arenas/arenas_paper/box_reason_1/c2_0342.yaml,0,1001,0,0,0,0.4575895,0.0
0.0,501,8881.970391,0,3,1000,/workspace7/Unity3D/gabriele/Animal-AI/models_arenas/arenas_paper/box_reason_1/c2_0271.yaml,0,1001,0,0,0,0.5768944,0.0
0.0,501,8902.457345,0,3,1000,/workspace7/Unity3D/gabriele/Animal-AI/models_arenas/arenas_paper/box_reason_1/c2_0594.yaml,0,1001,0,0,0,0.21777141,0.0
0.0,501,8919.494087,0,3,1000,/workspace7/Unity3D/gabriele/Animal-AI/models_arenas/arenas_paper/box_reason_1/c2_0460.yaml,0,1001,0,0,0,0.23703872,0.0
0.0,501,8939.869779,0,3,1000,/workspace7/Unity3D/gabriele/Animal-AI/models_arenas/arenas_paper/box_reason_1/c2_0579.yaml,0,1001,0,0,0,0.39022452,0.0
0.0,501,8956.794419,0,3,1000,/workspace7/Unity3D/gabriele/Animal-AI/models_arenas/arenas_paper/box_reason_1/c2_0058.yaml,0,1001,0,0,0,0.77802104,0.0
0.0,501,8977.36959,0,3,1000,/workspace7/Unity3D/gabriele/Animal-AI/models_arenas/arenas_paper/box_reason_1/c2_0231.yaml,0,1001,0,0,0,0.31194374,0.0
0.0,501,8994.732748,0,3,1000,/workspace7/Unity3D/gabriele/Animal-AI/models_arenas/arenas_paper/box_reason_1/c2_0909.yaml,0,1001,0,0,0,0.5835962,0.0
0.0,501,9015.467726,0,3,1000,/workspace7/Unity3D/gabriele/Animal-AI/models_arenas/arenas_paper/box_reason_1/c2_0276.yaml,0,1001,0,0,0,0.3902168,0.0
0.0,501,9031.650057,0,3,1000,/workspace7/Unity3D/gabriele/Animal-AI/models_arenas/arenas_paper/box_reason_1/c2_0182.yaml,0,1001,0,0,0,0.41577557,0.0
0.0,501,9051.61664,0,3,1000,/workspace7/Unity3D/gabriele/Animal-AI/models_arenas/arenas_paper/box_reason_1/c2_0860.yaml,0,1001,0,0,0,0.3792463,0.0
0.0,501,9068.206847,0,3,1000,/workspace7/Unity3D/gabriele/Animal-AI/models_arenas/arenas_paper/box_reason_1/c2_0204.yaml,0,1001,0,0,0,1.1865201,0.0
0.0,501,9088.868181,0,3,1000,/workspace7/Unity3D/gabriele/Animal-AI/models_arenas/arenas_paper/box_reason_1/c2_0683.yaml,0,1001,0,0,0,0.42854625,0.0
0.0,501,9106.20858,0,3,1000,/workspace7/Unity3D/gabriele/Animal-AI/models_arenas/arenas_paper/box_reason_1/c2_0407.yaml,0,1001,0,0,0,0.61147225,0.0
0.0,501,9127.083368,0,3,1000,/workspace7/Unity3D/gabriele/Animal-AI/models_arenas/arenas_paper/box_reason_1/c2_0996.yaml,0,1001,0,0,0,0.41862047,0.0
0.0,501,9144.03091,0,3,1000,/workspace7/Unity3D/gabriele/Animal-AI/models_arenas/arenas_paper/box_reason_1/c2_0947.yaml,0,1001,0,0,0,0.40928516,0.0
0.0,501,9164.462293,0,3,1000,/workspace7/Unity3D/gabriele/Animal-AI/models_arenas/arenas_paper/box_reason_1/c2_0918.yaml,0,1001,0,0,0,0.39617378,0.0
0.0,501,9181.317847,0,3,1000,/workspace7/Unity3D/gabriele/Animal-AI/models_arenas/arenas_paper/box_reason_1/c2_0455.yaml,0,1001,0,0,0,0.39301264,0.0
0.0,501,9201.944289,0,3,1000,/workspace7/Unity3D/gabriele/Animal-AI/models_arenas/arenas_paper/box_reason_1/c2_0472.yaml,0,1001,0,0,0,0.52286553,0.0
0.0,501,9218.840036,0,3,1000,/workspace7/Unity3D/gabriele/Animal-AI/models_arenas/arenas_paper/box_reason_1/c2_0118.yaml,0,1001,0,0,0,0.28788203,0.0
0.0,501,9239.243672,0,3,1000,/workspace7/Unity3D/gabriele/Animal-AI/models_arenas/arenas_paper/box_reason_1/c2_0937.yaml,0,1001,0,0,0,0.27904296,0.0
0.0,501,9256.410587,0,3,1000,/workspace7/Unity3D/gabriele/Animal-AI/models_arenas/arenas_paper/box_reason_1/c2_0730.yaml,0,1001,0,0,0,0.52689236,0.0
0.0,501,9276.244556,0,3,1000,/workspace7/Unity3D/gabriele/Animal-AI/models_arenas/arenas_paper/box_reason_1/c2_0774.yaml,0,1001,0,0,0,0.38911387,0.0
0.0,501,9293.382115,0,3,1000,/workspace7/Unity3D/gabriele/Animal-AI/models_arenas/arenas_paper/box_reason_1/c2_0662.yaml,0,1001,0,0,0,0.39304578,0.0
0.0,501,9314.152683,0,3,1000,/workspace7/Unity3D/gabriele/Animal-AI/models_arenas/arenas_paper/box_reason_1/c2_0735.yaml,0,1001,0,0,0,0.33618578,0.0
0.0,501,9331.144089,0,3,1000,/workspace7/Unity3D/gabriele/Animal-AI/models_arenas/arenas_paper/box_reason_1/c2_0751.yaml,0,1001,0,0,0,0.40077856,0.0
0.0,501,9351.685409,0,3,1000,/workspace7/Unity3D/gabriele/Animal-AI/models_arenas/arenas_paper/box_reason_1/c2_0711.yaml,0,1001,0,0,0,0.17412336,0.0
0.0,501,9368.573043,0,3,1000,/workspace7/Unity3D/gabriele/Animal-AI/models_arenas/arenas_paper/box_reason_1/c2_0644.yaml,0,1001,0,0,0,0.2669341,0.0
0.0,501,9389.499842,0,3,1000,/workspace7/Unity3D/gabriele/Animal-AI/models_arenas/arenas_paper/box_reason_1/c2_0525.yaml,0,1001,0,0,0,0.32236576,0.0
0.0,501,9406.283365,0,3,1000,/workspace7/Unity3D/gabriele/Animal-AI/models_arenas/arenas_paper/box_reason_1/c2_0094.yaml,0,1001,0,0,0,0.34382498,0.0
0.0,501,9426.533801,0,3,1000,/workspace7/Unity3D/gabriele/Animal-AI/models_arenas/arenas_paper/box_reason_1/c2_0843.yaml,0,1001,0,0,0,0.23330706,0.0
0.0,501,9443.687916,0,3,1000,/workspace7/Unity3D/gabriele/Animal-AI/models_arenas/arenas_paper/box_reason_1/c2_0500.yaml,0,1001,0,0,0,0.28658566,0.0
0.0,501,9464.55795,0,3,1000,/workspace7/Unity3D/gabriele/Animal-AI/models_arenas/arenas_paper/box_reason_1/c2_0437.yaml,0,1001,0,0,0,0.3006928,0.0
0.0,501,9481.650129,0,3,1000,/workspace7/Unity3D/gabriele/Animal-AI/models_arenas/arenas_paper/box_reason_1/c2_0061.yaml,0,1001,0,0,0,0.33622912,0.0
0.0,501,9502.478408,0,3,1000,/workspace7/Unity3D/gabriele/Animal-AI/models_arenas/arenas_paper/box_reason_1/c2_0990.yaml,0,1001,0,0,0,0.8216299,0.0
2.996,156,9507.73392,2.996000051498413,3,1000,/workspace7/Unity3D/gabriele/Animal-AI/models_arenas/arenas_paper/box_reason_1/c2_0614.yaml,0,0,0,0,0,0.0,0.0
2.996,156,9512.947658,2.996000051498413,3,1000,/workspace7/Unity3D/gabriele/Animal-AI/models_arenas/arenas_paper/box_reason_1/c2_0699.yaml,0,0,0,0,0,0.0,0.0
0.0,501,9530.413558,0,3,1000,/workspace7/Unity3D/gabriele/Animal-AI/models_arenas/arenas_paper/box_reason_1/c2_0906.yaml,0,1001,0,0,0,0.31757587,0.0
0.0,501,9550.775741,0,3,1000,/workspace7/Unity3D/gabriele/Animal-AI/models_arenas/arenas_paper/box_reason_1/c2_0690.yaml,0,1001,0,0,0,0.38467333,0.0
0.0,501,9567.976776,0,3,1000,/workspace7/Unity3D/gabriele/Animal-AI/models_arenas/arenas_paper/box_reason_1/c2_0581.yaml,0,1001,0,0,0,0.62482166,0.0
0.0,501,9588.73271,0,3,1000,/workspace7/Unity3D/gabriele/Animal-AI/models_arenas/arenas_paper/box_reason_1/c2_0483.yaml,0,1001,0,0,0,0.3608354,0.0
0.0,501,9605.25492,0,3,1000,/workspace7/Unity3D/gabriele/Animal-AI/models_arenas/arenas_paper/box_reason_1/c2_0610.yaml,0,1001,0,0,0,0.2560748,0.0
0.0,501,9625.85592,0,3,1000,/workspace7/Unity3D/gabriele/Animal-AI/models_arenas/arenas_paper/box_reason_1/c2_0311.yaml,0,1001,0,0,0,0.402488,0.0
0.0,501,9643.103893,0,3,1000,/workspace7/Unity3D/gabriele/Animal-AI/models_arenas/arenas_paper/box_reason_1/c2_0558.yaml,0,1001,0,0,0,0.19299822,0.0
0.0,501,9663.3284,0,3,1000,/workspace7/Unity3D/gabriele/Animal-AI/models_arenas/arenas_paper/box_reason_1/c2_0918.yaml,0,1001,0,0,0,0.54005355,0.0
0.0,501,9680.81882,0,3,1000,/workspace7/Unity3D/gabriele/Animal-AI/models_arenas/arenas_paper/box_reason_1/c2_0688.yaml,0,1001,0,0,0,0.3328945,0.0
0.0,501,9701.55399,0,3,1000,/workspace7/Unity3D/gabriele/Animal-AI/models_arenas/arenas_paper/box_reason_1/c2_0206.yaml,0,1001,0,0,0,0.31811333,0.0
0.0,501,9718.506211,0,3,1000,/workspace7/Unity3D/gabriele/Animal-AI/models_arenas/arenas_paper/box_reason_1/c2_0005.yaml,0,1001,0,0,0,0.6117917,0.0
2.996,156,9727.302376,2.996000051498413,3,1000,/workspace7/Unity3D/gabriele/Animal-AI/models_arenas/arenas_paper/box_reason_1/c2_0827.yaml,0,0,0,0,0,0.0,0.0
0.0,501,9744.767765,0,3,1000,/workspace7/Unity3D/gabriele/Animal-AI/models_arenas/arenas_paper/box_reason_1/c2_0164.yaml,0,1001,0,0,0,0.19951785,0.0
0.0,501,9765.553685,0,3,1000,/workspace7/Unity3D/gabriele/Animal-AI/models_arenas/arenas_paper/box_reason_1/c2_0430.yaml,0,1001,0,0,0,0.5146499,0.0
0.0,501,9782.885477,0,3,1000,/workspace7/Unity3D/gabriele/Animal-AI/models_arenas/arenas_paper/box_reason_1/c2_0650.yaml,0,1001,0,0,0,0.40116802,0.0
0.0,501,9803.82605,0,3,1000,/workspace7/Unity3D/gabriele/Animal-AI/models_arenas/arenas_paper/box_reason_1/c2_0628.yaml,0,1001,0,0,0,0.42964506,0.0
0.0,501,9820.938376,0,3,1000,/workspace7/Unity3D/gabriele/Animal-AI/models_arenas/arenas_paper/box_reason_1/c2_0375.yaml,0,1001,0,0,0,0.34608433,0.0
0.0,501,9841.77549,0,3,1000,/workspace7/Unity3D/gabriele/Animal-AI/models_arenas/arenas_paper/box_reason_1/c2_0404.yaml,0,1001,0,0,0,0.40835017,0.0
2.996,156,9846.78433,2.996000051498413,3,1000,/workspace7/Unity3D/gabriele/Animal-AI/models_arenas/arenas_paper/box_reason_1/c2_0820.yaml,0,0,0,0,0,0.0,0.0
0.0,501,9863.896254,0,3,1000,/workspace7/Unity3D/gabriele/Animal-AI/models_arenas/arenas_paper/box_reason_1/c2_0888.yaml,0,1001,0,0,0,0.2967399,0.0
0.0,501,9884.971407,0,3,1000,/workspace7/Unity3D/gabriele/Animal-AI/models_arenas/arenas_paper/box_reason_1/c2_0920.yaml,0,1001,0,0,0,0.43942317,0.0
0.0,501,9901.914737,0,3,1000,/workspace7/Unity3D/gabriele/Animal-AI/models_arenas/arenas_paper/box_reason_1/c2_0415.yaml,0,1001,0,0,0,0.21128114,0.0
0.0,501,9922.722094,0,3,1000,/workspace7/Unity3D/gabriele/Animal-AI/models_arenas/arenas_paper/box_reason_1/c2_0205.yaml,0,1001,0,0,0,0.24827541,0.0
0.0,501,9939.891696,0,3,1000,/workspace7/Unity3D/gabriele/Animal-AI/models_arenas/arenas_paper/box_reason_1/c2_0749.yaml,0,1001,0,0,0,0.31224722,0.0
0.0,501,9960.334646,0,3,1000,/workspace7/Unity3D/gabriele/Animal-AI/models_arenas/arenas_paper/box_reason_1/c2_0156.yaml,0,1001,0,0,0,0.37614027,0.0
0.0,501,9977.846276,0,3,1000,/workspace7/Unity3D/gabriele/Animal-AI/models_arenas/arenas_paper/box_reason_1/c2_0469.yaml,0,1001,0,0,0,0.3525931,0.0
0.0,501,9998.93052,0,3,1000,/workspace7/Unity3D/gabriele/Animal-AI/models_arenas/arenas_paper/box_reason_1/c2_0451.yaml,0,1001,0,0,0,0.1616016,0.0
0.0,501,10016.369276,0,3,1000,/workspace7/Unity3D/gabriele/Animal-AI/models_arenas/arenas_paper/box_reason_1/c2_0553.yaml,0,1001,0,0,0,0.55566204,0.0
2.996,156,10021.521133,2.996000051498413,3,1000,/workspace7/Unity3D/gabriele/Animal-AI/models_arenas/arenas_paper/box_reason_1/c2_0656.yaml,0,0,0,0,0,0.0,0.0
0.0,501,10042.622856,0,3,1000,/workspace7/Unity3D/gabriele/Animal-AI/models_arenas/arenas_paper/box_reason_1/c2_0861.yaml,0,1001,0,0,0,0.23693936,0.0
0.0,501,10059.600229,0,3,1000,/workspace7/Unity3D/gabriele/Animal-AI/models_arenas/arenas_paper/box_reason_1/c2_0011.yaml,0,1001,0,0,0,0.74006116,0.0
0.0,501,10079.717606,0,3,1000,/workspace7/Unity3D/gabriele/Animal-AI/models_arenas/arenas_paper/box_reason_1/c2_0300.yaml,0,1001,0,0,0,0.45253676,0.0
0.0,501,10096.989558,0,3,1000,/workspace7/Unity3D/gabriele/Animal-AI/models_arenas/arenas_paper/box_reason_1/c2_0907.yaml,0,1001,0,0,0,0.36013073,0.0
0.0,501,10118.082932,0,3,1000,/workspace7/Unity3D/gabriele/Animal-AI/models_arenas/arenas_paper/box_reason_1/c2_0220.yaml,0,1001,0,0,0,0.3429217,0.0
2.996,156,10123.314741,2.996000051498413,3,1000,/workspace7/Unity3D/gabriele/Animal-AI/models_arenas/arenas_paper/box_reason_1/c2_0046.yaml,0,0,0,0,0,0.0,0.0
0.0,501,10144.238021,0,3,1000,/workspace7/Unity3D/gabriele/Animal-AI/models_arenas/arenas_paper/box_reason_1/c2_0639.yaml,0,1001,0,0,0,0.33370677,0.0
0.0,501,10160.785501,0,3,1000,/workspace7/Unity3D/gabriele/Animal-AI/models_arenas/arenas_paper/box_reason_1/c2_0891.yaml,0,1001,0,0,0,0.28561258,0.0
0.0,501,10181.192994,0,3,1000,/workspace7/Unity3D/gabriele/Animal-AI/models_arenas/arenas_paper/box_reason_1/c2_0780.yaml,0,1001,0,0,0,0.48040503,0.0
0.0,501,10198.041464,0,3,1000,/workspace7/Unity3D/gabriele/Animal-AI/models_arenas/arenas_paper/box_reason_1/c2_0451.yaml,0,1001,0,0,0,0.23999996,0.0
2.996,156,10203.062396,2.996000051498413,3,1000,/workspace7/Unity3D/gabriele/Animal-AI/models_arenas/arenas_paper/box_reason_1/c2_0284.yaml,0,0,0,0,0,0.0,0.0
0.0,501,10223.943523,0,3,1000,/workspace7/Unity3D/gabriele/Animal-AI/models_arenas/arenas_paper/box_reason_1/c2_0298.yaml,0,1001,0,0,0,0.26419422,0.0
0.0,501,10241.241888,0,3,1000,/workspace7/Unity3D/gabriele/Animal-AI/models_arenas/arenas_paper/box_reason_1/c2_0466.yaml,0,1001,0,0,0,0.589933,0.0
0.0,501,10262.45866,0,3,1000,/workspace7/Unity3D/gabriele/Animal-AI/models_arenas/arenas_paper/box_reason_1/c2_0382.yaml,0,1001,0,0,0,0.6021538,0.0
0.0,501,10279.627792,0,3,1000,/workspace7/Unity3D/gabriele/Animal-AI/models_arenas/arenas_paper/box_reason_1/c2_0892.yaml,0,1001,0,0,0,0.42269906,0.0
0.0,501,10300.835551,0,3,1000,/workspace7/Unity3D/gabriele/Animal-AI/models_arenas/arenas_paper/box_reason_1/c2_0794.yaml,0,1001,0,0,0,0.39187062,0.0
0.0,501,10318.249171,0,3,1000,/workspace7/Unity3D/gabriele/Animal-AI/models_arenas/arenas_paper/box_reason_1/c2_0947.yaml,0,1001,0,0,0,0.24237739,0.0
0.0,501,10339.046223,0,3,1000,/workspace7/Unity3D/gabriele/Animal-AI/models_arenas/arenas_paper/box_reason_1/c2_0945.yaml,0,1001,0,0,0,0.24214242,0.0
0.0,501,10356.494505,0,3,1000,/workspace7/Unity3D/gabriele/Animal-AI/models_arenas/arenas_paper/box_reason_1/c2_0378.yaml,0,1001,0,0,0,0.43694443,0.0
0.0,501,10377.602777,0,3,1000,/workspace7/Unity3D/gabriele/Animal-AI/models_arenas/arenas_paper/box_reason_1/c2_0623.yaml,0,1001,0,0,0,0.46778774,0.0
2.996,156,10382.507015,2.996000051498413,3,1000,/workspace7/Unity3D/gabriele/Animal-AI/models_arenas/arenas_paper/box_reason_1/c2_0765.yaml,0,0,0,0,0,0.0,0.0
0.0,501,10400.052884,0,3,1000,/workspace7/Unity3D/gabriele/Animal-AI/models_arenas/arenas_paper/box_reason_1/c2_0061.yaml,0,1001,0,0,0,0.42566994,0.0
0.0,501,10421.180577,0,3,1000,/workspace7/Unity3D/gabriele/Animal-AI/models_arenas/arenas_paper/box_reason_1/c2_0084.yaml,0,1001,0,0,0,0.29737723,0.0
0.0,501,10438.782517,0,3,1000,/workspace7/Unity3D/gabriele/Animal-AI/models_arenas/arenas_paper/box_reason_1/c2_0434.yaml,0,1001,0,0,0,0.27811974,0.0
0.0,501,10459.706089,0,3,1000,/workspace7/Unity3D/gabriele/Animal-AI/models_arenas/arenas_paper/box_reason_1/c2_0678.yaml,0,1001,0,0,0,0.36154768,0.0
0.0,501,10476.532887,0,3,1000,/workspace7/Unity3D/gabriele/Animal-AI/models_arenas/arenas_paper/box_reason_1/c2_0201.yaml,0,1001,0,0,0,0.6477564,0.0
0.0,501,10497.067623,0,3,1000,/workspace7/Unity3D/gabriele/Animal-AI/models_arenas/arenas_paper/box_reason_1/c2_0119.yaml,0,1001,0,0,0,0.40641335,0.0
0.0,501,10514.20635,0,3,1000,/workspace7/Unity3D/gabriele/Animal-AI/models_arenas/arenas_paper/box_reason_1/c2_0660.yaml,0,1001,0,0,0,0.379601,0.0
0.0,501,10535.125955,0,3,1000,/workspace7/Unity3D/gabriele/Animal-AI/models_arenas/arenas_paper/box_reason_1/c2_0634.yaml,0,1001,0,0,0,0.6220498,0.0
0.0,501,10552.648852,0,3,1000,/workspace7/Unity3D/gabriele/Animal-AI/models_arenas/arenas_paper/box_reason_1/c2_0268.yaml,0,1001,0,0,0,0.6144002,0.0
0.0,501,10573.616708,0,3,1000,/workspace7/Unity3D/gabriele/Animal-AI/models_arenas/arenas_paper/box_reason_1/c2_0156.yaml,0,1001,0,0,0,0.48293272,0.0
2.996,156,10578.601123,2.996000051498413,3,1000,/workspace7/Unity3D/gabriele/Animal-AI/models_arenas/arenas_paper/box_reason_1/c2_0098.yaml,0,0,0,0,0,0.0,0.0
0.0,501,10599.546677,0,3,1000,/workspace7/Unity3D/gabriele/Animal-AI/models_arenas/arenas_paper/box_reason_1/c2_0642.yaml,0,1001,0,0,0,0.31060165,0.0
0.0,501,10617.115595,0,3,1000,/workspace7/Unity3D/gabriele/Animal-AI/models_arenas/arenas_paper/box_reason_1/c2_0454.yaml,0,1001,0,0,0,0.249481,0.0
0.0,501,10637.404095,0,3,1000,/workspace7/Unity3D/gabriele/Animal-AI/models_arenas/arenas_paper/box_reason_1/c2_0641.yaml,0,1001,0,0,0,0.33284363,0.0
0.0,501,10655.148277,0,3,1000,/workspace7/Unity3D/gabriele/Animal-AI/models_arenas/arenas_paper/box_reason_1/c2_0522.yaml,0,1001,0,0,0,0.48883903,0.0
0.0,501,10677.092484,0,3,1000,/workspace7/Unity3D/gabriele/Animal-AI/models_arenas/arenas_paper/box_reason_1/c2_0829.yaml,0,1001,0,0,0,0.73709846,0.0
0.0,501,10694.726724,0,3,1000,/workspace7/Unity3D/gabriele/Animal-AI/models_arenas/arenas_paper/box_reason_1/c2_0290.yaml,0,1001,0,0,0,0.45931423,0.0
0.0,501,10716.022767,0,3,1000,/workspace7/Unity3D/gabriele/Animal-AI/models_arenas/arenas_paper/box_reason_1/c2_0547.yaml,0,1001,0,0,0,0.34463674,0.0
0.0,501,10733.490077,0,3,1000,/workspace7/Unity3D/gabriele/Animal-AI/models_arenas/arenas_paper/box_reason_1/c2_0030.yaml,0,1001,0,0,0,0.39037132,0.0
2.996,156,10738.702877,2.996000051498413,3,1000,/workspace7/Unity3D/gabriele/Animal-AI/models_arenas/arenas_paper/box_reason_1/c2_0335.yaml,0,0,0,0,0,0.0,0.0
0.0,501,10759.287847,0,3,1000,/workspace7/Unity3D/gabriele/Animal-AI/models_arenas/arenas_paper/box_reason_1/c2_0268.yaml,0,1001,0,0,0,0.57654315,0.0
0.0,501,10776.949943,0,3,1000,/workspace7/Unity3D/gabriele/Animal-AI/models_arenas/arenas_paper/box_reason_1/c2_0102.yaml,0,1001,0,0,0,0.4225084,0.0
2.996,156,10782.211731,2.996000051498413,3,1000,/workspace7/Unity3D/gabriele/Animal-AI/models_arenas/arenas_paper/box_reason_1/c2_0211.yaml,0,0,0,0,0,0.0,0.0
0.0,501,10802.049587,0,3,1000,/workspace7/Unity3D/gabriele/Animal-AI/models_arenas/arenas_paper/box_reason_1/c2_0773.yaml,0,1001,0,0,0,0.49843377,0.0
0.0,501,10818.864436,0,3,1000,/workspace7/Unity3D/gabriele/Animal-AI/models_arenas/arenas_paper/box_reason_1/c2_0305.yaml,0,1001,0,0,0,0.37640977,0.0
0.0,501,10839.496078,0,3,1000,/workspace7/Unity3D/gabriele/Animal-AI/models_arenas/arenas_paper/box_reason_1/c2_0079.yaml,0,1001,0,0,0,0.28834048,0.0
0.0,501,10857.010105,0,3,1000,/workspace7/Unity3D/gabriele/Animal-AI/models_arenas/arenas_paper/box_reason_1/c2_0542.yaml,0,1001,0,0,0,0.46048218,0.0
0.0,501,10878.295428,0,3,1000,/workspace7/Unity3D/gabriele/Animal-AI/models_arenas/arenas_paper/box_reason_1/c2_0470.yaml,0,1001,0,0,0,0.35345334,0.0
0.0,501,10895.499732,0,3,1000,/workspace7/Unity3D/gabriele/Animal-AI/models_arenas/arenas_paper/box_reason_1/c2_0697.yaml,0,1001,0,0,0,0.29651734,0.0
0.0,501,10916.334617,0,3,1000,/workspace7/Unity3D/gabriele/Animal-AI/models_arenas/arenas_paper/box_reason_1/c2_0859.yaml,0,1001,0,0,0,0.36431053,0.0
0.0,501,10933.982841,0,3,1000,/workspace7/Unity3D/gabriele/Animal-AI/models_arenas/arenas_paper/box_reason_1/c2_0594.yaml,0,1001,0,0,0,0.46342793,0.0
0.0,501,10955.078207,0,3,1000,/workspace7/Unity3D/gabriele/Animal-AI/models_arenas/arenas_paper/box_reason_1/c2_0276.yaml,0,1001,0,0,0,0.58515704,0.0
0.0,501,10972.706142,0,3,1000,/workspace7/Unity3D/gabriele/Animal-AI/models_arenas/arenas_paper/box_reason_1/c2_0447.yaml,0,1001,0,0,0,0.28091273,0.0
0.0,501,10992.842046,0,3,1000,/workspace7/Unity3D/gabriele/Animal-AI/models_arenas/arenas_paper/box_reason_1/c2_0239.yaml,0,1001,0,0,0,0.48523828,0.0
2.996,156,10998.068185,2.996000051498413,3,1000,/workspace7/Unity3D/gabriele/Animal-AI/models_arenas/arenas_paper/box_reason_1/c2_0060.yaml,0,0,0,0,0,0.0,0.0
0.0,501,11018.573629,0,3,1000,/workspace7/Unity3D/gabriele/Animal-AI/models_arenas/arenas_paper/box_reason_1/c2_0952.yaml,0,1001,0,0,0,0.46779558,0.0
0.0,501,11036.036427,0,3,1000,/workspace7/Unity3D/gabriele/Animal-AI/models_arenas/arenas_paper/box_reason_1/c2_0679.yaml,0,1001,0,0,0,0.4184988,0.0
0.0,501,11057.025854,0,3,1000,/workspace7/Unity3D/gabriele/Animal-AI/models_arenas/arenas_paper/box_reason_1/c2_0997.yaml,0,1001,0,0,0,0.60173875,0.0
0.0,501,11074.644092,0,3,1000,/workspace7/Unity3D/gabriele/Animal-AI/models_arenas/arenas_paper/box_reason_1/c2_0907.yaml,0,1001,0,0,0,0.30185834,0.0
0.0,501,11095.866107,0,3,1000,/workspace7/Unity3D/gabriele/Animal-AI/models_arenas/arenas_paper/box_reason_1/c2_0834.yaml,0,1001,0,0,0,0.38450488,0.0
0.0,501,11113.303684,0,3,1000,/workspace7/Unity3D/gabriele/Animal-AI/models_arenas/arenas_paper/box_reason_1/c2_0604.yaml,0,1001,0,0,0,0.4869563,0.0
2.996,156,11118.616251,2.996000051498413,3,1000,/workspace7/Unity3D/gabriele/Animal-AI/models_arenas/arenas_paper/box_reason_1/c2_0839.yaml,0,0,0,0,0,0.0,0.0
0.0,501,11139.610691,0,3,1000,/workspace7/Unity3D/gabriele/Animal-AI/models_arenas/arenas_paper/box_reason_1/c2_0468.yaml,0,1001,0,0,0,0.5280397,0.0
0.0,501,11157.196911,0,3,1000,/workspace7/Unity3D/gabriele/Animal-AI/models_arenas/arenas_paper/box_reason_1/c2_0580.yaml,0,1001,0,0,0,0.6750681,0.0
0.0,501,11178.348002,0,3,1000,/workspace7/Unity3D/gabriele/Animal-AI/models_arenas/arenas_paper/box_reason_1/c2_0500.yaml,0,1001,0,0,0,0.34908494,0.0
0.0,501,11195.782245,0,3,1000,/workspace7/Unity3D/gabriele/Animal-AI/models_arenas/arenas_paper/box_reason_1/c2_0936.yaml,0,1001,0,0,0,0.29305568,0.0
2.996,156,11200.960286,2.996000051498413,3,1000,/workspace7/Unity3D/gabriele/Animal-AI/models_arenas/arenas_paper/box_reason_1/c2_0654.yaml,0,0,0,0,0,0.0,0.0
0.0,501,11221.97959,0,3,1000,/workspace7/Unity3D/gabriele/Animal-AI/models_arenas/arenas_paper/box_reason_1/c2_0242.yaml,0,1001,0,0,0,0.31391263,0.0
0.0,501,11239.295342,0,3,1000,/workspace7/Unity3D/gabriele/Animal-AI/models_arenas/arenas_paper/box_reason_1/c2_0849.yaml,0,1001,0,0,0,0.42152286,0.0
0.0,501,11260.158971,0,3,1000,/workspace7/Unity3D/gabriele/Animal-AI/models_arenas/arenas_paper/box_reason_1/c2_0927.yaml,0,1001,0,0,0,0.21569699,0.0
2.996,156,11265.36323,2.996000051498413,3,1000,/workspace7/Unity3D/gabriele/Animal-AI/models_arenas/arenas_paper/box_reason_1/c2_0001.yaml,0,0,0,0,0,0.0,0.0
0.0,501,11282.809933,0,3,1000,/workspace7/Unity3D/gabriele/Animal-AI/models_arenas/arenas_paper/box_reason_1/c2_0831.yaml,0,1001,0,0,0,0.7167508,0.0
0.0,501,11303.510859,0,3,1000,/workspace7/Unity3D/gabriele/Animal-AI/models_arenas/arenas_paper/box_reason_1/c2_0743.yaml,0,1001,0,0,0,0.49647868,0.0
0.0,501,11321.122668,0,3,1000,/workspace7/Unity3D/gabriele/Animal-AI/models_arenas/arenas_paper/box_reason_1/c2_0515.yaml,0,1001,0,0,0,0.37182298,0.0
2.996,156,11329.875104,2.996000051498413,3,1000,/workspace7/Unity3D/gabriele/Animal-AI/models_arenas/arenas_paper/box_reason_1/c2_0893.yaml,0,0,0,0,0,0.0,0.0
0.0,501,11347.277021,0,3,1000,/workspace7/Unity3D/gabriele/Animal-AI/models_arenas/arenas_paper/box_reason_1/c2_0192.yaml,0,1001,0,0,0,0.4265422,0.0
0.0,501,11369.011741,0,3,1000,/workspace7/Unity3D/gabriele/Animal-AI/models_arenas/arenas_paper/box_reason_1/c2_0295.yaml,0,1001,0,0,0,0.43626,0.0
0.0,501,11386.286218,0,3,1000,/workspace7/Unity3D/gabriele/Animal-AI/models_arenas/arenas_paper/box_reason_1/c2_0291.yaml,0,1001,0,0,0,0.4638027,0.0
0.0,501,11407.025245,0,3,1000,/workspace7/Unity3D/gabriele/Animal-AI/models_arenas/arenas_paper/box_reason_1/c2_0469.yaml,0,1001,0,0,0,0.36500132,0.0
0.0,501,11424.219595,0,3,1000,/workspace7/Unity3D/gabriele/Animal-AI/models_arenas/arenas_paper/box_reason_1/c2_0846.yaml,0,1001,0,0,0,0.20603663,0.0
0.0,501,11444.939875,0,3,1000,/workspace7/Unity3D/gabriele/Animal-AI/models_arenas/arenas_paper/box_reason_1/c2_0141.yaml,0,1001,0,0,0,0.24848358,0.0
0.0,501,11461.433329,0,3,1000,/workspace7/Unity3D/gabriele/Animal-AI/models_arenas/arenas_paper/box_reason_1/c2_0789.yaml,0,1001,0,0,0,0.32310215,0.0
0.0,501,11482.391969,0,3,1000,/workspace7/Unity3D/gabriele/Animal-AI/models_arenas/arenas_paper/box_reason_1/c2_0023.yaml,0,1001,0,0,0,0.30499172,0.0
2.996,156,11487.654329,2.996000051498413,3,1000,/workspace7/Unity3D/gabriele/Animal-AI/models_arenas/arenas_paper/box_reason_1/c2_0624.yaml,0,0,0,0,0,0.0,0.0
0.0,501,11505.288576,0,3,1000,/workspace7/Unity3D/gabriele/Animal-AI/models_arenas/arenas_paper/box_reason_1/c2_0562.yaml,0,1001,0,0,0,0.20250873,0.0
0.0,501,11526.346081,0,3,1000,/workspace7/Unity3D/gabriele/Animal-AI/models_arenas/arenas_paper/box_reason_1/c2_0437.yaml,0,1001,0,0,0,0.440749,0.0
0.0,501,11543.145593,0,3,1000,/workspace7/Unity3D/gabriele/Animal-AI/models_arenas/arenas_paper/box_reason_1/c2_0463.yaml,0,1001,0,0,0,0.36903784,0.0
0.0,501,11563.924072,0,3,1000,/workspace7/Unity3D/gabriele/Animal-AI/models_arenas/arenas_paper/box_reason_1/c2_0981.yaml,0,1001,0,0,0,0.27049944,0.0
0.0,501,11581.443721,0,3,1000,/workspace7/Unity3D/gabriele/Animal-AI/models_arenas/arenas_paper/box_reason_1/c2_0331.yaml,0,1001,0,0,0,0.3512423,0.0
2.996,156,11586.642719,2.996000051498413,3,1000,/workspace7/Unity3D/gabriele/Animal-AI/models_arenas/arenas_paper/box_reason_1/c2_0246.yaml,0,0,0,0,0,0.0,0.0
0.0,501,11607.632132,0,3,1000,/workspace7/Unity3D/gabriele/Animal-AI/models_arenas/arenas_paper/box_reason_1/c2_0081.yaml,0,1001,0,0,0,0.45881665,0.0
0.0,501,11625.305567,0,3,1000,/workspace7/Unity3D/gabriele/Animal-AI/models_arenas/arenas_paper/box_reason_1/c2_0337.yaml,0,1001,0,0,0,0.279068,0.0
0.0,501,11646.064867,0,3,1000,/workspace7/Unity3D/gabriele/Animal-AI/models_arenas/arenas_paper/box_reason_1/c2_0929.yaml,0,1001,0,0,0,0.3082462,0.0
0.0,501,11663.242774,0,3,1000,/workspace7/Unity3D/gabriele/Animal-AI/models_arenas/arenas_paper/box_reason_1/c2_0564.yaml,0,1001,0,0,0,0.6441654,0.0
0.0,501,11683.976164,0,3,1000,/workspace7/Unity3D/gabriele/Animal-AI/models_arenas/arenas_paper/box_reason_1/c2_0783.yaml,0,1001,0,0,0,0.36726028,0.0
0.0,501,11701.245216,0,3,1000,/workspace7/Unity3D/gabriele/Animal-AI/models_arenas/arenas_paper/box_reason_1/c2_0682.yaml,0,1001,0,0,0,0.2532977,0.0
0.0,501,11722.305435,0,3,1000,/workspace7/Unity3D/gabriele/Animal-AI/models_arenas/arenas_paper/box_reason_1/c2_0098.yaml,0,1001,0,0,0,0.40490916,0.0
0.0,501,11739.306343,0,3,1000,/workspace7/Unity3D/gabriele/Animal-AI/models_arenas/arenas_paper/box_reason_1/c2_0515.yaml,0,1001,0,0,0,0.5153052,0.0
0.0,501,11759.811668,0,3,1000,/workspace7/Unity3D/gabriele/Animal-AI/models_arenas/arenas_paper/box_reason_1/c2_0484.yaml,0,1001,0,0,0,0.28675157,0.0
0.0,501,11776.858674,0,3,1000,/workspace7/Unity3D/gabriele/Animal-AI/models_arenas/arenas_paper/box_reason_1/c2_0651.yaml,0,1001,0,0,0,0.39437428,0.0
0.0,501,11797.058671,0,3,1000,/workspace7/Unity3D/gabriele/Animal-AI/models_arenas/arenas_paper/box_reason_1/c2_0404.yaml,0,1001,0,0,0,0.5856556,0.0
0.0,501,11814.051838,0,3,1000,/workspace7/Unity3D/gabriele/Animal-AI/models_arenas/arenas_paper/box_reason_1/c2_0545.yaml,0,1001,0,0,0,0.37741596,0.0
0.0,501,11833.907902,0,3,1000,/workspace7/Unity3D/gabriele/Animal-AI/models_arenas/arenas_paper/box_reason_1/c2_0710.yaml,0,1001,0,0,0,0.4515851,0.0
0.0,501,11850.480518,0,3,1000,/workspace7/Unity3D/gabriele/Animal-AI/models_arenas/arenas_paper/box_reason_1/c2_0878.yaml,0,1001,0,0,0,0.4482647,0.0
0.0,501,11871.416481,0,3,1000,/workspace7/Unity3D/gabriele/Animal-AI/models_arenas/arenas_paper/box_reason_1/c2_0317.yaml,0,1001,0,0,0,0.3279641,0.0
0.0,501,11888.704885,0,3,1000,/workspace7/Unity3D/gabriele/Animal-AI/models_arenas/arenas_paper/box_reason_1/c2_0042.yaml,0,1001,0,0,0,0.54872507,0.0
0.0,501,11909.410295,0,3,1000,/workspace7/Unity3D/gabriele/Animal-AI/models_arenas/arenas_paper/box_reason_1/c2_0905.yaml,0,1001,0,0,0,0.52158934,0.0
0.0,501,11926.757758,0,3,1000,/workspace7/Unity3D/gabriele/Animal-AI/models_arenas/arenas_paper/box_reason_1/c2_0822.yaml,0,1001,0,0,0,0.46432236,0.0
0.0,501,11947.78302,0,3,1000,/workspace7/Unity3D/gabriele/Animal-AI/models_arenas/arenas_paper/box_reason_1/c2_0491.yaml,0,1001,0,0,0,0.3480082,0.0
0.0,501,11965.075129,0,3,1000,/workspace7/Unity3D/gabriele/Animal-AI/models_arenas/arenas_paper/box_reason_1/c2_0714.yaml,0,1001,0,0,0,0.2835094,0.0
0.0,501,11985.974187,0,3,1000,/workspace7/Unity3D/gabriele/Animal-AI/models_arenas/arenas_paper/box_reason_1/c2_0177.yaml,0,1001,0,0,0,0.480792,0.0
0.0,501,12003.09122,0,3,1000,/workspace7/Unity3D/gabriele/Animal-AI/models_arenas/arenas_paper/box_reason_1/c2_0787.yaml,0,1001,0,0,0,0.29016262,0.0
0.0,501,12024.100011,0,3,1000,/workspace7/Unity3D/gabriele/Animal-AI/models_arenas/arenas_paper/box_reason_1/c2_0032.yaml,0,1001,0,0,0,0.61387056,0.0
0.0,501,12044.895536,0,3,1000,/workspace7/Unity3D/gabriele/Animal-AI/models_arenas/arenas_paper/box_reason_1/c2_0284.yaml,0,1001,0,0,0,0.34284988,0.0
0.0,501,12062.22651,0,3,1000,/workspace7/Unity3D/gabriele/Animal-AI/models_arenas/arenas_paper/box_reason_1/c2_0909.yaml,0,1001,0,0,0,0.31625304,0.0
0.0,501,12082.934612,0,3,1000,/workspace7/Unity3D/gabriele/Animal-AI/models_arenas/arenas_paper/box_reason_1/c2_0235.yaml,0,1001,0,0,0,0.40029213,0.0
0.0,501,12099.921337,0,3,1000,/workspace7/Unity3D/gabriele/Animal-AI/models_arenas/arenas_paper/box_reason_1/c2_0317.yaml,0,1001,0,0,0,0.8949847,0.0
0.0,501,12120.358736,0,3,1000,/workspace7/Unity3D/gabriele/Animal-AI/models_arenas/arenas_paper/box_reason_1/c2_0018.yaml,0,1001,0,0,0,0.3376904,0.0
0.0,501,12137.645087,0,3,1000,/workspace7/Unity3D/gabriele/Animal-AI/models_arenas/arenas_paper/box_reason_1/c2_0969.yaml,0,1001,0,0,0,0.44670743,0.0
0.0,501,12158.687726,0,3,1000,/workspace7/Unity3D/gabriele/Animal-AI/models_arenas/arenas_paper/box_reason_1/c2_0235.yaml,0,1001,0,0,0,0.59536076,0.0
0.0,501,12176.195237,0,3,1000,/workspace7/Unity3D/gabriele/Animal-AI/models_arenas/arenas_paper/box_reason_1/c2_0317.yaml,0,1001,0,0,0,0.2083483,0.0
0.0,501,12197.125447,0,3,1000,/workspace7/Unity3D/gabriele/Animal-AI/models_arenas/arenas_paper/box_reason_1/c2_0694.yaml,0,1001,0,0,0,0.2834534,0.0
0.0,501,12214.171521,0,3,1000,/workspace7/Unity3D/gabriele/Animal-AI/models_arenas/arenas_paper/box_reason_1/c2_0298.yaml,0,1001,0,0,0,0.23315619,0.0
0.0,501,12235.106068,0,3,1000,/workspace7/Unity3D/gabriele/Animal-AI/models_arenas/arenas_paper/box_reason_1/c2_0340.yaml,0,1001,0,0,0,0.29022872,0.0
0.0,501,12252.459471,0,3,1000,/workspace7/Unity3D/gabriele/Animal-AI/models_arenas/arenas_paper/box_reason_1/c2_0603.yaml,0,1001,0,0,0,0.28060275,0.0
0.0,501,12273.56924,0,3,1000,/workspace7/Unity3D/gabriele/Animal-AI/models_arenas/arenas_paper/box_reason_1/c2_0453.yaml,0,1001,0,0,0,0.17526296,0.0
2.996,156,12278.622746,2.996000051498413,3,1000,/workspace7/Unity3D/gabriele/Animal-AI/models_arenas/arenas_paper/box_reason_1/c2_0601.yaml,0,0,0,0,0,0.0,0.0
0.0,501,12296.070534,0,3,1000,/workspace7/Unity3D/gabriele/Animal-AI/models_arenas/arenas_paper/box_reason_1/c2_0954.yaml,0,1001,0,0,0,0.38952965,0.0
0.0,501,12317.057842,0,3,1000,/workspace7/Unity3D/gabriele/Animal-AI/models_arenas/arenas_paper/box_reason_1/c2_0058.yaml,0,1001,0,0,0,0.32054067,0.0
0.0,501,12334.589129,0,3,1000,/workspace7/Unity3D/gabriele/Animal-AI/models_arenas/arenas_paper/box_reason_1/c2_0895.yaml,0,1001,0,0,0,0.19783914,0.0
0.0,501,12355.614472,0,3,1000,/workspace7/Unity3D/gabriele/Animal-AI/models_arenas/arenas_paper/box_reason_1/c2_0658.yaml,0,1001,0,0,0,0.3732096,0.0
0.0,501,12372.905362,0,3,1000,/workspace7/Unity3D/gabriele/Animal-AI/models_arenas/arenas_paper/box_reason_1/c2_0582.yaml,0,1001,0,0,0,0.24583492,0.0
0.0,501,12393.452936,0,3,1000,/workspace7/Unity3D/gabriele/Animal-AI/models_arenas/arenas_paper/box_reason_1/c2_0684.yaml,0,1001,0,0,0,0.48624396,0.0
0.0,501,12410.579242,0,3,1000,/workspace7/Unity3D/gabriele/Animal-AI/models_arenas/arenas_paper/box_reason_1/c2_0870.yaml,0,1001,0,0,0,0.18461198,0.0
0.0,501,12431.213509,0,3,1000,/workspace7/Unity3D/gabriele/Animal-AI/models_arenas/arenas_paper/box_reason_1/c2_0878.yaml,0,1001,0,0,0,0.21021014,0.0
0.0,501,12448.349232,0,3,1000,/workspace7/Unity3D/gabriele/Animal-AI/models_arenas/arenas_paper/box_reason_1/c2_0286.yaml,0,1001,0,0,0,0.23368315,0.0
0.0,501,12469.478247,0,3,1000,/workspace7/Unity3D/gabriele/Animal-AI/models_arenas/arenas_paper/box_reason_1/c2_0863.yaml,0,1001,0,0,0,0.35232955,0.0
0.0,501,12486.684426,0,3,1000,/workspace7/Unity3D/gabriele/Animal-AI/models_arenas/arenas_paper/box_reason_1/c2_0402.yaml,0,1001,0,0,0,0.3223257,0.0
0.0,501,12507.707803,0,3,1000,/workspace7/Unity3D/gabriele/Animal-AI/models_arenas/arenas_paper/box_reason_1/c2_0043.yaml,0,1001,0,0,0,0.5843794,0.0
0.0,501,12525.065173,0,3,1000,/workspace7/Unity3D/gabriele/Animal-AI/models_arenas/arenas_paper/box_reason_1/c2_0695.yaml,0,1001,0,0,0,0.2037095,0.0
0.0,501,12545.391394,0,3,1000,/workspace7/Unity3D/gabriele/Animal-AI/models_arenas/arenas_paper/box_reason_1/c2_0782.yaml,0,1001,0,0,0,0.25780115,0.0
0.0,501,12562.927309,0,3,1000,/workspace7/Unity3D/gabriele/Animal-AI/models_arenas/arenas_paper/box_reason_1/c2_0029.yaml,0,1001,0,0,0,0.15924297,0.0
2.996,156,12568.177835,2.996000051498413,3,1000,/workspace7/Unity3D/gabriele/Animal-AI/models_arenas/arenas_paper/box_reason_1/c2_0406.yaml,0,0,0,0,0,0.0,0.0
0.0,501,12588.786085,0,3,1000,/workspace7/Unity3D/gabriele/Animal-AI/models_arenas/arenas_paper/box_reason_1/c2_0290.yaml,0,1001,0,0,0,0.3112052,0.0
0.0,501,12605.670735,0,3,1000,/workspace7/Unity3D/gabriele/Animal-AI/models_arenas/arenas_paper/box_reason_1/c2_0672.yaml,0,1001,0,0,0,0.39307025,0.0
0.0,501,12626.17981,0,3,1000,/workspace7/Unity3D/gabriele/Animal-AI/models_arenas/arenas_paper/box_reason_1/c2_0198.yaml,0,1001,0,0,0,0.26808524,0.0
0.0,501,12643.746677,0,3,1000,/workspace7/Unity3D/gabriele/Animal-AI/models_arenas/arenas_paper/box_reason_1/c2_0579.yaml,0,1001,0,0,0,0.30949247,0.0
2.996,156,12652.512457,2.996000051498413,3,1000,/workspace7/Unity3D/gabriele/Animal-AI/models_arenas/arenas_paper/box_reason_1/c2_0418.yaml,0,0,0,0,0,0.0,0.0
0.0,501,12669.645798,0,3,1000,/workspace7/Unity3D/gabriele/Animal-AI/models_arenas/arenas_paper/box_reason_1/c2_0401.yaml,0,1001,0,0,0,0.3366469,0.0
0.0,501,12690.446445,0,3,1000,/workspace7/Unity3D/gabriele/Animal-AI/models_arenas/arenas_paper/box_reason_1/c2_0085.yaml,0,1001,0,0,0,0.30705702,0.0
0.0,501,12707.845084,0,3,1000,/workspace7/Unity3D/gabriele/Animal-AI/models_arenas/arenas_paper/box_reason_1/c2_0366.yaml,0,1001,0,0,0,0.41489682,0.0
0.0,501,12728.460669,0,3,1000,/workspace7/Unity3D/gabriele/Animal-AI/models_arenas/arenas_paper/box_reason_1/c2_0237.yaml,0,1001,0,0,0,0.24100286,0.0
0.0,501,12745.43791,0,3,1000,/workspace7/Unity3D/gabriele/Animal-AI/models_arenas/arenas_paper/box_reason_1/c2_0943.yaml,0,1001,0,0,0,0.31709322,0.0
0.0,501,12766.018773,0,3,1000,/workspace7/Unity3D/gabriele/Animal-AI/models_arenas/arenas_paper/box_reason_1/c2_0250.yaml,0,1001,0,0,0,0.24251336,0.0
0.0,501,12783.384076,0,3,1000,/workspace7/Unity3D/gabriele/Animal-AI/models_arenas/arenas_paper/box_reason_1/c2_0105.yaml,0,1001,0,0,0,0.28780085,0.0
0.0,501,12804.316953,0,3,1000,/workspace7/Unity3D/gabriele/Animal-AI/models_arenas/arenas_paper/box_reason_1/c2_0983.yaml,0,1001,0,0,0,0.19032797,0.0
0.0,501,12821.841661,0,3,1000,/workspace7/Unity3D/gabriele/Animal-AI/models_arenas/arenas_paper/box_reason_1/c2_0145.yaml,0,1001,0,0,0,0.45636672,0.0
0.0,501,12842.749236,0,3,1000,/workspace7/Unity3D/gabriele/Animal-AI/models_arenas/arenas_paper/box_reason_1/c2_0366.yaml,0,1001,0,0,0,0.5707081,0.0
0.0,501,12860.15565,0,3,1000,/workspace7/Unity3D/gabriele/Animal-AI/models_arenas/arenas_paper/box_reason_1/c2_0758.yaml,0,1001,0,0,0,0.55192757,0.0
0.0,501,12881.077066,0,3,1000,/workspace7/Unity3D/gabriele/Animal-AI/models_arenas/arenas_paper/box_reason_1/c2_0418.yaml,0,1001,0,0,0,0.28800035,0.0
2.996,156,12886.279776,2.996000051498413,3,1000,/workspace7/Unity3D/gabriele/Animal-AI/models_arenas/arenas_paper/box_reason_1/c2_0717.yaml,0,0,0,0,0,0.0,0.0
0.0,501,12903.677105,0,3,1000,/workspace7/Unity3D/gabriele/Animal-AI/models_arenas/arenas_paper/box_reason_1/c2_0848.yaml,0,1001,0,0,0,0.33837932,0.0
0.0,501,12924.271091,0,3,1000,/workspace7/Unity3D/gabriele/Animal-AI/models_arenas/arenas_paper/box_reason_1/c2_0009.yaml,0,1001,0,0,0,0.21539545,0.0
0.0,501,12941.45101,0,3,1000,/workspace7/Unity3D/gabriele/Animal-AI/models_arenas/arenas_paper/box_reason_1/c2_0166.yaml,0,1001,0,0,0,0.6026499,0.0
0.0,501,12961.844613,0,3,1000,/workspace7/Unity3D/gabriele/Animal-AI/models_arenas/arenas_paper/box_reason_1/c2_0983.yaml,0,1001,0,0,0,0.3414206,0.0
0.0,501,12978.246222,0,3,1000,/workspace7/Unity3D/gabriele/Animal-AI/models_arenas/arenas_paper/box_reason_1/c2_0222.yaml,0,1001,0,0,0,0.19427891,0.0
0.0,501,12998.618827,0,3,1000,/workspace7/Unity3D/gabriele/Animal-AI/models_arenas/arenas_paper/box_reason_1/c2_0641.yaml,0,1001,0,0,0,0.2959869,0.0
0.0,501,13015.739401,0,3,1000,/workspace7/Unity3D/gabriele/Animal-AI/models_arenas/arenas_paper/box_reason_1/c2_0299.yaml,0,1001,0,0,0,0.5557526,0.0
0.0,501,13036.559606,0,3,1000,/workspace7/Unity3D/gabriele/Animal-AI/models_arenas/arenas_paper/box_reason_1/c2_0809.yaml,0,1001,0,0,0,0.44086194,0.0
0.0,501,13053.691673,0,3,1000,/workspace7/Unity3D/gabriele/Animal-AI/models_arenas/arenas_paper/box_reason_1/c2_0136.yaml,0,1001,0,0,0,0.37910408,0.0
0.0,501,13074.467062,0,3,1000,/workspace7/Unity3D/gabriele/Animal-AI/models_arenas/arenas_paper/box_reason_1/c2_0902.yaml,0,1001,0,0,0,0.5193188,0.0
0.0,501,13091.763721,0,3,1000,/workspace7/Unity3D/gabriele/Animal-AI/models_arenas/arenas_paper/box_reason_1/c2_0573.yaml,0,1001,0,0,0,0.18733257,0.0
0.0,501,13112.28781,0,3,1000,/workspace7/Unity3D/gabriele/Animal-AI/models_arenas/arenas_paper/box_reason_1/c2_0919.yaml,0,1001,0,0,0,0.5135821,0.0
0.0,501,13129.702378,0,3,1000,/workspace7/Unity3D/gabriele/Animal-AI/models_arenas/arenas_paper/box_reason_1/c2_0634.yaml,0,1001,0,0,0,0.5427923,0.0
0.0,501,13150.279492,0,3,1000,/workspace7/Unity3D/gabriele/Animal-AI/models_arenas/arenas_paper/box_reason_1/c2_0615.yaml,0,1001,0,0,0,0.20640206,0.0
0.0,501,13167.528077,0,3,1000,/workspace7/Unity3D/gabriele/Animal-AI/models_arenas/arenas_paper/box_reason_1/c2_0383.yaml,0,1001,0,0,0,1.0254663,0.0
0.0,501,13188.524407,0,3,1000,/workspace7/Unity3D/gabriele/Animal-AI/models_arenas/arenas_paper/box_reason_1/c2_0084.yaml,0,1001,0,0,0,0.43311054,0.0
2.996,156,13193.627416,2.996000051498413,3,1000,/workspace7/Unity3D/gabriele/Animal-AI/models_arenas/arenas_paper/box_reason_1/c2_0484.yaml,0,0,0,0,0,0.0,0.0
0.0,501,13210.567437,0,3,1000,/workspace7/Unity3D/gabriele/Animal-AI/models_arenas/arenas_paper/box_reason_1/c2_0512.yaml,0,1001,0,0,0,0.30729222,0.0
0.0,501,13231.592057,0,3,1000,/workspace7/Unity3D/gabriele/Animal-AI/models_arenas/arenas_paper/box_reason_1/c2_0823.yaml,0,1001,0,0,0,0.50062853,0.0
0.0,501,13248.675243,0,3,1000,/workspace7/Unity3D/gabriele/Animal-AI/models_arenas/arenas_paper/box_reason_1/c2_0106.yaml,0,1001,0,0,0,0.33469057,0.0
0.0,501,13269.261348,0,3,1000,/workspace7/Unity3D/gabriele/Animal-AI/models_arenas/arenas_paper/box_reason_1/c2_0549.yaml,0,1001,0,0,0,0.29988706,0.0
0.0,501,13286.446217,0,3,1000,/workspace7/Unity3D/gabriele/Animal-AI/models_arenas/arenas_paper/box_reason_1/c2_0453.yaml,0,1001,0,0,0,0.288731,0.0
0.0,501,13306.957381,0,3,1000,/workspace7/Unity3D/gabriele/Animal-AI/models_arenas/arenas_paper/box_reason_1/c2_0018.yaml,0,1001,0,0,0,0.5824631,0.0
0.0,501,13324.501005,0,3,1000,/workspace7/Unity3D/gabriele/Animal-AI/models_arenas/arenas_paper/box_reason_1/c2_0904.yaml,0,1001,0,0,0,0.31836724,0.0
0.0,501,13345.510083,0,3,1000,/workspace7/Unity3D/gabriele/Animal-AI/models_arenas/arenas_paper/box_reason_1/c2_0632.yaml,0,1001,0,0,0,0.42206478,0.0
0.0,501,13362.646167,0,3,1000,/workspace7/Unity3D/gabriele/Animal-AI/models_arenas/arenas_paper/box_reason_1/c2_0167.yaml,0,1001,0,0,0,0.37320065,0.0
0.0,501,13383.61119,0,3,1000,/workspace7/Unity3D/gabriele/Animal-AI/models_arenas/arenas_paper/box_reason_1/c2_0768.yaml,0,1001,0,0,0,0.5210845,0.0
0.0,501,13401.224475,0,3,1000,/workspace7/Unity3D/gabriele/Animal-AI/models_arenas/arenas_paper/box_reason_1/c2_0570.yaml,0,1001,0,0,0,0.59088176,0.0
0.0,501,13421.893206,0,3,1000,/workspace7/Unity3D/gabriele/Animal-AI/models_arenas/arenas_paper/box_reason_1/c2_0468.yaml,0,1001,0,0,0,0.37460694,0.0
0.0,501,13439.440762,0,3,1000,/workspace7/Unity3D/gabriele/Animal-AI/models_arenas/arenas_paper/box_reason_1/c2_0713.yaml,0,1001,0,0,0,0.45785394,0.0
0.0,501,13460.219426,0,3,1000,/workspace7/Unity3D/gabriele/Animal-AI/models_arenas/arenas_paper/box_reason_1/c2_0893.yaml,0,1001,0,0,0,0.40937662,0.0
0.0,501,13477.506953,0,3,1000,/workspace7/Unity3D/gabriele/Animal-AI/models_arenas/arenas_paper/box_reason_1/c2_0876.yaml,0,1001,0,0,0,0.34506446,0.0
0.0,501,13498.395354,0,3,1000,/workspace7/Unity3D/gabriele/Animal-AI/models_arenas/arenas_paper/box_reason_1/c2_0158.yaml,0,1001,0,0,0,0.27859834,0.0
0.0,501,13515.211589,0,3,1000,/workspace7/Unity3D/gabriele/Animal-AI/models_arenas/arenas_paper/box_reason_1/c2_0033.yaml,0,1001,0,0,0,0.26559964,0.0
0.0,501,13535.690256,0,3,1000,/workspace7/Unity3D/gabriele/Animal-AI/models_arenas/arenas_paper/box_reason_1/c2_0928.yaml,0,1001,0,0,0,0.33628172,0.0
0.0,501,13552.630024,0,3,1000,/workspace7/Unity3D/gabriele/Animal-AI/models_arenas/arenas_paper/box_reason_1/c2_0800.yaml,0,1001,0,0,0,0.6665763,0.0
2.996,156,13561.455116,2.996000051498413,3,1000,/workspace7/Unity3D/gabriele/Animal-AI/models_arenas/arenas_paper/box_reason_1/c2_0443.yaml,0,0,0,0,0,0.0,0.0
0.0,501,13578.554721,0,3,1000,/workspace7/Unity3D/gabriele/Animal-AI/models_arenas/arenas_paper/box_reason_1/c2_0195.yaml,0,1001,0,0,0,0.56829923,0.0
0.0,501,13599.258281,0,3,1000,/workspace7/Unity3D/gabriele/Animal-AI/models_arenas/arenas_paper/box_reason_1/c2_0388.yaml,0,1001,0,0,0,0.50348604,0.0
2.996,156,13604.477775,2.996000051498413,3,1000,/workspace7/Unity3D/gabriele/Animal-AI/models_arenas/arenas_paper/box_reason_1/c2_0917.yaml,0,0,0,0,0,0.0,0.0
0.0,501,13622.041363,0,3,1000,/workspace7/Unity3D/gabriele/Animal-AI/models_arenas/arenas_paper/box_reason_1/c2_0093.yaml,0,1001,0,0,0,0.25133783,0.0
0.0,501,13643.154747,0,3,1000,/workspace7/Unity3D/gabriele/Animal-AI/models_arenas/arenas_paper/box_reason_1/c2_0795.yaml,0,1001,0,0,0,0.36600846,0.0
0.0,501,13660.376903,0,3,1000,/workspace7/Unity3D/gabriele/Animal-AI/models_arenas/arenas_paper/box_reason_1/c2_0686.yaml,0,1001,0,0,0,0.50490177,0.0
0.0,501,13680.969038,0,3,1000,/workspace7/Unity3D/gabriele/Animal-AI/models_arenas/arenas_paper/box_reason_1/c2_0638.yaml,0,1001,0,0,0,0.30993772,0.0
0.0,501,13698.495283,0,3,1000,/workspace7/Unity3D/gabriele/Animal-AI/models_arenas/arenas_paper/box_reason_1/c2_0533.yaml,0,1001,0,0,0,0.46616387,0.0
0.0,501,13719.100495,0,3,1000,/workspace7/Unity3D/gabriele/Animal-AI/models_arenas/arenas_paper/box_reason_1/c2_0770.yaml,0,1001,0,0,0,0.40697616,0.0
2.996,156,13724.124706,2.996000051498413,3,1000,/workspace7/Unity3D/gabriele/Animal-AI/models_arenas/arenas_paper/box_reason_1/c2_0610.yaml,0,0,0,0,0,0.0,0.0
2.996,156,13729.16264,2.996000051498413,3,1000,/workspace7/Unity3D/gabriele/Animal-AI/models_arenas/arenas_paper/box_reason_1/c2_0176.yaml,0,0,0,0,0,0.0,0.0
0.0,501,13746.178159,0,3,1000,/workspace7/Unity3D/gabriele/Animal-AI/models_arenas/arenas_paper/box_reason_1/c2_0832.yaml,0,1001,0,0,0,0.39041892,0.0
0.0,501,13766.854087,0,3,1000,/workspace7/Unity3D/gabriele/Animal-AI/models_arenas/arenas_paper/box_reason_1/c2_0535.yaml,0,1001,0,0,0,0.54678535,0.0
0.0,501,13784.064095,0,3,1000,/workspace7/Unity3D/gabriele/Animal-AI/models_arenas/arenas_paper/box_reason_1/c2_0799.yaml,0,1001,0,0,0,0.46073818,0.0
0.0,501,13804.685462,0,3,1000,/workspace7/Unity3D/gabriele/Animal-AI/models_arenas/arenas_paper/box_reason_1/c2_0335.yaml,0,1001,0,0,0,0.56547856,0.0
0.0,501,13822.223001,0,3,1000,/workspace7/Unity3D/gabriele/Animal-AI/models_arenas/arenas_paper/box_reason_1/c2_0683.yaml,0,1001,0,0,0,0.67034477,0.0
0.0,501,13843.224738,0,3,1000,/workspace7/Unity3D/gabriele/Animal-AI/models_arenas/arenas_paper/box_reason_1/c2_0561.yaml,0,1001,0,0,0,0.66235775,0.0
0.0,501,13859.93198,0,3,1000,/workspace7/Unity3D/gabriele/Animal-AI/models_arenas/arenas_paper/box_reason_1/c2_0128.yaml,0,1001,0,0,0,0.22587003,0.0
0.0,501,13880.916696,0,3,1000,/workspace7/Unity3D/gabriele/Animal-AI/models_arenas/arenas_paper/box_reason_1/c2_0628.yaml,0,1001,0,0,0,0.42973062,0.0
0.0,501,13901.55032,0,3,1000,/workspace7/Unity3D/gabriele/Animal-AI/models_arenas/arenas_paper/box_reason_1/c2_0753.yaml,0,1001,0,0,0,0.4361939,0.0
0.0,501,13918.812966,0,3,1000,/workspace7/Unity3D/gabriele/Animal-AI/models_arenas/arenas_paper/box_reason_1/c2_0832.yaml,0,1001,0,0,0,0.24814925,0.0
0.0,501,13939.879591,0,3,1000,/workspace7/Unity3D/gabriele/Animal-AI/models_arenas/arenas_paper/box_reason_1/c2_0149.yaml,0,1001,0,0,0,0.15333727,0.0
0.0,501,13955.736223,0,3,1000,/workspace7/Unity3D/gabriele/Animal-AI/models_arenas/arenas_paper/box_reason_1/c2_0323.yaml,0,1001,0,0,0,0.37805012,0.0
0.0,501,13976.274895,0,3,1000,/workspace7/Unity3D/gabriele/Animal-AI/models_arenas/arenas_paper/box_reason_1/c2_0205.yaml,0,1001,0,0,0,0.35477686,0.0
0.0,501,13993.485531,0,3,1000,/workspace7/Unity3D/gabriele/Animal-AI/models_arenas/arenas_paper/box_reason_1/c2_0765.yaml,0,1001,0,0,0,0.56608415,0.0
0.0,501,14014.171646,0,3,1000,/workspace7/Unity3D/gabriele/Animal-AI/models_arenas/arenas_paper/box_reason_1/c2_0988.yaml,0,1001,0,0,0,0.49896556,0.0
0.0,501,14031.422116,0,3,1000,/workspace7/Unity3D/gabriele/Animal-AI/models_arenas/arenas_paper/box_reason_1/c2_0445.yaml,0,1001,0,0,0,0.4155073,0.0
0.0,501,14051.891032,0,3,1000,/workspace7/Unity3D/gabriele/Animal-AI/models_arenas/arenas_paper/box_reason_1/c2_0458.yaml,0,1001,0,0,0,0.4124566,0.0
0.0,501,14068.862045,0,3,1000,/workspace7/Unity3D/gabriele/Animal-AI/models_arenas/arenas_paper/box_reason_1/c2_0914.yaml,0,1001,0,0,0,0.4380131,0.0
0.0,501,14089.327171,0,3,1000,/workspace7/Unity3D/gabriele/Animal-AI/models_arenas/arenas_paper/box_reason_1/c2_0911.yaml,0,1001,0,0,0,0.5359857,0.0
0.0,501,14106.241836,0,3,1000,/workspace7/Unity3D/gabriele/Animal-AI/models_arenas/arenas_paper/box_reason_1/c2_0056.yaml,0,1001,0,0,0,0.33226544,0.0
0.0,501,14126.382236,0,3,1000,/workspace7/Unity3D/gabriele/Animal-AI/models_arenas/arenas_paper/box_reason_1/c2_0503.yaml,0,1001,0,0,0,0.4045047,0.0
2.996,156,14131.563447,2.996000051498413,3,1000,/workspace7/Unity3D/gabriele/Animal-AI/models_arenas/arenas_paper/box_reason_1/c2_0370.yaml,0,0,0,0,0,0.0,0.0
0.0,501,14148.729437,0,3,1000,/workspace7/Unity3D/gabriele/Animal-AI/models_arenas/arenas_paper/box_reason_1/c2_0662.yaml,0,1001,0,0,0,0.842485,0.0
0.0,501,14169.467143,0,3,1000,/workspace7/Unity3D/gabriele/Animal-AI/models_arenas/arenas_paper/box_reason_1/c2_0596.yaml,0,1001,0,0,0,0.6815023,0.0
0.0,501,14186.911227,0,3,1000,/workspace7/Unity3D/gabriele/Animal-AI/models_arenas/arenas_paper/box_reason_1/c2_0116.yaml,0,1001,0,0,0,0.40111193,0.0
2.996,156,14191.736852,2.996000051498413,3,1000,/workspace7/Unity3D/gabriele/Animal-AI/models_arenas/arenas_paper/box_reason_1/c2_0284.yaml,0,0,0,0,0,0.0,0.0
0.0,501,14212.638649,0,3,1000,/workspace7/Unity3D/gabriele/Animal-AI/models_arenas/arenas_paper/box_reason_1/c2_0711.yaml,0,1001,0,0,0,0.2625764,0.0
0.0,501,14229.877369,0,3,1000,/workspace7/Unity3D/gabriele/Animal-AI/models_arenas/arenas_paper/box_reason_1/c2_0525.yaml,0,1001,0,0,0,0.38644633,0.0
0.0,501,14250.633974,0,3,1000,/workspace7/Unity3D/gabriele/Animal-AI/models_arenas/arenas_paper/box_reason_1/c2_0213.yaml,0,1001,0,0,0,0.4220905,0.0
0.0,501,14268.493264,0,3,1000,/workspace7/Unity3D/gabriele/Animal-AI/models_arenas/arenas_paper/box_reason_1/c2_0988.yaml,0,1001,0,0,0,0.3252666,0.0
0.0,501,14288.852812,0,3,1000,/workspace7/Unity3D/gabriele/Animal-AI/models_arenas/arenas_paper/box_reason_1/c2_0909.yaml,0,1001,0,0,0,0.3456149,0.0
0.0,501,14305.575662,0,3,1000,/workspace7/Unity3D/gabriele/Animal-AI/models_arenas/arenas_paper/box_reason_1/c2_0227.yaml,0,1001,0,0,0,0.39914572,0.0
0.0,501,14326.536812,0,3,1000,/workspace7/Unity3D/gabriele/Animal-AI/models_arenas/arenas_paper/box_reason_1/c2_0461.yaml,0,1001,0,0,0,0.5263735,0.0
0.0,501,14344.028255,0,3,1000,/workspace7/Unity3D/gabriele/Animal-AI/models_arenas/arenas_paper/box_reason_1/c2_0970.yaml,0,1001,0,0,0,0.8453256,0.0
0.0,501,14364.262317,0,3,1000,/workspace7/Unity3D/gabriele/Animal-AI/models_arenas/arenas_paper/box_reason_1/c2_0376.yaml,0,1001,0,0,0,0.5835697,0.0
0.0,501,14381.327337,0,3,1000,/workspace7/Unity3D/gabriele/Animal-AI/models_arenas/arenas_paper/box_reason_1/c2_0931.yaml,0,1001,0,0,0,0.31537962,0.0
0.0,501,14402.424121,0,3,1000,/workspace7/Unity3D/gabriele/Animal-AI/models_arenas/arenas_paper/box_reason_1/c2_0887.yaml,0,1001,0,0,0,0.35398397,0.0
0.0,501,14419.59074,0,3,1000,/workspace7/Unity3D/gabriele/Animal-AI/models_arenas/arenas_paper/box_reason_1/c2_0324.yaml,0,1001,0,0,0,0.3592633,0.0
0.0,501,14439.987177,0,3,1000,/workspace7/Unity3D/gabriele/Animal-AI/models_arenas/arenas_paper/box_reason_1/c2_0531.yaml,0,1001,0,0,0,0.27428645,0.0
0.0,501,14456.845661,0,3,1000,/workspace7/Unity3D/gabriele/Animal-AI/models_arenas/arenas_paper/box_reason_1/c2_0549.yaml,0,1001,0,0,0,0.33973426,0.0
0.0,501,14477.402065,0,3,1000,/workspace7/Unity3D/gabriele/Animal-AI/models_arenas/arenas_paper/box_reason_1/c2_0681.yaml,0,1001,0,0,0,0.514852,0.0
0.0,501,14494.518131,0,3,1000,/workspace7/Unity3D/gabriele/Animal-AI/models_arenas/arenas_paper/box_reason_1/c2_0379.yaml,0,1001,0,0,0,0.5763633,0.0
2.996,156,14499.558366,2.996000051498413,3,1000,/workspace7/Unity3D/gabriele/Animal-AI/models_arenas/arenas_paper/box_reason_1/c2_0689.yaml,0,0,0,0,0,0.0,0.0
0.0,501,14520.57142,0,3,1000,/workspace7/Unity3D/gabriele/Animal-AI/models_arenas/arenas_paper/box_reason_1/c2_0041.yaml,0,1001,0,0,0,0.59858084,0.0
0.0,501,14540.145705,0,3,1000,/workspace7/Unity3D/gabriele/Animal-AI/models_arenas/arenas_paper/box_reason_1/c2_0701.yaml,0,1001,0,0,0,0.4028177,0.0
0.0,501,14557.722707,0,3,1000,/workspace7/Unity3D/gabriele/Animal-AI/models_arenas/arenas_paper/box_reason_1/c2_0845.yaml,0,1001,0,0,0,0.23753728,0.0
0.0,501,14578.577567,0,3,1000,/workspace7/Unity3D/gabriele/Animal-AI/models_arenas/arenas_paper/box_reason_1/c2_0663.yaml,0,1001,0,0,0,0.28445008,0.0
0.0,501,14595.021502,0,3,1000,/workspace7/Unity3D/gabriele/Animal-AI/models_arenas/arenas_paper/box_reason_1/c2_0263.yaml,0,1001,0,0,0,0.33078623,0.0
0.0,501,14615.633537,0,3,1000,/workspace7/Unity3D/gabriele/Animal-AI/models_arenas/arenas_paper/box_reason_1/c2_0660.yaml,0,1001,0,0,0,0.29057762,0.0
0.0,501,14633.026572,0,3,1000,/workspace7/Unity3D/gabriele/Animal-AI/models_arenas/arenas_paper/box_reason_1/c2_0170.yaml,0,1001,0,0,0,0.32008684,0.0
0.0,501,14654.117793,0,3,1000,/workspace7/Unity3D/gabriele/Animal-AI/models_arenas/arenas_paper/box_reason_1/c2_0983.yaml,0,1001,0,0,0,0.32196784,0.0
0.0,501,14671.191134,0,3,1000,/workspace7/Unity3D/gabriele/Animal-AI/models_arenas/arenas_paper/box_reason_1/c2_0220.yaml,0,1001,0,0,0,0.32798344,0.0
0.0,501,14692.012768,0,3,1000,/workspace7/Unity3D/gabriele/Animal-AI/models_arenas/arenas_paper/box_reason_1/c2_0080.yaml,0,1001,0,0,0,0.29393694,0.0
0.0,501,14708.877889,0,3,1000,/workspace7/Unity3D/gabriele/Animal-AI/models_arenas/arenas_paper/box_reason_1/c2_0226.yaml,0,1001,0,0,0,0.3966263,0.0
0.0,501,14729.97993,0,3,1000,/workspace7/Unity3D/gabriele/Animal-AI/models_arenas/arenas_paper/box_reason_1/c2_0766.yaml,0,1001,0,0,0,0.3818714,0.0
0.0,501,14747.344893,0,3,1000,/workspace7/Unity3D/gabriele/Animal-AI/models_arenas/arenas_paper/box_reason_1/c2_0244.yaml,0,1001,0,0,0,0.50612104,0.0
0.0,501,14767.69896,0,3,1000,/workspace7/Unity3D/gabriele/Animal-AI/models_arenas/arenas_paper/box_reason_1/c2_0786.yaml,0,1001,0,0,0,0.32593396,0.0
0.0,501,14784.835215,0,3,1000,/workspace7/Unity3D/gabriele/Animal-AI/models_arenas/arenas_paper/box_reason_1/c2_0931.yaml,0,1001,0,0,0,0.4640374,0.0
0.0,501,14805.225266,0,3,1000,/workspace7/Unity3D/gabriele/Animal-AI/models_arenas/arenas_paper/box_reason_1/c2_0642.yaml,0,1001,0,0,0,0.3606275,0.0
0.0,501,14822.656061,0,3,1000,/workspace7/Unity3D/gabriele/Animal-AI/models_arenas/arenas_paper/box_reason_1/c2_0898.yaml,0,1001,0,0,0,0.35762578,0.0
0.0,501,14843.822935,0,3,1000,/workspace7/Unity3D/gabriele/Animal-AI/models_arenas/arenas_paper/box_reason_1/c2_0722.yaml,0,1001,0,0,0,0.23338337,0.0
0.0,501,14861.141873,0,3,1000,/workspace7/Unity3D/gabriele/Animal-AI/models_arenas/arenas_paper/box_reason_1/c2_0502.yaml,0,1001,0,0,0,0.24255127,0.0
0.0,501,14881.965484,0,3,1000,/workspace7/Unity3D/gabriele/Animal-AI/models_arenas/arenas_paper/box_reason_1/c2_0141.yaml,0,1001,0,0,0,0.19811764,0.0
2.996,156,14886.974952,2.996000051498413,3,1000,/workspace7/Unity3D/gabriele/Animal-AI/models_arenas/arenas_paper/box_reason_1/c2_0165.yaml,0,0,0,0,0,0.0,0.0
0.0,501,14904.325057,0,3,1000,/workspace7/Unity3D/gabriele/Animal-AI/models_arenas/arenas_paper/box_reason_1/c2_0227.yaml,0,1001,0,0,0,0.24415624,0.0
2.996,156,14909.557904,2.996000051498413,3,1000,/workspace7/Unity3D/gabriele/Animal-AI/models_arenas/arenas_paper/box_reason_1/c2_0107.yaml,0,0,0,0,0,0.0,0.0
0.0,501,14930.257984,0,3,1000,/workspace7/Unity3D/gabriele/Animal-AI/models_arenas/arenas_paper/box_reason_1/c2_0558.yaml,0,1001,0,0,0,0.44467148,0.0
0.0,501,14947.392868,0,3,1000,/workspace7/Unity3D/gabriele/Animal-AI/models_arenas/arenas_paper/box_reason_1/c2_0874.yaml,0,1001,0,0,0,0.39738223,0.0
0.0,501,14967.930033,0,3,1000,/workspace7/Unity3D/gabriele/Animal-AI/models_arenas/arenas_paper/box_reason_1/c2_0335.yaml,0,1001,0,0,0,0.28412932,0.0
0.0,501,14984.748555,0,3,1000,/workspace7/Unity3D/gabriele/Animal-AI/models_arenas/arenas_paper/box_reason_1/c2_0407.yaml,0,1001,0,0,0,0.3986521,0.0
0.0,501,15005.78391,0,3,1000,/workspace7/Unity3D/gabriele/Animal-AI/models_arenas/arenas_paper/box_reason_1/c2_0391.yaml,0,1001,0,0,0,0.33486998,0.0
0.0,501,15023.266124,0,3,1000,/workspace7/Unity3D/gabriele/Animal-AI/models_arenas/arenas_paper/box_reason_1/c2_0877.yaml,0,1001,0,0,0,0.3642657,0.0
0.0,501,15043.959504,0,3,1000,/workspace7/Unity3D/gabriele/Animal-AI/models_arenas/arenas_paper/box_reason_1/c2_0258.yaml,0,1001,0,0,0,0.28549597,0.0
0.0,501,15060.935829,0,3,1000,/workspace7/Unity3D/gabriele/Animal-AI/models_arenas/arenas_paper/box_reason_1/c2_0244.yaml,0,1001,0,0,0,0.44067004,0.0
0.0,501,15081.714031,0,3,1000,/workspace7/Unity3D/gabriele/Animal-AI/models_arenas/arenas_paper/box_reason_1/c2_0040.yaml,0,1001,0,0,0,0.30765694,0.0
2.996,156,15086.810345,2.996000051498413,3,1000,/workspace7/Unity3D/gabriele/Animal-AI/models_arenas/arenas_paper/box_reason_1/c2_0230.yaml,0,0,0,0,0,0.0,0.0
0.0,501,15103.757343,0,3,1000,/workspace7/Unity3D/gabriele/Animal-AI/models_arenas/arenas_paper/box_reason_1/c2_0764.yaml,0,1001,0,0,0,0.5694601,0.0
0.0,501,15123.570984,0,3,1000,/workspace7/Unity3D/gabriele/Animal-AI/models_arenas/arenas_paper/box_reason_1/c2_0587.yaml,0,1001,0,0,0,0.69536436,0.0
0.0,501,15144.186059,0,3,1000,/workspace7/Unity3D/gabriele/Animal-AI/models_arenas/arenas_paper/box_reason_1/c2_0074.yaml,0,1001,0,0,0,0.54990137,0.0
0.0,501,15161.066294,0,3,1000,/workspace7/Unity3D/gabriele/Animal-AI/models_arenas/arenas_paper/box_reason_1/c2_0014.yaml,0,1001,0,0,0,0.4427969,0.0
0.0,501,15181.932744,0,3,1000,/workspace7/Unity3D/gabriele/Animal-AI/models_arenas/arenas_paper/box_reason_1/c2_0081.yaml,0,1001,0,0,0,0.5721777,0.0
0.0,501,15199.197781,0,3,1000,/workspace7/Unity3D/gabriele/Animal-AI/models_arenas/arenas_paper/box_reason_1/c2_0501.yaml,0,1001,0,0,0,0.462006,0.0
0.0,501,15220.105305,0,3,1000,/workspace7/Unity3D/gabriele/Animal-AI/models_arenas/arenas_paper/box_reason_1/c2_0614.yaml,0,1001,0,0,0,0.48779407,0.0
0.0,501,15237.20202,0,3,1000,/workspace7/Unity3D/gabriele/Animal-AI/models_arenas/arenas_paper/box_reason_1/c2_0921.yaml,0,1001,0,0,0,0.33917153,0.0
0.0,501,15258.234591,0,3,1000,/workspace7/Unity3D/gabriele/Animal-AI/models_arenas/arenas_paper/box_reason_1/c2_0289.yaml,0,1001,0,0,0,0.47354937,0.0
0.0,501,15275.283813,0,3,1000,/workspace7/Unity3D/gabriele/Animal-AI/models_arenas/arenas_paper/box_reason_1/c2_0600.yaml,0,1001,0,0,0,0.2886076,0.0
0.0,501,15296.105299,0,3,1000,/workspace7/Unity3D/gabriele/Animal-AI/models_arenas/arenas_paper/box_reason_1/c2_0399.yaml,0,1001,0,0,0,0.4031049,0.0
0.0,501,15312.781207,0,3,1000,/workspace7/Unity3D/gabriele/Animal-AI/models_arenas/arenas_paper/box_reason_1/c2_0899.yaml,0,1001,0,0,0,0.4638883,0.0
0.0,501,15333.366331,0,3,1000,/workspace7/Unity3D/gabriele/Animal-AI/models_arenas/arenas_paper/box_reason_1/c2_0524.yaml,0,1001,0,0,0,0.44956094,0.0
2.996,156,15338.146726,2.996000051498413,3,1000,/workspace7/Unity3D/gabriele/Animal-AI/models_arenas/arenas_paper/box_reason_1/c2_0982.yaml,0,0,0,0,0,0.0,0.0
0.0,501,15354.862691,0,3,1000,/workspace7/Unity3D/gabriele/Animal-AI/models_arenas/arenas_paper/box_reason_1/c2_0514.yaml,0,1001,0,0,0,0.4429201,0.0
0.0,501,15375.707396,0,3,1000,/workspace7/Unity3D/gabriele/Animal-AI/models_arenas/arenas_paper/box_reason_1/c2_0105.yaml,0,1001,0,0,0,0.4102847,0.0
0.0,501,15393.144908,0,3,1000,/workspace7/Unity3D/gabriele/Animal-AI/models_arenas/arenas_paper/box_reason_1/c2_0808.yaml,0,1001,0,0,0,0.30468145,0.0
0.0,501,15413.826993,0,3,1000,/workspace7/Unity3D/gabriele/Animal-AI/models_arenas/arenas_paper/box_reason_1/c2_0332.yaml,0,1001,0,0,0,0.385942,0.0
0.0,501,15430.951054,0,3,1000,/workspace7/Unity3D/gabriele/Animal-AI/models_arenas/arenas_paper/box_reason_1/c2_0106.yaml,0,1001,0,0,0,0.4647387,0.0
0.0,501,15451.796218,0,3,1000,/workspace7/Unity3D/gabriele/Animal-AI/models_arenas/arenas_paper/box_reason_1/c2_0493.yaml,0,1001,0,0,0,0.38876125,0.0
0.0,501,15469.056176,0,3,1000,/workspace7/Unity3D/gabriele/Animal-AI/models_arenas/arenas_paper/box_reason_1/c2_0126.yaml,0,1001,0,0,0,0.41614607,0.0
0.0,501,15489.772772,0,3,1000,/workspace7/Unity3D/gabriele/Animal-AI/models_arenas/arenas_paper/box_reason_1/c2_0883.yaml,0,1001,0,0,0,0.27178255,0.0
0.0,501,15507.145095,0,3,1000,/workspace7/Unity3D/gabriele/Animal-AI/models_arenas/arenas_paper/box_reason_1/c2_0136.yaml,0,1001,0,0,0,0.37660402,0.0
0.0,501,15527.887062,0,3,1000,/workspace7/Unity3D/gabriele/Animal-AI/models_arenas/arenas_paper/box_reason_1/c2_0527.yaml,0,1001,0,0,0,0.46915084,0.0
2.996,156,15533.140467,2.996000051498413,3,1000,/workspace7/Unity3D/gabriele/Animal-AI/models_arenas/arenas_paper/box_reason_1/c2_0130.yaml,0,0,0,0,0,0.0,0.0
0.0,501,15550.526407,0,3,1000,/workspace7/Unity3D/gabriele/Animal-AI/models_arenas/arenas_paper/box_reason_1/c2_0579.yaml,0,1001,0,0,0,0.35652915,0.0
2.996,156,15555.63653,2.996000051498413,3,1000,/workspace7/Unity3D/gabriele/Animal-AI/models_arenas/arenas_paper/box_reason_1/c2_0644.yaml,0,0,0,0,0,0.0,0.0
0.0,501,15576.391585,0,3,1000,/workspace7/Unity3D/gabriele/Animal-AI/models_arenas/arenas_paper/box_reason_1/c2_0111.yaml,0,1001,0,0,0,0.2660132,0.0
2.996,156,15581.616987,2.996000051498413,3,1000,/workspace7/Unity3D/gabriele/Animal-AI/models_arenas/arenas_paper/box_reason_1/c2_0955.yaml,0,0,0,0,0,0.0,0.0
0.0,501,15602.431676,0,3,1000,/workspace7/Unity3D/gabriele/Animal-AI/models_arenas/arenas_paper/box_reason_1/c2_0678.yaml,0,1001,0,0,0,0.2775777,0.0
0.0,501,15619.349083,0,3,1000,/workspace7/Unity3D/gabriele/Animal-AI/models_arenas/arenas_paper/box_reason_1/c2_0406.yaml,0,1001,0,0,0,0.20443232,0.0
0.0,501,15640.033007,0,3,1000,/workspace7/Unity3D/gabriele/Animal-AI/models_arenas/arenas_paper/box_reason_1/c2_0423.yaml,0,1001,0,0,0,0.25189427,0.0
0.0,501,15657.328548,0,3,1000,/workspace7/Unity3D/gabriele/Animal-AI/models_arenas/arenas_paper/box_reason_1/c2_0549.yaml,0,1001,0,0,0,0.3316851,0.0
2.996,156,15662.499199,2.996000051498413,3,1000,/workspace7/Unity3D/gabriele/Animal-AI/models_arenas/arenas_paper/box_reason_1/c2_0276.yaml,0,0,0,0,0,0.0,0.0
0.0,501,15683.262927,0,3,1000,/workspace7/Unity3D/gabriele/Animal-AI/models_arenas/arenas_paper/box_reason_1/c2_0315.yaml,0,1001,0,0,0,0.3124016,0.0
0.0,501,15700.642547,0,3,1000,/workspace7/Unity3D/gabriele/Animal-AI/models_arenas/arenas_paper/box_reason_1/c2_0934.yaml,0,1001,0,0,0,0.23677959,0.0
0.0,501,15721.157064,0,3,1000,/workspace7/Unity3D/gabriele/Animal-AI/models_arenas/arenas_paper/box_reason_1/c2_0908.yaml,0,1001,0,0,0,0.24308857,0.0
0.0,501,15738.479361,0,3,1000,/workspace7/Unity3D/gabriele/Animal-AI/models_arenas/arenas_paper/box_reason_1/c2_0672.yaml,0,1001,0,0,0,0.5718231,0.0
0.0,501,15759.355792,0,3,1000,/workspace7/Unity3D/gabriele/Animal-AI/models_arenas/arenas_paper/box_reason_1/c2_0139.yaml,0,1001,0,0,0,0.32527646,0.0
0.0,501,15776.620347,0,3,1000,/workspace7/Unity3D/gabriele/Animal-AI/models_arenas/arenas_paper/box_reason_1/c2_0535.yaml,0,1001,0,0,0,0.553927,0.0
0.0,501,15796.979345,0,3,1000,/workspace7/Unity3D/gabriele/Animal-AI/models_arenas/arenas_paper/box_reason_1/c2_0702.yaml,0,1001,0,0,0,0.75798243,0.0
0.0,501,15814.295815,0,3,1000,/workspace7/Unity3D/gabriele/Animal-AI/models_arenas/arenas_paper/box_reason_1/c2_0247.yaml,0,1001,0,0,0,0.23164447,0.0
0.0,501,15834.849748,0,3,1000,/workspace7/Unity3D/gabriele/Animal-AI/models_arenas/arenas_paper/box_reason_1/c2_0235.yaml,0,1001,0,0,0,0.33041686,0.0
0.0,501,15851.813444,0,3,1000,/workspace7/Unity3D/gabriele/Animal-AI/models_arenas/arenas_paper/box_reason_1/c2_0923.yaml,0,1001,0,0,0,0.3238166,0.0
0.0,501,15872.378354,0,3,1000,/workspace7/Unity3D/gabriele/Animal-AI/models_arenas/arenas_paper/box_reason_1/c2_0375.yaml,0,1001,0,0,0,0.2922128,0.0
0.0,501,15889.444067,0,3,1000,/workspace7/Unity3D/gabriele/Animal-AI/models_arenas/arenas_paper/box_reason_1/c2_0271.yaml,0,1001,0,0,0,0.29163253,0.0
2.996,156,15894.470665,2.996000051498413,3,1000,/workspace7/Unity3D/gabriele/Animal-AI/models_arenas/arenas_paper/box_reason_1/c2_0140.yaml,0,0,0,0,0,0.0,0.0
0.0,501,15915.231604,0,3,1000,/workspace7/Unity3D/gabriele/Animal-AI/models_arenas/arenas_paper/box_reason_1/c2_0731.yaml,0,1001,0,0,0,0.33821803,0.0
0.0,501,15932.269775,0,3,1000,/workspace7/Unity3D/gabriele/Animal-AI/models_arenas/arenas_paper/box_reason_1/c2_0319.yaml,0,1001,0,0,0,0.26125064,0.0
2.996,156,15940.958683,2.996000051498413,3,1000,/workspace7/Unity3D/gabriele/Animal-AI/models_arenas/arenas_paper/box_reason_1/c2_0465.yaml,0,0,0,0,0,0.0,0.0
0.0,501,15957.438871,0,3,1000,/workspace7/Unity3D/gabriele/Animal-AI/models_arenas/arenas_paper/box_reason_1/c2_0186.yaml,0,1001,0,0,0,0.28918257,0.0
2.996,156,15962.303651,2.996000051498413,3,1000,/workspace7/Unity3D/gabriele/Animal-AI/models_arenas/arenas_paper/box_reason_1/c2_0929.yaml,0,0,0,0,0,0.0,0.0
0.0,501,15983.135718,0,3,1000,/workspace7/Unity3D/gabriele/Animal-AI/models_arenas/arenas_paper/box_reason_1/c2_0565.yaml,0,1001,0,0,0,0.29750714,0.0
0.0,501,16000.061438,0,3,1000,/workspace7/Unity3D/gabriele/Animal-AI/models_arenas/arenas_paper/box_reason_1/c2_0547.yaml,0,1001,0,0,0,0.2591909,0.0
0.0,501,16020.455969,0,3,1000,/workspace7/Unity3D/gabriele/Animal-AI/models_arenas/arenas_paper/box_reason_1/c2_0957.yaml,0,1001,0,0,0,0.4183539,0.0
0.0,501,16037.67375,0,3,1000,/workspace7/Unity3D/gabriele/Animal-AI/models_arenas/arenas_paper/box_reason_1/c2_0900.yaml,0,1001,0,0,0,0.29726526,0.0
0.0,501,16059.312656,0,3,1000,/workspace7/Unity3D/gabriele/Animal-AI/models_arenas/arenas_paper/box_reason_1/c2_0261.yaml,0,1001,0,0,0,0.3177895,0.0
0.0,501,16076.793768,0,3,1000,/workspace7/Unity3D/gabriele/Animal-AI/models_arenas/arenas_paper/box_reason_1/c2_0070.yaml,0,1001,0,0,0,0.22141339,0.0
0.0,501,16097.738145,0,3,1000,/workspace7/Unity3D/gabriele/Animal-AI/models_arenas/arenas_paper/box_reason_1/c2_0926.yaml,0,1001,0,0,0,0.31152248,0.0
0.0,501,16114.449768,0,3,1000,/workspace7/Unity3D/gabriele/Animal-AI/models_arenas/arenas_paper/box_reason_1/c2_0267.yaml,0,1001,0,0,0,0.21447317,0.0
0.0,501,16135.278392,0,3,1000,/workspace7/Unity3D/gabriele/Animal-AI/models_arenas/arenas_paper/box_reason_1/c2_0333.yaml,0,1001,0,0,0,0.24667373,0.0
0.0,501,16152.451809,0,3,1000,/workspace7/Unity3D/gabriele/Animal-AI/models_arenas/arenas_paper/box_reason_1/c2_0749.yaml,0,1001,0,0,0,0.27104917,0.0
0.0,501,16173.067804,0,3,1000,/workspace7/Unity3D/gabriele/Animal-AI/models_arenas/arenas_paper/box_reason_1/c2_0270.yaml,0,1001,0,0,0,0.33952415,0.0
0.0,501,16190.308824,0,3,1000,/workspace7/Unity3D/gabriele/Animal-AI/models_arenas/arenas_paper/box_reason_1/c2_0740.yaml,0,1001,0,0,0,0.47948864,0.0
0.0,501,16211.136824,0,3,1000,/workspace7/Unity3D/gabriele/Animal-AI/models_arenas/arenas_paper/box_reason_1/c2_0240.yaml,0,1001,0,0,0,0.32056215,0.0
0.0,501,16228.231752,0,3,1000,/workspace7/Unity3D/gabriele/Animal-AI/models_arenas/arenas_paper/box_reason_1/c2_0195.yaml,0,1001,0,0,0,0.3633925,0.0
0.0,501,16248.776711,0,3,1000,/workspace7/Unity3D/gabriele/Animal-AI/models_arenas/arenas_paper/box_reason_1/c2_0040.yaml,0,1001,0,0,0,0.2822861,0.0
0.0,501,16266.255812,0,3,1000,/workspace7/Unity3D/gabriele/Animal-AI/models_arenas/arenas_paper/box_reason_1/c2_0677.yaml,0,1001,0,0,0,0.42058128,0.0
0.0,501,16287.228367,0,3,1000,/workspace7/Unity3D/gabriele/Animal-AI/models_arenas/arenas_paper/box_reason_1/c2_0312.yaml,0,1001,0,0,0,0.3542148,0.0
0.0,501,16303.966944,0,3,1000,/workspace7/Unity3D/gabriele/Animal-AI/models_arenas/arenas_paper/box_reason_1/c2_0781.yaml,0,1001,0,0,0,0.42836985,0.0
0.0,501,16324.557661,0,3,1000,/workspace7/Unity3D/gabriele/Animal-AI/models_arenas/arenas_paper/box_reason_1/c2_0624.yaml,0,1001,0,0,0,0.24672805,0.0
0.0,501,16341.605112,0,3,1000,/workspace7/Unity3D/gabriele/Animal-AI/models_arenas/arenas_paper/box_reason_1/c2_0084.yaml,0,1001,0,0,0,0.20887882,0.0
2.996,156,16346.763629,2.996000051498413,3,1000,/workspace7/Unity3D/gabriele/Animal-AI/models_arenas/arenas_paper/box_reason_1/c2_0183.yaml,0,0,0,0,0,0.0,0.0
0.0,501,16367.809765,0,3,1000,/workspace7/Unity3D/gabriele/Animal-AI/models_arenas/arenas_paper/box_reason_1/c2_0452.yaml,0,1001,0,0,0,0.28867796,0.0
0.0,501,16385.181568,0,3,1000,/workspace7/Unity3D/gabriele/Animal-AI/models_arenas/arenas_paper/box_reason_1/c2_0035.yaml,0,1001,0,0,0,0.32538003,0.0
0.0,501,16406.003669,0,3,1000,/workspace7/Unity3D/gabriele/Animal-AI/models_arenas/arenas_paper/box_reason_1/c2_0380.yaml,0,1001,0,0,0,0.42795867,0.0
0.0,501,16422.911467,0,3,1000,/workspace7/Unity3D/gabriele/Animal-AI/models_arenas/arenas_paper/box_reason_1/c2_0192.yaml,0,1001,0,0,0,0.34010652,0.0
0.0,501,16442.709346,0,3,1000,/workspace7/Unity3D/gabriele/Animal-AI/models_arenas/arenas_paper/box_reason_1/c2_0303.yaml,0,1001,0,0,0,0.3036614,0.0
0.0,501,16460.068777,0,3,1000,/workspace7/Unity3D/gabriele/Animal-AI/models_arenas/arenas_paper/box_reason_1/c2_0540.yaml,0,1001,0,0,0,0.34284595,0.0
0.0,501,16480.859485,0,3,1000,/workspace7/Unity3D/gabriele/Animal-AI/models_arenas/arenas_paper/box_reason_1/c2_0581.yaml,0,1001,0,0,0,0.33045954,0.0
0.0,501,16498.131199,0,3,1000,/workspace7/Unity3D/gabriele/Animal-AI/models_arenas/arenas_paper/box_reason_1/c2_0607.yaml,0,1001,0,0,0,0.34728515,0.0
0.0,501,16518.239563,0,3,1000,/workspace7/Unity3D/gabriele/Animal-AI/models_arenas/arenas_paper/box_reason_1/c2_0127.yaml,0,1001,0,0,0,0.41926047,0.0
2.996,156,16523.242785,2.996000051498413,3,1000,/workspace7/Unity3D/gabriele/Animal-AI/models_arenas/arenas_paper/box_reason_1/c2_0336.yaml,0,0,0,0,0,0.0,0.0
0.0,501,16544.254421,0,3,1000,/workspace7/Unity3D/gabriele/Animal-AI/models_arenas/arenas_paper/box_reason_1/c2_0382.yaml,0,1001,0,0,0,0.41995767,0.0
0.0,501,16561.347685,0,3,1000,/workspace7/Unity3D/gabriele/Animal-AI/models_arenas/arenas_paper/box_reason_1/c2_0739.yaml,0,1001,0,0,0,0.68525493,0.0
0.0,501,16581.901733,0,3,1000,/workspace7/Unity3D/gabriele/Animal-AI/models_arenas/arenas_paper/box_reason_1/c2_0147.yaml,0,1001,0,0,0,0.3495059,0.0
0.0,501,16599.284503,0,3,1000,/workspace7/Unity3D/gabriele/Animal-AI/models_arenas/arenas_paper/box_reason_1/c2_0859.yaml,0,1001,0,0,0,0.33812305,0.0
0.0,501,16620.038899,0,3,1000,/workspace7/Unity3D/gabriele/Animal-AI/models_arenas/arenas_paper/box_reason_1/c2_0033.yaml,0,1001,0,0,0,0.51623476,0.0
0.0,501,16637.041775,0,3,1000,/workspace7/Unity3D/gabriele/Animal-AI/models_arenas/arenas_paper/box_reason_1/c2_0544.yaml,0,1001,0,0,0,0.29582125,0.0
0.0,501,16657.659334,0,3,1000,/workspace7/Unity3D/gabriele/Animal-AI/models_arenas/arenas_paper/box_reason_1/c2_0671.yaml,0,1001,0,0,0,0.31113178,0.0
0.0,501,16674.659459,0,3,1000,/workspace7/Unity3D/gabriele/Animal-AI/models_arenas/arenas_paper/box_reason_1/c2_0824.yaml,0,1001,0,0,0,0.40220848,0.0
0.0,501,16695.137952,0,3,1000,/workspace7/Unity3D/gabriele/Animal-AI/models_arenas/arenas_paper/box_reason_1/c2_0002.yaml,0,1001,0,0,0,0.33710903,0.0
0.0,501,16712.084113,0,3,1000,/workspace7/Unity3D/gabriele/Animal-AI/models_arenas/arenas_paper/box_reason_1/c2_0988.yaml,0,1001,0,0,0,0.24667124,0.0
0.0,501,16732.795353,0,3,1000,/workspace7/Unity3D/gabriele/Animal-AI/models_arenas/arenas_paper/box_reason_1/c2_0161.yaml,0,1001,0,0,0,0.25254315,0.0
0.0,501,16750.182082,0,3,1000,/workspace7/Unity3D/gabriele/Animal-AI/models_arenas/arenas_paper/box_reason_1/c2_0005.yaml,0,1001,0,0,0,0.3379954,0.0
0.0,501,16771.09535,0,3,1000,/workspace7/Unity3D/gabriele/Animal-AI/models_arenas/arenas_paper/box_reason_1/c2_0344.yaml,0,1001,0,0,0,0.35573596,0.0
0.0,501,16788.427285,0,3,1000,/workspace7/Unity3D/gabriele/Animal-AI/models_arenas/arenas_paper/box_reason_1/c2_0842.yaml,0,1001,0,0,0,0.3076529,0.0
0.0,501,16809.163375,0,3,1000,/workspace7/Unity3D/gabriele/Animal-AI/models_arenas/arenas_paper/box_reason_1/c2_0965.yaml,0,1001,0,0,0,0.3238855,0.0
2.996,156,16814.322044,2.996000051498413,3,1000,/workspace7/Unity3D/gabriele/Animal-AI/models_arenas/arenas_paper/box_reason_1/c2_0592.yaml,0,0,0,0,0,0.0,0.0
0.0,501,16831.701115,0,3,1000,/workspace7/Unity3D/gabriele/Animal-AI/models_arenas/arenas_paper/box_reason_1/c2_0484.yaml,0,1001,0,0,0,0.19374597,0.0
0.0,501,16852.292472,0,3,1000,/workspace7/Unity3D/gabriele/Animal-AI/models_arenas/arenas_paper/box_reason_1/c2_0295.yaml,0,1001,0,0,0,0.24918532,0.0
0.0,501,16869.412501,0,3,1000,/workspace7/Unity3D/gabriele/Animal-AI/models_arenas/arenas_paper/box_reason_1/c2_0503.yaml,0,1001,0,0,0,0.26312456,0.0
0.0,501,16889.711207,0,3,1000,/workspace7/Unity3D/gabriele/Animal-AI/models_arenas/arenas_paper/box_reason_1/c2_0020.yaml,0,1001,0,0,0,0.82274884,0.0
0.0,501,16907.184659,0,3,1000,/workspace7/Unity3D/gabriele/Animal-AI/models_arenas/arenas_paper/box_reason_1/c2_0204.yaml,0,1001,0,0,0,0.8862155,0.0
0.0,501,16927.694582,0,3,1000,/workspace7/Unity3D/gabriele/Animal-AI/models_arenas/arenas_paper/box_reason_1/c2_0086.yaml,0,1001,0,0,0,0.24234477,0.0
0.0,501,16944.971253,0,3,1000,/workspace7/Unity3D/gabriele/Animal-AI/models_arenas/arenas_paper/box_reason_1/c2_0779.yaml,0,1001,0,0,0,0.3278772,0.0
0.0,501,16966.056658,0,3,1000,/workspace7/Unity3D/gabriele/Animal-AI/models_arenas/arenas_paper/box_reason_1/c2_0183.yaml,0,1001,0,0,0,0.38258332,0.0
0.0,501,16983.300608,0,3,1000,/workspace7/Unity3D/gabriele/Animal-AI/models_arenas/arenas_paper/box_reason_1/c2_0192.yaml,0,1001,0,0,0,0.3726104,0.0
2.996,156,16988.371926,2.996000051498413,3,1000,/workspace7/Unity3D/gabriele/Animal-AI/models_arenas/arenas_paper/box_reason_1/c2_0733.yaml,0,0,0,0,0,0.0,0.0
0.0,501,17007.480416,0,3,1000,/workspace7/Unity3D/gabriele/Animal-AI/models_arenas/arenas_paper/box_reason_1/c2_0742.yaml,0,1001,0,0,0,0.27656645,0.0
0.0,501,17024.788049,0,3,1000,/workspace7/Unity3D/gabriele/Animal-AI/models_arenas/arenas_paper/box_reason_1/c2_0296.yaml,0,1001,0,0,0,0.43985432,0.0
0.0,501,17045.655197,0,3,1000,/workspace7/Unity3D/gabriele/Animal-AI/models_arenas/arenas_paper/box_reason_1/c2_0176.yaml,0,1001,0,0,0,0.37519997,0.0
0.0,501,17062.51656,0,3,1000,/workspace7/Unity3D/gabriele/Animal-AI/models_arenas/arenas_paper/box_reason_1/c2_0794.yaml,0,1001,0,0,0,0.5333756,0.0
0.0,501,17082.977915,0,3,1000,/workspace7/Unity3D/gabriele/Animal-AI/models_arenas/arenas_paper/box_reason_1/c2_0644.yaml,0,1001,0,0,0,1.020317,0.0
0.0,501,17100.149023,0,3,1000,/workspace7/Unity3D/gabriele/Animal-AI/models_arenas/arenas_paper/box_reason_1/c2_0750.yaml,0,1001,0,0,0,0.40948474,0.0
0.0,501,17120.746267,0,3,1000,/workspace7/Unity3D/gabriele/Animal-AI/models_arenas/arenas_paper/box_reason_1/c2_0921.yaml,0,1001,0,0,0,0.21686354,0.0
0.0,501,17138.110155,0,3,1000,/workspace7/Unity3D/gabriele/Animal-AI/models_arenas/arenas_paper/box_reason_1/c2_0023.yaml,0,1001,0,0,0,0.26260105,0.0
0.0,501,17158.825843,0,3,1000,/workspace7/Unity3D/gabriele/Animal-AI/models_arenas/arenas_paper/box_reason_1/c2_0111.yaml,0,1001,0,0,0,0.26566374,0.0
0.0,501,17176.007991,0,3,1000,/workspace7/Unity3D/gabriele/Animal-AI/models_arenas/arenas_paper/box_reason_1/c2_0801.yaml,0,1001,0,0,0,0.32569736,0.0
0.0,501,17196.949002,0,3,1000,/workspace7/Unity3D/gabriele/Animal-AI/models_arenas/arenas_paper/box_reason_1/c2_0711.yaml,0,1001,0,0,0,0.25231728,0.0
0.0,501,17213.994525,0,3,1000,/workspace7/Unity3D/gabriele/Animal-AI/models_arenas/arenas_paper/box_reason_1/c2_0726.yaml,0,1001,0,0,0,0.3003618,0.0
0.0,501,17234.997745,0,3,1000,/workspace7/Unity3D/gabriele/Animal-AI/models_arenas/arenas_paper/box_reason_1/c2_0989.yaml,0,1001,0,0,0,0.35911813,0.0
2.996,156,17240.001781,2.996000051498413,3,1000,/workspace7/Unity3D/gabriele/Animal-AI/models_arenas/arenas_paper/box_reason_1/c2_0571.yaml,0,0,0,0,0,0.0,0.0
0.0,501,17260.860583,0,3,1000,/workspace7/Unity3D/gabriele/Animal-AI/models_arenas/arenas_paper/box_reason_1/c2_0582.yaml,0,1001,0,0,0,0.3767405,0.0
0.0,501,17277.939893,0,3,1000,/workspace7/Unity3D/gabriele/Animal-AI/models_arenas/arenas_paper/box_reason_1/c2_0038.yaml,0,1001,0,0,0,0.40399376,0.0
0.0,501,17297.979758,0,3,1000,/workspace7/Unity3D/gabriele/Animal-AI/models_arenas/arenas_paper/box_reason_1/c2_0370.yaml,0,1001,0,0,0,0.4604228,0.0
0.0,501,17315.389842,0,3,1000,/workspace7/Unity3D/gabriele/Animal-AI/models_arenas/arenas_paper/box_reason_1/c2_0624.yaml,0,1001,0,0,0,0.29417548,0.0
0.0,501,17336.076676,0,3,1000,/workspace7/Unity3D/gabriele/Animal-AI/models_arenas/arenas_paper/box_reason_1/c2_0030.yaml,0,1001,0,0,0,0.42896867,0.0
0.0,501,17352.857685,0,3,1000,/workspace7/Unity3D/gabriele/Animal-AI/models_arenas/arenas_paper/box_reason_1/c2_0067.yaml,0,1001,0,0,0,0.39734384,0.0
2.996,156,17357.77098,2.996000051498413,3,1000,/workspace7/Unity3D/gabriele/Animal-AI/models_arenas/arenas_paper/box_reason_1/c2_0120.yaml,0,0,0,0,0,0.0,0.0
0.0,501,17378.355054,0,3,1000,/workspace7/Unity3D/gabriele/Animal-AI/models_arenas/arenas_paper/box_reason_1/c2_0017.yaml,0,1001,0,0,0,0.23378877,0.0
0.0,501,17395.390507,0,3,1000,/workspace7/Unity3D/gabriele/Animal-AI/models_arenas/arenas_paper/box_reason_1/c2_0755.yaml,0,1001,0,0,0,0.49442312,0.0
2.996,156,17400.26347,2.996000051498413,3,1000,/workspace7/Unity3D/gabriele/Animal-AI/models_arenas/arenas_paper/box_reason_1/c2_0277.yaml,0,0,0,0,0,0.0,0.0
0.0,501,17420.843861,0,3,1000,/workspace7/Unity3D/gabriele/Animal-AI/models_arenas/arenas_paper/box_reason_1/c2_0339.yaml,0,1001,0,0,0,0.3159899,0.0
0.0,501,17438.342235,0,3,1000,/workspace7/Unity3D/gabriele/Animal-AI/models_arenas/arenas_paper/box_reason_1/c2_0713.yaml,0,1001,0,0,0,1.5273526,0.0
0.0,501,17459.090163,0,3,1000,/workspace7/Unity3D/gabriele/Animal-AI/models_arenas/arenas_paper/box_reason_1/c2_0321.yaml,0,1001,0,0,0,0.42042568,0.0
0.0,501,17476.529256,0,3,1000,/workspace7/Unity3D/gabriele/Animal-AI/models_arenas/arenas_paper/box_reason_1/c2_0218.yaml,0,1001,0,0,0,0.37285233,0.0
0.0,501,17496.719475,0,3,1000,/workspace7/Unity3D/gabriele/Animal-AI/models_arenas/arenas_paper/box_reason_1/c2_0801.yaml,0,1001,0,0,0,0.43341568,0.0
0.0,501,17514.230983,0,3,1000,/workspace7/Unity3D/gabriele/Animal-AI/models_arenas/arenas_paper/box_reason_1/c2_0963.yaml,0,1001,0,0,0,0.3633375,0.0
0.0,501,17534.553836,0,3,1000,/workspace7/Unity3D/gabriele/Animal-AI/models_arenas/arenas_paper/box_reason_1/c2_0426.yaml,0,1001,0,0,0,0.2618317,0.0
0.0,501,17551.704122,0,3,1000,/workspace7/Unity3D/gabriele/Animal-AI/models_arenas/arenas_paper/box_reason_1/c2_0851.yaml,0,1001,0,0,0,0.3912602,0.0
0.0,501,17572.32515,0,3,1000,/workspace7/Unity3D/gabriele/Animal-AI/models_arenas/arenas_paper/box_reason_1/c2_0622.yaml,0,1001,0,0,0,0.31803393,0.0
0.0,501,17589.548466,0,3,1000,/workspace7/Unity3D/gabriele/Animal-AI/models_arenas/arenas_paper/box_reason_1/c2_0545.yaml,0,1001,0,0,0,0.34834132,0.0
0.0,501,17610.25529,0,3,1000,/workspace7/Unity3D/gabriele/Animal-AI/models_arenas/arenas_paper/box_reason_1/c2_0002.yaml,0,1001,0,0,0,0.39593738,0.0
0.0,501,17627.72176,0,3,1000,/workspace7/Unity3D/gabriele/Animal-AI/models_arenas/arenas_paper/box_reason_1/c2_0368.yaml,0,1001,0,0,0,0.44156575,0.0
0.0,501,17648.541693,0,3,1000,/workspace7/Unity3D/gabriele/Animal-AI/models_arenas/arenas_paper/box_reason_1/c2_0987.yaml,0,1001,0,0,0,0.2536037,0.0
0.0,501,17665.794872,0,3,1000,/workspace7/Unity3D/gabriele/Animal-AI/models_arenas/arenas_paper/box_reason_1/c2_0058.yaml,0,1001,0,0,0,0.29054907,0.0
0.0,501,17686.406742,0,3,1000,/workspace7/Unity3D/gabriele/Animal-AI/models_arenas/arenas_paper/box_reason_1/c2_0616.yaml,0,1001,0,0,0,0.30706665,0.0
0.0,501,17703.482909,0,3,1000,/workspace7/Unity3D/gabriele/Animal-AI/models_arenas/arenas_paper/box_reason_1/c2_0469.yaml,0,1001,0,0,0,0.33894378,0.0
0.0,501,17724.395519,0,3,1000,/workspace7/Unity3D/gabriele/Animal-AI/models_arenas/arenas_paper/box_reason_1/c2_0349.yaml,0,1001,0,0,0,0.31483585,0.0
2.996,156,17729.40011,2.996000051498413,3,1000,/workspace7/Unity3D/gabriele/Animal-AI/models_arenas/arenas_paper/box_reason_1/c2_0965.yaml,0,0,0,0,0,0.0,0.0
0.0,501,17749.923752,0,3,1000,/workspace7/Unity3D/gabriele/Animal-AI/models_arenas/arenas_paper/box_reason_1/c2_0508.yaml,0,1001,0,0,0,0.3631042,0.0
0.0,501,17767.11734,0,3,1000,/workspace7/Unity3D/gabriele/Animal-AI/models_arenas/arenas_paper/box_reason_1/c2_0384.yaml,0,1001,0,0,0,0.23673537,0.0
2.996,156,17772.253967,2.996000051498413,3,1000,/workspace7/Unity3D/gabriele/Animal-AI/models_arenas/arenas_paper/box_reason_1/c2_0783.yaml,0,0,0,0,0,0.0,0.0
0.0,501,17793.171347,0,3,1000,/workspace7/Unity3D/gabriele/Animal-AI/models_arenas/arenas_paper/box_reason_1/c2_0246.yaml,0,1001,0,0,0,0.35705304,0.0
0.0,501,17810.10226,0,3,1000,/workspace7/Unity3D/gabriele/Animal-AI/models_arenas/arenas_paper/box_reason_1/c2_0715.yaml,0,1001,0,0,0,0.5186206,0.0
0.0,501,17830.452173,0,3,1000,/workspace7/Unity3D/gabriele/Animal-AI/models_arenas/arenas_paper/box_reason_1/c2_0143.yaml,0,1001,0,0,0,0.46102726,0.0
0.0,501,17847.070694,0,3,1000,/workspace7/Unity3D/gabriele/Animal-AI/models_arenas/arenas_paper/box_reason_1/c2_0741.yaml,0,1001,0,0,0,0.40981615,0.0
0.0,501,17868.84657,0,3,1000,/workspace7/Unity3D/gabriele/Animal-AI/models_arenas/arenas_paper/box_reason_1/c2_0753.yaml,0,1001,0,0,0,0.52313626,0.0
0.0,501,17885.343845,0,3,1000,/workspace7/Unity3D/gabriele/Animal-AI/models_arenas/arenas_paper/box_reason_1/c2_0526.yaml,0,1001,0,0,0,0.40408653,0.0
0.0,501,17905.791685,0,3,1000,/workspace7/Unity3D/gabriele/Animal-AI/models_arenas/arenas_paper/box_reason_1/c2_0347.yaml,0,1001,0,0,0,0.4088254,0.0
0.0,501,17923.404921,0,3,1000,/workspace7/Unity3D/gabriele/Animal-AI/models_arenas/arenas_paper/box_reason_1/c2_0560.yaml,0,1001,0,0,0,0.41841802,0.0
0.0,501,17944.268926,0,3,1000,/workspace7/Unity3D/gabriele/Animal-AI/models_arenas/arenas_paper/box_reason_1/c2_0892.yaml,0,1001,0,0,0,0.44402424,0.0
0.0,501,17960.849191,0,3,1000,/workspace7/Unity3D/gabriele/Animal-AI/models_arenas/arenas_paper/box_reason_1/c2_0734.yaml,0,1001,0,0,0,0.32119963,0.0
0.0,501,17981.93271,0,3,1000,/workspace7/Unity3D/gabriele/Animal-AI/models_arenas/arenas_paper/box_reason_1/c2_0753.yaml,0,1001,0,0,0,0.36334866,0.0
0.0,501,17999.382088,0,3,1000,/workspace7/Unity3D/gabriele/Animal-AI/models_arenas/arenas_paper/box_reason_1/c2_0589.yaml,0,1001,0,0,0,0.31957784,0.0
0.0,501,18020.272894,0,3,1000,/workspace7/Unity3D/gabriele/Animal-AI/models_arenas/arenas_paper/box_reason_1/c2_0272.yaml,0,1001,0,0,0,0.39120927,0.0
0.0,501,18037.64226,0,3,1000,/workspace7/Unity3D/gabriele/Animal-AI/models_arenas/arenas_paper/box_reason_1/c2_0275.yaml,0,1001,0,0,0,0.28299338,0.0
0.0,501,18058.604218,0,3,1000,/workspace7/Unity3D/gabriele/Animal-AI/models_arenas/arenas_paper/box_reason_1/c2_0731.yaml,0,1001,0,0,0,0.2790425,0.0
0.0,501,18075.505839,0,3,1000,/workspace7/Unity3D/gabriele/Animal-AI/models_arenas/arenas_paper/box_reason_1/c2_0357.yaml,0,1001,0,0,0,0.2984706,0.0
0.0,501,18096.256601,0,3,1000,/workspace7/Unity3D/gabriele/Animal-AI/models_arenas/arenas_paper/box_reason_1/c2_0480.yaml,0,1001,0,0,0,0.2653228,0.0
0.0,501,18113.07685,0,3,1000,/workspace7/Unity3D/gabriele/Animal-AI/models_arenas/arenas_paper/box_reason_1/c2_0846.yaml,0,1001,0,0,0,0.27091694,0.0
0.0,501,18134.093012,0,3,1000,/workspace7/Unity3D/gabriele/Animal-AI/models_arenas/arenas_paper/box_reason_1/c2_0282.yaml,0,1001,0,0,0,0.29776314,0.0
0.0,501,18150.493508,0,3,1000,/workspace7/Unity3D/gabriele/Animal-AI/models_arenas/arenas_paper/box_reason_1/c2_0991.yaml,0,1001,0,0,0,0.26678365,0.0
0.0,501,18171.205631,0,3,1000,/workspace7/Unity3D/gabriele/Animal-AI/models_arenas/arenas_paper/box_reason_1/c2_0364.yaml,0,1001,0,0,0,0.3027504,0.0
2.996,156,18176.24452,2.996000051498413,3,1000,/workspace7/Unity3D/gabriele/Animal-AI/models_arenas/arenas_paper/box_reason_1/c2_0609.yaml,0,0,0,0,0,0.0,0.0
0.0,501,18193.590233,0,3,1000,/workspace7/Unity3D/gabriele/Animal-AI/models_arenas/arenas_paper/box_reason_1/c2_0352.yaml,0,1001,0,0,0,0.37104332,0.0
0.0,501,18213.934093,0,3,1000,/workspace7/Unity3D/gabriele/Animal-AI/models_arenas/arenas_paper/box_reason_1/c2_0972.yaml,0,1001,0,0,0,0.35248643,0.0
0.0,501,18230.288373,0,3,1000,/workspace7/Unity3D/gabriele/Animal-AI/models_arenas/arenas_paper/box_reason_1/c2_0918.yaml,0,1001,0,0,0,0.36374387,0.0
0.0,501,18251.164856,0,3,1000,/workspace7/Unity3D/gabriele/Animal-AI/models_arenas/arenas_paper/box_reason_1/c2_0497.yaml,0,1001,0,0,0,0.31991848,0.0
0.0,501,18267.670774,0,3,1000,/workspace7/Unity3D/gabriele/Animal-AI/models_arenas/arenas_paper/box_reason_1/c2_0921.yaml,0,1001,0,0,0,0.3896755,0.0
0.0,501,18288.408821,0,3,1000,/workspace7/Unity3D/gabriele/Animal-AI/models_arenas/arenas_paper/box_reason_1/c2_0705.yaml,0,1001,0,0,0,0.3557387,0.0
2.996,156,18293.6264,2.996000051498413,3,1000,/workspace7/Unity3D/gabriele/Animal-AI/models_arenas/arenas_paper/box_reason_1/c2_0048.yaml,0,0,0,0,0,0.0,0.0
0.0,501,18314.259423,0,3,1000,/workspace7/Unity3D/gabriele/Animal-AI/models_arenas/arenas_paper/box_reason_1/c2_0346.yaml,0,1001,0,0,0,0.2751148,0.0
0.0,501,18331.336061,0,3,1000,/workspace7/Unity3D/gabriele/Animal-AI/models_arenas/arenas_paper/box_reason_1/c2_0104.yaml,0,1001,0,0,0,0.33652714,0.0
0.0,501,18352.25589,0,3,1000,/workspace7/Unity3D/gabriele/Animal-AI/models_arenas/arenas_paper/box_reason_1/c2_0708.yaml,0,1001,0,0,0,0.2876202,0.0
0.0,501,18369.413324,0,3,1000,/workspace7/Unity3D/gabriele/Animal-AI/models_arenas/arenas_paper/box_reason_1/c2_0955.yaml,0,1001,0,0,0,0.3104079,0.0
0.0,501,18390.143656,0,3,1000,/workspace7/Unity3D/gabriele/Animal-AI/models_arenas/arenas_paper/box_reason_1/c2_0480.yaml,0,1001,0,0,0,0.3862748,0.0
0.0,501,18407.208198,0,3,1000,/workspace7/Unity3D/gabriele/Animal-AI/models_arenas/arenas_paper/box_reason_1/c2_0383.yaml,0,1001,0,0,0,0.36162758,0.0
0.0,501,18427.591702,0,3,1000,/workspace7/Unity3D/gabriele/Animal-AI/models_arenas/arenas_paper/box_reason_1/c2_0875.yaml,0,1001,0,0,0,0.38054135,0.0
0.0,501,18444.375423,0,3,1000,/workspace7/Unity3D/gabriele/Animal-AI/models_arenas/arenas_paper/box_reason_1/c2_0441.yaml,0,1001,0,0,0,0.48104903,0.0
0.0,501,18465.130485,0,3,1000,/workspace7/Unity3D/gabriele/Animal-AI/models_arenas/arenas_paper/box_reason_1/c2_0036.yaml,0,1001,0,0,0,0.34806326,0.0
0.0,501,18482.659204,0,3,1000,/workspace7/Unity3D/gabriele/Animal-AI/models_arenas/arenas_paper/box_reason_1/c2_0714.yaml,0,1001,0,0,0,0.4431768,0.0
0.0,501,18502.939645,0,3,1000,/workspace7/Unity3D/gabriele/Animal-AI/models_arenas/arenas_paper/box_reason_1/c2_0026.yaml,0,1001,0,0,0,0.33295506,0.0
0.0,501,18519.993226,0,3,1000,/workspace7/Unity3D/gabriele/Animal-AI/models_arenas/arenas_paper/box_reason_1/c2_0570.yaml,0,1001,0,0,0,0.3014557,0.0
0.0,501,18539.557441,0,3,1000,/workspace7/Unity3D/gabriele/Animal-AI/models_arenas/arenas_paper/box_reason_1/c2_0127.yaml,0,1001,0,0,0,0.32314432,0.0
0.0,501,18556.092627,0,3,1000,/workspace7/Unity3D/gabriele/Animal-AI/models_arenas/arenas_paper/box_reason_1/c2_0048.yaml,0,1001,0,0,0,0.3465912,0.0
0.0,501,18576.975518,0,3,1000,/workspace7/Unity3D/gabriele/Animal-AI/models_arenas/arenas_paper/box_reason_1/c2_0729.yaml,0,1001,0,0,0,0.34277266,0.0
0.0,501,18594.320472,0,3,1000,/workspace7/Unity3D/gabriele/Animal-AI/models_arenas/arenas_paper/box_reason_1/c2_0990.yaml,0,1001,0,0,0,0.58573794,0.0
0.0,501,18614.890438,0,3,1000,/workspace7/Unity3D/gabriele/Animal-AI/models_arenas/arenas_paper/box_reason_1/c2_0856.yaml,0,1001,0,0,0,0.7847657,0.0
0.0,501,18631.950175,0,3,1000,/workspace7/Unity3D/gabriele/Animal-AI/models_arenas/arenas_paper/box_reason_1/c2_0232.yaml,0,1001,0,0,0,0.35837945,0.0
0.0,501,18651.849832,0,3,1000,/workspace7/Unity3D/gabriele/Animal-AI/models_arenas/arenas_paper/box_reason_1/c2_0277.yaml,0,1001,0,0,0,0.3502375,0.0
0.0,501,18669.114433,0,3,1000,/workspace7/Unity3D/gabriele/Animal-AI/models_arenas/arenas_paper/box_reason_1/c2_0459.yaml,0,1001,0,0,0,0.43529972,0.0
0.0,501,18689.944622,0,3,1000,/workspace7/Unity3D/gabriele/Animal-AI/models_arenas/arenas_paper/box_reason_1/c2_0027.yaml,0,1001,0,0,0,0.42602566,0.0
0.0,501,18707.003924,0,3,1000,/workspace7/Unity3D/gabriele/Animal-AI/models_arenas/arenas_paper/box_reason_1/c2_0986.yaml,0,1001,0,0,0,0.30073598,0.0
0.0,501,18727.436243,0,3,1000,/workspace7/Unity3D/gabriele/Animal-AI/models_arenas/arenas_paper/box_reason_1/c2_0483.yaml,0,1001,0,0,0,0.2712017,0.0
0.0,501,18744.726197,0,3,1000,/workspace7/Unity3D/gabriele/Animal-AI/models_arenas/arenas_paper/box_reason_1/c2_0467.yaml,0,1001,0,0,0,0.44899473,0.0
0.0,501,18765.524153,0,3,1000,/workspace7/Unity3D/gabriele/Animal-AI/models_arenas/arenas_paper/box_reason_1/c2_0355.yaml,0,1001,0,0,0,0.3213943,0.0
0.0,501,18782.497517,0,3,1000,/workspace7/Unity3D/gabriele/Animal-AI/models_arenas/arenas_paper/box_reason_1/c2_0409.yaml,0,1001,0,0,0,0.33967692,0.0
0.0,501,18803.469612,0,3,1000,/workspace7/Unity3D/gabriele/Animal-AI/models_arenas/arenas_paper/box_reason_1/c2_0035.yaml,0,1001,0,0,0,0.33625007,0.0
0.0,501,18820.544428,0,3,1000,/workspace7/Unity3D/gabriele/Animal-AI/models_arenas/arenas_paper/box_reason_1/c2_0257.yaml,0,1001,0,0,0,0.37984526,0.0
0.0,501,18841.600127,0,3,1000,/workspace7/Unity3D/gabriele/Animal-AI/models_arenas/arenas_paper/box_reason_1/c2_0905.yaml,0,1001,0,0,0,0.3906573,0.0
2.996,156,18846.78887,2.996000051498413,3,1000,/workspace7/Unity3D/gabriele/Animal-AI/models_arenas/arenas_paper/box_reason_1/c2_0409.yaml,0,0,0,0,0,0.0,0.0
0.0,501,18863.826115,0,3,1000,/workspace7/Unity3D/gabriele/Animal-AI/models_arenas/arenas_paper/box_reason_1/c2_0178.yaml,0,1001,0,0,0,0.32661793,0.0
0.0,501,18884.696421,0,3,1000,/workspace7/Unity3D/gabriele/Animal-AI/models_arenas/arenas_paper/box_reason_1/c2_0584.yaml,0,1001,0,0,0,0.38324666,0.0
0.0,501,18901.903295,0,3,1000,/workspace7/Unity3D/gabriele/Animal-AI/models_arenas/arenas_paper/box_reason_1/c2_0022.yaml,0,1001,0,0,0,0.34783822,0.0
0.0,501,18923.148859,0,3,1000,/workspace7/Unity3D/gabriele/Animal-AI/models_arenas/arenas_paper/box_reason_1/c2_0862.yaml,0,1001,0,0,0,0.42376515,0.0
2.996,156,18928.263495,2.996000051498413,3,1000,/workspace7/Unity3D/gabriele/Animal-AI/models_arenas/arenas_paper/box_reason_1/c2_0267.yaml,0,0,0,0,0,0.0,0.0
2.996,156,18933.486792,2.996000051498413,3,1000,/workspace7/Unity3D/gabriele/Animal-AI/models_arenas/arenas_paper/box_reason_1/c2_0613.yaml,0,0,0,0,0,0.0,0.0
0.0,501,18954.338339,0,3,1000,/workspace7/Unity3D/gabriele/Animal-AI/models_arenas/arenas_paper/box_reason_1/c2_0888.yaml,0,1001,0,0,0,0.41409472,0.0
0.0,501,18971.758047,0,3,1000,/workspace7/Unity3D/gabriele/Animal-AI/models_arenas/arenas_paper/box_reason_1/c2_0378.yaml,0,1001,0,0,0,0.36793563,0.0
0.0,501,18992.667774,0,3,1000,/workspace7/Unity3D/gabriele/Animal-AI/models_arenas/arenas_paper/box_reason_1/c2_0310.yaml,0,1001,0,0,0,0.3784767,0.0
0.0,501,19010.05443,0,3,1000,/workspace7/Unity3D/gabriele/Animal-AI/models_arenas/arenas_paper/box_reason_1/c2_0411.yaml,0,1001,0,0,0,0.3213886,0.0
0.0,501,19029.624737,0,3,1000,/workspace7/Unity3D/gabriele/Animal-AI/models_arenas/arenas_paper/box_reason_1/c2_0656.yaml,0,1001,0,0,0,0.3751697,0.0
0.0,501,19046.419707,0,3,1000,/workspace7/Unity3D/gabriele/Animal-AI/models_arenas/arenas_paper/box_reason_1/c2_0829.yaml,0,1001,0,0,0,0.3830208,0.0
0.0,501,19067.220639,0,3,1000,/workspace7/Unity3D/gabriele/Animal-AI/models_arenas/arenas_paper/box_reason_1/c2_0967.yaml,0,1001,0,0,0,0.38975435,0.0
0.0,501,19084.633646,0,3,1000,/workspace7/Unity3D/gabriele/Animal-AI/models_arenas/arenas_paper/box_reason_1/c2_0033.yaml,0,1001,0,0,0,0.38277096,0.0
0.0,501,19105.665739,0,3,1000,/workspace7/Unity3D/gabriele/Animal-AI/models_arenas/arenas_paper/box_reason_1/c2_0388.yaml,0,1001,0,0,0,0.3300348,0.0
0.0,501,19122.72997,0,3,1000,/workspace7/Unity3D/gabriele/Animal-AI/models_arenas/arenas_paper/box_reason_1/c2_0260.yaml,0,1001,0,0,0,0.50972414,0.0
0.0,501,19142.852266,0,3,1000,/workspace7/Unity3D/gabriele/Animal-AI/models_arenas/arenas_paper/box_reason_1/c2_0255.yaml,0,1001,0,0,0,0.26005757,0.0
0.0,501,19160.172332,0,3,1000,/workspace7/Unity3D/gabriele/Animal-AI/models_arenas/arenas_paper/box_reason_1/c2_0647.yaml,0,1001,0,0,0,1.0691276,0.0
0.0,501,19180.932937,0,3,1000,/workspace7/Unity3D/gabriele/Animal-AI/models_arenas/arenas_paper/box_reason_1/c2_0229.yaml,0,1001,0,0,0,0.21487695,0.0
0.0,501,19197.329499,0,3,1000,/workspace7/Unity3D/gabriele/Animal-AI/models_arenas/arenas_paper/box_reason_1/c2_0745.yaml,0,1001,0,0,0,0.2899806,0.0
0.0,501,19217.49207,0,3,1000,/workspace7/Unity3D/gabriele/Animal-AI/models_arenas/arenas_paper/box_reason_1/c2_0288.yaml,0,1001,0,0,0,0.25477722,0.0
0.0,501,19234.692382,0,3,1000,/workspace7/Unity3D/gabriele/Animal-AI/models_arenas/arenas_paper/box_reason_1/c2_0145.yaml,0,1001,0,0,0,0.34165284,0.0
2.996,156,19239.943386,2.996000051498413,3,1000,/workspace7/Unity3D/gabriele/Animal-AI/models_arenas/arenas_paper/box_reason_1/c2_0532.yaml,0,0,0,0,0,0.0,0.0
0.0,501,19260.125255,0,3,1000,/workspace7/Unity3D/gabriele/Animal-AI/models_arenas/arenas_paper/box_reason_1/c2_0750.yaml,0,1001,0,0,0,0.35584277,0.0
0.0,501,19276.956966,0,3,1000,/workspace7/Unity3D/gabriele/Animal-AI/models_arenas/arenas_paper/box_reason_1/c2_0396.yaml,0,1001,0,0,0,0.37691015,0.0
0.0,501,19297.999694,0,3,1000,/workspace7/Unity3D/gabriele/Animal-AI/models_arenas/arenas_paper/box_reason_1/c2_0735.yaml,0,1001,0,0,0,0.3504054,0.0
0.0,501,19315.241988,0,3,1000,/workspace7/Unity3D/gabriele/Animal-AI/models_arenas/arenas_paper/box_reason_1/c2_0494.yaml,0,1001,0,0,0,0.26113862,0.0
2.996,156,19320.382916,2.996000051498413,3,1000,/workspace7/Unity3D/gabriele/Animal-AI/models_arenas/arenas_paper/box_reason_1/c2_0602.yaml,0,0,0,0,0,0.0,0.0
0.0,501,19340.895741,0,3,1000,/workspace7/Unity3D/gabriele/Animal-AI/models_arenas/arenas_paper/box_reason_1/c2_0205.yaml,0,1001,0,0,0,0.2891971,0.0
0.0,501,19358.217209,0,3,1000,/workspace7/Unity3D/gabriele/Animal-AI/models_arenas/arenas_paper/box_reason_1/c2_0789.yaml,0,1001,0,0,0,0.35513762,0.0
0.0,501,19379.114485,0,3,1000,/workspace7/Unity3D/gabriele/Animal-AI/models_arenas/arenas_paper/box_reason_1/c2_0826.yaml,0,1001,0,0,0,0.44686437,0.0
0.0,501,19395.826917,0,3,1000,/workspace7/Unity3D/gabriele/Animal-AI/models_arenas/arenas_paper/box_reason_1/c2_0425.yaml,0,1001,0,0,0,0.26874706,0.0
0.0,501,19415.945841,0,3,1000,/workspace7/Unity3D/gabriele/Animal-AI/models_arenas/arenas_paper/box_reason_1/c2_0702.yaml,0,1001,0,0,0,0.50903046,0.0
0.0,501,19433.097859,0,3,1000,/workspace7/Unity3D/gabriele/Animal-AI/models_arenas/arenas_paper/box_reason_1/c2_0045.yaml,0,1001,0,0,0,0.21445332,0.0
0.0,501,19454.169519,0,3,1000,/workspace7/Unity3D/gabriele/Animal-AI/models_arenas/arenas_paper/box_reason_1/c2_0254.yaml,0,1001,0,0,0,0.2581431,0.0
0.0,501,19471.380977,0,3,1000,/workspace7/Unity3D/gabriele/Animal-AI/models_arenas/arenas_paper/box_reason_1/c2_0220.yaml,0,1001,0,0,0,0.4053749,0.0
0.0,501,19491.883943,0,3,1000,/workspace7/Unity3D/gabriele/Animal-AI/models_arenas/arenas_paper/box_reason_1/c2_0312.yaml,0,1001,0,0,0,0.35658744,0.0
0.0,501,19509.146781,0,3,1000,/workspace7/Unity3D/gabriele/Animal-AI/models_arenas/arenas_paper/box_reason_1/c2_0328.yaml,0,1001,0,0,0,0.3327523,0.0
0.0,501,19529.746801,0,3,1000,/workspace7/Unity3D/gabriele/Animal-AI/models_arenas/arenas_paper/box_reason_1/c2_0161.yaml,0,1001,0,0,0,0.3511187,0.0
0.0,501,19546.984606,0,3,1000,/workspace7/Unity3D/gabriele/Animal-AI/models_arenas/arenas_paper/box_reason_1/c2_0908.yaml,0,1001,0,0,0,0.33701143,0.0
0.0,501,19567.977231,0,3,1000,/workspace7/Unity3D/gabriele/Animal-AI/models_arenas/arenas_paper/box_reason_1/c2_0161.yaml,0,1001,0,0,0,0.41394812,0.0
0.0,501,19584.801754,0,3,1000,/workspace7/Unity3D/gabriele/Animal-AI/models_arenas/arenas_paper/box_reason_1/c2_0705.yaml,0,1001,0,0,0,0.26932505,0.0
0.0,501,19605.712014,0,3,1000,/workspace7/Unity3D/gabriele/Animal-AI/models_arenas/arenas_paper/box_reason_1/c2_0802.yaml,0,1001,0,0,0,0.2159495,0.0
0.0,501,19622.596623,0,3,1000,/workspace7/Unity3D/gabriele/Animal-AI/models_arenas/arenas_paper/box_reason_1/c2_0416.yaml,0,1001,0,0,0,0.30171728,0.0
0.0,501,19643.617681,0,3,1000,/workspace7/Unity3D/gabriele/Animal-AI/models_arenas/arenas_paper/box_reason_1/c2_0898.yaml,0,1001,0,0,0,0.24890187,0.0
0.0,501,19661.951949,0,3,1000,/workspace7/Unity3D/gabriele/Animal-AI/models_arenas/arenas_paper/box_reason_1/c2_0664.yaml,0,1001,0,0,0,0.20088914,0.0
0.0,501,19682.836054,0,3,1000,/workspace7/Unity3D/gabriele/Animal-AI/models_arenas/arenas_paper/box_reason_1/c2_0305.yaml,0,1001,0,0,0,0.25425056,0.0
0.0,501,19700.121192,0,3,1000,/workspace7/Unity3D/gabriele/Animal-AI/models_arenas/arenas_paper/box_reason_1/c2_0103.yaml,0,1001,0,0,0,0.17663422,0.0
0.0,501,19721.046744,0,3,1000,/workspace7/Unity3D/gabriele/Animal-AI/models_arenas/arenas_paper/box_reason_1/c2_0487.yaml,0,1001,0,0,0,0.27950093,0.0
0.0,501,19738.396407,0,3,1000,/workspace7/Unity3D/gabriele/Animal-AI/models_arenas/arenas_paper/box_reason_1/c2_0960.yaml,0,1001,0,0,0,0.2674955,0.0
0.0,501,19759.256556,0,3,1000,/workspace7/Unity3D/gabriele/Animal-AI/models_arenas/arenas_paper/box_reason_1/c2_0478.yaml,0,1001,0,0,0,0.2644271,0.0
0.0,501,19776.729836,0,3,1000,/workspace7/Unity3D/gabriele/Animal-AI/models_arenas/arenas_paper/box_reason_1/c2_0721.yaml,0,1001,0,0,0,0.38750055,0.0
0.0,501,19797.486451,0,3,1000,/workspace7/Unity3D/gabriele/Animal-AI/models_arenas/arenas_paper/box_reason_1/c2_0330.yaml,0,1001,0,0,0,0.8781694,0.0
0.0,501,19814.56054,0,3,1000,/workspace7/Unity3D/gabriele/Animal-AI/models_arenas/arenas_paper/box_reason_1/c2_0376.yaml,0,1001,0,0,0,0.25244159,0.0
0.0,501,19835.69724,0,3,1000,/workspace7/Unity3D/gabriele/Animal-AI/models_arenas/arenas_paper/box_reason_1/c2_0907.yaml,0,1001,0,0,0,0.51371455,0.0
0.0,501,19852.583685,0,3,1000,/workspace7/Unity3D/gabriele/Animal-AI/models_arenas/arenas_paper/box_reason_1/c2_0590.yaml,0,1001,0,0,0,0.482718,0.0
0.0,501,19873.51289,0,3,1000,/workspace7/Unity3D/gabriele/Animal-AI/models_arenas/arenas_paper/box_reason_1/c2_0132.yaml,0,1001,0,0,0,0.26680997,0.0
0.0,501,19890.863259,0,3,1000,/workspace7/Unity3D/gabriele/Animal-AI/models_arenas/arenas_paper/box_reason_1/c2_0116.yaml,0,1001,0,0,0,0.41477397,0.0
0.0,501,19911.869584,0,3,1000,/workspace7/Unity3D/gabriele/Animal-AI/models_arenas/arenas_paper/box_reason_1/c2_0935.yaml,0,1001,0,0,0,0.23488733,0.0
0.0,501,19928.86498,0,3,1000,/workspace7/Unity3D/gabriele/Animal-AI/models_arenas/arenas_paper/box_reason_1/c2_0606.yaml,0,1001,0,0,0,0.46616793,0.0
0.0,501,19949.396956,0,3,1000,/workspace7/Unity3D/gabriele/Animal-AI/models_arenas/arenas_paper/box_reason_1/c2_0641.yaml,0,1001,0,0,0,0.27641556,0.0
0.0,501,19966.709595,0,3,1000,/workspace7/Unity3D/gabriele/Animal-AI/models_arenas/arenas_paper/box_reason_1/c2_0770.yaml,0,1001,0,0,0,0.21602151,0.0
0.0,501,19987.528065,0,3,1000,/workspace7/Unity3D/gabriele/Animal-AI/models_arenas/arenas_paper/box_reason_1/c2_0632.yaml,0,1001,0,0,0,0.35822377,0.0
0.0,501,20005.124983,0,3,1000,/workspace7/Unity3D/gabriele/Animal-AI/models_arenas/arenas_paper/box_reason_1/c2_0970.yaml,0,1001,0,0,0,0.28293523,0.0
0.0,501,20026.123224,0,3,1000,/workspace7/Unity3D/gabriele/Animal-AI/models_arenas/arenas_paper/box_reason_1/c2_0576.yaml,0,1001,0,0,0,0.276406,0.0
0.0,501,20043.631188,0,3,1000,/workspace7/Unity3D/gabriele/Animal-AI/models_arenas/arenas_paper/box_reason_1/c2_0711.yaml,0,1001,0,0,0,0.3838518,0.0
0.0,501,20064.590096,0,3,1000,/workspace7/Unity3D/gabriele/Animal-AI/models_arenas/arenas_paper/box_reason_1/c2_0431.yaml,0,1001,0,0,0,0.20206755,0.0
0.0,501,20082.219048,0,3,1000,/workspace7/Unity3D/gabriele/Animal-AI/models_arenas/arenas_paper/box_reason_1/c2_0796.yaml,0,1001,0,0,0,0.3659691,0.0
0.0,501,20103.356502,0,3,1000,/workspace7/Unity3D/gabriele/Animal-AI/models_arenas/arenas_paper/box_reason_1/c2_0815.yaml,0,1001,0,0,0,0.36055404,0.0
0.0,501,20124.097964,0,3,1000,/workspace7/Unity3D/gabriele/Animal-AI/models_arenas/arenas_paper/box_reason_1/c2_0742.yaml,0,1001,0,0,0,0.19903591,0.0
2.996,156,20129.345577,2.996000051498413,3,1000,/workspace7/Unity3D/gabriele/Animal-AI/models_arenas/arenas_paper/box_reason_1/c2_0565.yaml,0,0,0,0,0,0.0,0.0
0.0,501,20146.214817,0,3,1000,/workspace7/Unity3D/gabriele/Animal-AI/models_arenas/arenas_paper/box_reason_1/c2_0291.yaml,0,1001,0,0,0,0.22383341,0.0
0.0,501,20167.26896,0,3,1000,/workspace7/Unity3D/gabriele/Animal-AI/models_arenas/arenas_paper/box_reason_1/c2_0178.yaml,0,1001,0,0,0,0.2811472,0.0
0.0,501,20184.725147,0,3,1000,/workspace7/Unity3D/gabriele/Animal-AI/models_arenas/arenas_paper/box_reason_1/c2_0784.yaml,0,1001,0,0,0,0.28407463,0.0
2.996,156,20189.870087,2.996000051498413,3,1000,/workspace7/Unity3D/gabriele/Animal-AI/models_arenas/arenas_paper/box_reason_1/c2_0140.yaml,0,0,0,0,0,0.0,0.0
0.0,501,20211.055376,0,3,1000,/workspace7/Unity3D/gabriele/Animal-AI/models_arenas/arenas_paper/box_reason_1/c2_0721.yaml,0,1001,0,0,0,0.2859038,0.0
0.0,501,20228.403075,0,3,1000,/workspace7/Unity3D/gabriele/Animal-AI/models_arenas/arenas_paper/box_reason_1/c2_0358.yaml,0,1001,0,0,0,0.31442305,0.0
0.0,501,20249.245965,0,3,1000,/workspace7/Unity3D/gabriele/Animal-AI/models_arenas/arenas_paper/box_reason_1/c2_0147.yaml,0,1001,0,0,0,0.29073805,0.0
0.0,501,20266.732453,0,3,1000,/workspace7/Unity3D/gabriele/Animal-AI/models_arenas/arenas_paper/box_reason_1/c2_0813.yaml,0,1001,0,0,0,0.2925457,0.0
0.0,501,20287.95172,0,3,1000,/workspace7/Unity3D/gabriele/Animal-AI/models_arenas/arenas_paper/box_reason_1/c2_0948.yaml,0,1001,0,0,0,0.4124309,0.0
0.0,501,20305.289529,0,3,1000,/workspace7/Unity3D/gabriele/Animal-AI/models_arenas/arenas_paper/box_reason_1/c2_0133.yaml,0,1001,0,0,0,0.2521555,0.0
0.0,501,20325.502118,0,3,1000,/workspace7/Unity3D/gabriele/Animal-AI/models_arenas/arenas_paper/box_reason_1/c2_0184.yaml,0,1001,0,0,0,0.20547809,0.0
0.0,501,20342.969919,0,3,1000,/workspace7/Unity3D/gabriele/Animal-AI/models_arenas/arenas_paper/box_reason_1/c2_0636.yaml,0,1001,0,0,0,0.2745035,0.0
0.0,501,20363.722711,0,3,1000,/workspace7/Unity3D/gabriele/Animal-AI/models_arenas/arenas_paper/box_reason_1/c2_0949.yaml,0,1001,0,0,0,0.36925742,0.0
0.0,501,20381.161446,0,3,1000,/workspace7/Unity3D/gabriele/Animal-AI/models_arenas/arenas_paper/box_reason_1/c2_0294.yaml,0,1001,0,0,0,0.24752696,0.0
0.0,501,20402.175142,0,3,1000,/workspace7/Unity3D/gabriele/Animal-AI/models_arenas/arenas_paper/box_reason_1/c2_0953.yaml,0,1001,0,0,0,0.44307703,0.0
0.0,501,20419.096627,0,3,1000,/workspace7/Unity3D/gabriele/Animal-AI/models_arenas/arenas_paper/box_reason_1/c2_0073.yaml,0,1001,0,0,0,0.21846657,0.0
0.0,501,20439.527657,0,3,1000,/workspace7/Unity3D/gabriele/Animal-AI/models_arenas/arenas_paper/box_reason_1/c2_0580.yaml,0,1001,0,0,0,0.43617305,0.0
0.0,501,20456.813931,0,3,1000,/workspace7/Unity3D/gabriele/Animal-AI/models_arenas/arenas_paper/box_reason_1/c2_0199.yaml,0,1001,0,0,0,0.31013557,0.0
0.0,501,20477.917132,0,3,1000,/workspace7/Unity3D/gabriele/Animal-AI/models_arenas/arenas_paper/box_reason_1/c2_0755.yaml,0,1001,0,0,0,0.30784371,0.0
0.0,501,20495.271894,0,3,1000,/workspace7/Unity3D/gabriele/Animal-AI/models_arenas/arenas_paper/box_reason_1/c2_0197.yaml,0,1001,0,0,0,0.3726796,0.0
0.0,501,20516.124192,0,3,1000,/workspace7/Unity3D/gabriele/Animal-AI/models_arenas/arenas_paper/box_reason_1/c2_0636.yaml,0,1001,0,0,0,0.21125905,0.0
0.0,501,20533.557929,0,3,1000,/workspace7/Unity3D/gabriele/Animal-AI/models_arenas/arenas_paper/box_reason_1/c2_0602.yaml,0,1001,0,0,0,0.3875821,0.0
0.0,501,20554.685016,0,3,1000,/workspace7/Unity3D/gabriele/Animal-AI/models_arenas/arenas_paper/box_reason_1/c2_0011.yaml,0,1001,0,0,0,0.3015706,0.0
0.0,501,20572.085478,0,3,1000,/workspace7/Unity3D/gabriele/Animal-AI/models_arenas/arenas_paper/box_reason_1/c2_0474.yaml,0,1001,0,0,0,0.34710994,0.0
0.0,501,20593.282666,0,3,1000,/workspace7/Unity3D/gabriele/Animal-AI/models_arenas/arenas_paper/box_reason_1/c2_0071.yaml,0,1001,0,0,0,0.40147918,0.0
0.0,501,20610.527834,0,3,1000,/workspace7/Unity3D/gabriele/Animal-AI/models_arenas/arenas_paper/box_reason_1/c2_0292.yaml,0,1001,0,0,0,0.25952813,0.0
0.0,501,20631.096648,0,3,1000,/workspace7/Unity3D/gabriele/Animal-AI/models_arenas/arenas_paper/box_reason_1/c2_0703.yaml,0,1001,0,0,0,0.37521377,0.0
0.0,501,20648.642026,0,3,1000,/workspace7/Unity3D/gabriele/Animal-AI/models_arenas/arenas_paper/box_reason_1/c2_0357.yaml,0,1001,0,0,0,0.28915018,0.0
0.0,501,20669.84533,0,3,1000,/workspace7/Unity3D/gabriele/Animal-AI/models_arenas/arenas_paper/box_reason_1/c2_0667.yaml,0,1001,0,0,0,0.2815439,0.0
0.0,501,20687.543176,0,3,1000,/workspace7/Unity3D/gabriele/Animal-AI/models_arenas/arenas_paper/box_reason_1/c2_0769.yaml,0,1001,0,0,0,0.16986413,0.0
0.0,501,20708.087575,0,3,1000,/workspace7/Unity3D/gabriele/Animal-AI/models_arenas/arenas_paper/box_reason_1/c2_0454.yaml,0,1001,0,0,0,0.14544281,0.0
0.0,501,20725.50205,0,3,1000,/workspace7/Unity3D/gabriele/Animal-AI/models_arenas/arenas_paper/box_reason_1/c2_0323.yaml,0,1001,0,0,0,0.3944532,0.0
0.0,501,20746.435526,0,3,1000,/workspace7/Unity3D/gabriele/Animal-AI/models_arenas/arenas_paper/box_reason_1/c2_0581.yaml,0,1001,0,0,0,0.2437627,0.0
0.0,501,20764.187615,0,3,1000,/workspace7/Unity3D/gabriele/Animal-AI/models_arenas/arenas_paper/box_reason_1/c2_0944.yaml,0,1001,0,0,0,0.1412751,0.0
0.0,501,20784.264696,0,3,1000,/workspace7/Unity3D/gabriele/Animal-AI/models_arenas/arenas_paper/box_reason_1/c2_0955.yaml,0,1001,0,0,0,0.20304175,0.0
2.996,156,20789.372744,2.996000051498413,3,1000,/workspace7/Unity3D/gabriele/Animal-AI/models_arenas/arenas_paper/box_reason_1/c2_0800.yaml,0,0,0,0,0,0.0,0.0
0.0,501,20810.572737,0,3,1000,/workspace7/Unity3D/gabriele/Animal-AI/models_arenas/arenas_paper/box_reason_1/c2_0585.yaml,0,1001,0,0,0,0.17044656,0.0
0.0,501,20828.250803,0,3,1000,/workspace7/Unity3D/gabriele/Animal-AI/models_arenas/arenas_paper/box_reason_1/c2_0421.yaml,0,1001,0,0,0,0.2762754,0.0
2.996,156,20833.46569,2.996000051498413,3,1000,/workspace7/Unity3D/gabriele/Animal-AI/models_arenas/arenas_paper/box_reason_1/c2_0219.yaml,0,0,0,0,0,0.0,0.0
0.0,501,20854.497058,0,3,1000,/workspace7/Unity3D/gabriele/Animal-AI/models_arenas/arenas_paper/box_reason_1/c2_0070.yaml,0,1001,0,0,0,0.58472353,0.0
0.0,501,20872.043276,0,3,1000,/workspace7/Unity3D/gabriele/Animal-AI/models_arenas/arenas_paper/box_reason_1/c2_0871.yaml,0,1001,0,0,0,0.27783886,0.0
0.0,501,20893.055199,0,3,1000,/workspace7/Unity3D/gabriele/Animal-AI/models_arenas/arenas_paper/box_reason_1/c2_0617.yaml,0,1001,0,0,0,0.28818375,0.0
0.0,501,20909.995022,0,3,1000,/workspace7/Unity3D/gabriele/Animal-AI/models_arenas/arenas_paper/box_reason_1/c2_0358.yaml,0,1001,0,0,0,0.22489223,0.0
0.0,501,20931.031937,0,3,1000,/workspace7/Unity3D/gabriele/Animal-AI/models_arenas/arenas_paper/box_reason_1/c2_0560.yaml,0,1001,0,0,0,0.93139106,0.0
0.0,501,20948.69138,0,3,1000,/workspace7/Unity3D/gabriele/Animal-AI/models_arenas/arenas_paper/box_reason_1/c2_0681.yaml,0,1001,0,0,0,0.2167847,0.0
0.0,501,20968.732103,0,3,1000,/workspace7/Unity3D/gabriele/Animal-AI/models_arenas/arenas_paper/box_reason_1/c2_0131.yaml,0,1001,0,0,0,0.19960359,0.0
0.0,501,20985.174222,0,3,1000,/workspace7/Unity3D/gabriele/Animal-AI/models_arenas/arenas_paper/box_reason_1/c2_0085.yaml,0,1001,0,0,0,0.7295234,0.0
0.0,501,21006.270851,0,3,1000,/workspace7/Unity3D/gabriele/Animal-AI/models_arenas/arenas_paper/box_reason_1/c2_0554.yaml,0,1001,0,0,0,0.24429724,0.0
0.0,501,21023.631129,0,3,1000,/workspace7/Unity3D/gabriele/Animal-AI/models_arenas/arenas_paper/box_reason_1/c2_0614.yaml,0,1001,0,0,0,0.48358703,0.0
0.0,501,21044.540696,0,3,1000,/workspace7/Unity3D/gabriele/Animal-AI/models_arenas/arenas_paper/box_reason_1/c2_0959.yaml,0,1001,0,0,0,0.4945234,0.0
0.0,501,21061.746103,0,3,1000,/workspace7/Unity3D/gabriele/Animal-AI/models_arenas/arenas_paper/box_reason_1/c2_0048.yaml,0,1001,0,0,0,0.2759378,0.0
0.0,501,21082.500855,0,3,1000,/workspace7/Unity3D/gabriele/Animal-AI/models_arenas/arenas_paper/box_reason_1/c2_0534.yaml,0,1001,0,0,0,0.23926161,0.0
0.0,501,21099.55288,0,3,1000,/workspace7/Unity3D/gabriele/Animal-AI/models_arenas/arenas_paper/box_reason_1/c2_0248.yaml,0,1001,0,0,0,0.3304989,0.0
2.996,156,21104.602041,2.996000051498413,3,1000,/workspace7/Unity3D/gabriele/Animal-AI/models_arenas/arenas_paper/box_reason_1/c2_0219.yaml,0,0,0,0,0,0.0,0.0
0.0,501,21124.943287,0,3,1000,/workspace7/Unity3D/gabriele/Animal-AI/models_arenas/arenas_paper/box_reason_1/c2_0662.yaml,0,1001,0,0,0,0.29039028,0.0
0.0,501,21142.457918,0,3,1000,/workspace7/Unity3D/gabriele/Animal-AI/models_arenas/arenas_paper/box_reason_1/c2_0109.yaml,0,1001,0,0,0,0.3030923,0.0
0.0,501,21163.506663,0,3,1000,/workspace7/Unity3D/gabriele/Animal-AI/models_arenas/arenas_paper/box_reason_1/c2_0138.yaml,0,1001,0,0,0,0.37218136,0.0
0.0,501,21180.775888,0,3,1000,/workspace7/Unity3D/gabriele/Animal-AI/models_arenas/arenas_paper/box_reason_1/c2_0503.yaml,0,1001,0,0,0,0.4142643,0.0
0.0,501,21201.052285,0,3,1000,/workspace7/Unity3D/gabriele/Animal-AI/models_arenas/arenas_paper/box_reason_1/c2_0093.yaml,0,1001,0,0,0,0.3401379,0.0
0.0,501,21218.311786,0,3,1000,/workspace7/Unity3D/gabriele/Animal-AI/models_arenas/arenas_paper/box_reason_1/c2_0828.yaml,0,1001,0,0,0,0.28889734,0.0
0.0,501,21239.233432,0,3,1000,/workspace7/Unity3D/gabriele/Animal-AI/models_arenas/arenas_paper/box_reason_1/c2_0024.yaml,0,1001,0,0,0,0.19696476,0.0
0.0,501,21256.873071,0,3,1000,/workspace7/Unity3D/gabriele/Animal-AI/models_arenas/arenas_paper/box_reason_1/c2_0601.yaml,0,1001,0,0,0,0.3977721,0.0
0.0,501,21278.068459,0,3,1000,/workspace7/Unity3D/gabriele/Animal-AI/models_arenas/arenas_paper/box_reason_1/c2_0438.yaml,0,1001,0,0,0,0.35975266,0.0
0.0,501,21295.421089,0,3,1000,/workspace7/Unity3D/gabriele/Animal-AI/models_arenas/arenas_paper/box_reason_1/c2_0683.yaml,0,1001,0,0,0,0.23012717,0.0
0.0,501,21316.592162,0,3,1000,/workspace7/Unity3D/gabriele/Animal-AI/models_arenas/arenas_paper/box_reason_1/c2_0554.yaml,0,1001,0,0,0,0.36550033,0.0
0.0,501,21333.979927,0,3,1000,/workspace7/Unity3D/gabriele/Animal-AI/models_arenas/arenas_paper/box_reason_1/c2_0724.yaml,0,1001,0,0,0,0.1603502,0.0
0.0,501,21354.962629,0,3,1000,/workspace7/Unity3D/gabriele/Animal-AI/models_arenas/arenas_paper/box_reason_1/c2_0710.yaml,0,1001,0,0,0,0.19128501,0.0
0.0,501,21372.044158,0,3,1000,/workspace7/Unity3D/gabriele/Animal-AI/models_arenas/arenas_paper/box_reason_1/c2_0712.yaml,0,1001,0,0,0,0.2622705,0.0
0.0,501,21392.589094,0,3,1000,/workspace7/Unity3D/gabriele/Animal-AI/models_arenas/arenas_paper/box_reason_1/c2_0319.yaml,0,1001,0,0,0,0.21200337,0.0
0.0,501,21410.105478,0,3,1000,/workspace7/Unity3D/gabriele/Animal-AI/models_arenas/arenas_paper/box_reason_1/c2_0636.yaml,0,1001,0,0,0,0.25916886,0.0
0.0,501,21430.800732,0,3,1000,/workspace7/Unity3D/gabriele/Animal-AI/models_arenas/arenas_paper/box_reason_1/c2_0148.yaml,0,1001,0,0,0,0.28056538,0.0
0.0,501,21448.200925,0,3,1000,/workspace7/Unity3D/gabriele/Animal-AI/models_arenas/arenas_paper/box_reason_1/c2_0666.yaml,0,1001,0,0,0,0.19359292,0.0
0.0,501,21469.616777,0,3,1000,/workspace7/Unity3D/gabriele/Animal-AI/models_arenas/arenas_paper/box_reason_1/c2_0242.yaml,0,1001,0,0,0,0.23977552,0.0
0.0,501,21487.141219,0,3,1000,/workspace7/Unity3D/gabriele/Animal-AI/models_arenas/arenas_paper/box_reason_1/c2_0468.yaml,0,1001,0,0,0,0.16640738,0.0
0.0,501,21508.314443,0,3,1000,/workspace7/Unity3D/gabriele/Animal-AI/models_arenas/arenas_paper/box_reason_1/c2_0061.yaml,0,1001,0,0,0,0.19469172,0.0
0.0,501,21525.493487,0,3,1000,/workspace7/Unity3D/gabriele/Animal-AI/models_arenas/arenas_paper/box_reason_1/c2_0140.yaml,0,1001,0,0,0,0.33824453,0.0
0.0,501,21546.114714,0,3,1000,/workspace7/Unity3D/gabriele/Animal-AI/models_arenas/arenas_paper/box_reason_1/c2_0147.yaml,0,1001,0,0,0,0.118887365,0.0
0.0,501,21563.480526,0,3,1000,/workspace7/Unity3D/gabriele/Animal-AI/models_arenas/arenas_paper/box_reason_1/c2_0052.yaml,0,1001,0,0,0,0.16726764,0.0
0.0,501,21584.553471,0,3,1000,/workspace7/Unity3D/gabriele/Animal-AI/models_arenas/arenas_paper/box_reason_1/c2_0553.yaml,0,1001,0,0,0,0.31871235,0.0
0.0,501,21602.009011,0,3,1000,/workspace7/Unity3D/gabriele/Animal-AI/models_arenas/arenas_paper/box_reason_1/c2_0889.yaml,0,1001,0,0,0,0.24712554,0.0
0.0,501,21622.793115,0,3,1000,/workspace7/Unity3D/gabriele/Animal-AI/models_arenas/arenas_paper/box_reason_1/c2_0348.yaml,0,1001,0,0,0,0.14594012,0.0
0.0,501,21640.159723,0,3,1000,/workspace7/Unity3D/gabriele/Animal-AI/models_arenas/arenas_paper/box_reason_1/c2_0269.yaml,0,1001,0,0,0,0.30235136,0.0
0.0,501,21660.951666,0,3,1000,/workspace7/Unity3D/gabriele/Animal-AI/models_arenas/arenas_paper/box_reason_1/c2_0840.yaml,0,1001,0,0,0,0.15346867,0.0
0.0,501,21678.26689,0,3,1000,/workspace7/Unity3D/gabriele/Animal-AI/models_arenas/arenas_paper/box_reason_1/c2_0680.yaml,0,1001,0,0,0,0.25047368,0.0
0.0,501,21699.158471,0,3,1000,/workspace7/Unity3D/gabriele/Animal-AI/models_arenas/arenas_paper/box_reason_1/c2_0902.yaml,0,1001,0,0,0,0.18934393,0.0
0.0,501,21716.508032,0,3,1000,/workspace7/Unity3D/gabriele/Animal-AI/models_arenas/arenas_paper/box_reason_1/c2_0218.yaml,0,1001,0,0,0,0.24720639,0.0
0.0,501,21737.478524,0,3,1000,/workspace7/Unity3D/gabriele/Animal-AI/models_arenas/arenas_paper/box_reason_1/c2_0095.yaml,0,1001,0,0,0,0.1842533,0.0
0.0,501,21754.850987,0,3,1000,/workspace7/Unity3D/gabriele/Animal-AI/models_arenas/arenas_paper/box_reason_1/c2_0940.yaml,0,1001,0,0,0,0.1892903,0.0
0.0,501,21775.744373,0,3,1000,/workspace7/Unity3D/gabriele/Animal-AI/models_arenas/arenas_paper/box_reason_1/c2_0132.yaml,0,1001,0,0,0,0.255841,0.0
0.0,501,21793.022061,0,3,1000,/workspace7/Unity3D/gabriele/Animal-AI/models_arenas/arenas_paper/box_reason_1/c2_0208.yaml,0,1001,0,0,0,0.1795659,0.0
2.996,156,21801.87309,2.996000051498413,3,1000,/workspace7/Unity3D/gabriele/Animal-AI/models_arenas/arenas_paper/box_reason_1/c2_0071.yaml,0,0,0,0,0,0.0,0.0
0.0,501,21819.501967,0,3,1000,/workspace7/Unity3D/gabriele/Animal-AI/models_arenas/arenas_paper/box_reason_1/c2_0905.yaml,0,1001,0,0,0,0.2794409,0.0
0.0,501,21840.487829,0,3,1000,/workspace7/Unity3D/gabriele/Animal-AI/models_arenas/arenas_paper/box_reason_1/c2_0867.yaml,0,1001,0,0,0,0.5356722,0.0
0.0,501,21857.52589,0,3,1000,/workspace7/Unity3D/gabriele/Animal-AI/models_arenas/arenas_paper/box_reason_1/c2_0956.yaml,0,1001,0,0,0,0.47231922,0.0
0.0,501,21878.493311,0,3,1000,/workspace7/Unity3D/gabriele/Animal-AI/models_arenas/arenas_paper/box_reason_1/c2_0395.yaml,0,1001,0,0,0,0.24734853,0.0
0.0,501,21895.149699,0,3,1000,/workspace7/Unity3D/gabriele/Animal-AI/models_arenas/arenas_paper/box_reason_1/c2_0551.yaml,0,1001,0,0,0,0.25876763,0.0
0.0,501,21916.268686,0,3,1000,/workspace7/Unity3D/gabriele/Animal-AI/models_arenas/arenas_paper/box_reason_1/c2_0619.yaml,0,1001,0,0,0,0.15971725,0.0
2.996,156,21921.499606,2.996000051498413,3,1000,/workspace7/Unity3D/gabriele/Animal-AI/models_arenas/arenas_paper/box_reason_1/c2_0527.yaml,0,0,0,0,0,0.0,0.0
0.0,501,21939.123291,0,3,1000,/workspace7/Unity3D/gabriele/Animal-AI/models_arenas/arenas_paper/box_reason_1/c2_0213.yaml,0,1001,0,0,0,0.4380279,0.0
0.0,501,21960.123056,0,3,1000,/workspace7/Unity3D/gabriele/Animal-AI/models_arenas/arenas_paper/box_reason_1/c2_0088.yaml,0,1001,0,0,0,0.40491733,0.0
0.0,501,21977.495212,0,3,1000,/workspace7/Unity3D/gabriele/Animal-AI/models_arenas/arenas_paper/box_reason_1/c2_0971.yaml,0,1001,0,0,0,0.22922222,0.0
0.0,501,21997.910564,0,3,1000,/workspace7/Unity3D/gabriele/Animal-AI/models_arenas/arenas_paper/box_reason_1/c2_0345.yaml,0,1001,0,0,0,0.4877426,0.0
0.0,501,22015.492326,0,3,1000,/workspace7/Unity3D/gabriele/Animal-AI/models_arenas/arenas_paper/box_reason_1/c2_0816.yaml,0,1001,0,0,0,0.24376567,0.0
0.0,501,22036.68261,0,3,1000,/workspace7/Unity3D/gabriele/Animal-AI/models_arenas/arenas_paper/box_reason_1/c2_0671.yaml,0,1001,0,0,0,0.44342947,0.0
0.0,501,22054.119123,0,3,1000,/workspace7/Unity3D/gabriele/Animal-AI/models_arenas/arenas_paper/box_reason_1/c2_0354.yaml,0,1001,0,0,0,0.2824815,0.0
0.0,501,22075.289966,0,3,1000,/workspace7/Unity3D/gabriele/Animal-AI/models_arenas/arenas_paper/box_reason_1/c2_0137.yaml,0,1001,0,0,0,0.3144653,0.0
0.0,501,22092.235663,0,3,1000,/workspace7/Unity3D/gabriele/Animal-AI/models_arenas/arenas_paper/box_reason_1/c2_0376.yaml,0,1001,0,0,0,0.28738084,0.0
0.0,501,22113.280667,0,3,1000,/workspace7/Unity3D/gabriele/Animal-AI/models_arenas/arenas_paper/box_reason_1/c2_0184.yaml,0,1001,0,0,0,0.27393314,0.0
0.0,501,22130.540225,0,3,1000,/workspace7/Unity3D/gabriele/Animal-AI/models_arenas/arenas_paper/box_reason_1/c2_0447.yaml,0,1001,0,0,0,0.19766143,0.0
0.0,501,22150.668747,0,3,1000,/workspace7/Unity3D/gabriele/Animal-AI/models_arenas/arenas_paper/box_reason_1/c2_0178.yaml,0,1001,0,0,0,0.21205965,0.0
0.0,501,22167.833909,0,3,1000,/workspace7/Unity3D/gabriele/Animal-AI/models_arenas/arenas_paper/box_reason_1/c2_0626.yaml,0,1001,0,0,0,0.35892248,0.0
0.0,501,22188.748963,0,3,1000,/workspace7/Unity3D/gabriele/Animal-AI/models_arenas/arenas_paper/box_reason_1/c2_0301.yaml,0,1001,0,0,0,0.3661737,0.0
0.0,501,22206.139993,0,3,1000,/workspace7/Unity3D/gabriele/Animal-AI/models_arenas/arenas_paper/box_reason_1/c2_0042.yaml,0,1001,0,0,0,0.38637465,0.0
0.0,501,22227.119317,0,3,1000,/workspace7/Unity3D/gabriele/Animal-AI/models_arenas/arenas_paper/box_reason_1/c2_0619.yaml,0,1001,0,0,0,0.2832699,0.0
0.0,501,22244.205508,0,3,1000,/workspace7/Unity3D/gabriele/Animal-AI/models_arenas/arenas_paper/box_reason_1/c2_0560.yaml,0,1001,0,0,0,0.46835256,0.0
0.0,501,22265.152541,0,3,1000,/workspace7/Unity3D/gabriele/Animal-AI/models_arenas/arenas_paper/box_reason_1/c2_0157.yaml,0,1001,0,0,0,0.28188926,0.0
0.0,501,22282.239936,0,3,1000,/workspace7/Unity3D/gabriele/Animal-AI/models_arenas/arenas_paper/box_reason_1/c2_0188.yaml,0,1001,0,0,0,0.26749343,0.0
0.0,501,22303.179738,0,3,1000,/workspace7/Unity3D/gabriele/Animal-AI/models_arenas/arenas_paper/box_reason_1/c2_0972.yaml,0,1001,0,0,0,0.26277757,0.0
0.0,501,22319.839398,0,3,1000,/workspace7/Unity3D/gabriele/Animal-AI/models_arenas/arenas_paper/box_reason_1/c2_0552.yaml,0,1001,0,0,0,0.2704456,0.0
0.0,501,22340.721227,0,3,1000,/workspace7/Unity3D/gabriele/Animal-AI/models_arenas/arenas_paper/box_reason_1/c2_0370.yaml,0,1001,0,0,0,0.57287145,0.0
0.0,501,22357.501515,0,3,1000,/workspace7/Unity3D/gabriele/Animal-AI/models_arenas/arenas_paper/box_reason_1/c2_0075.yaml,0,1001,0,0,0,0.29732943,0.0
0.0,501,22378.27847,0,3,1000,/workspace7/Unity3D/gabriele/Animal-AI/models_arenas/arenas_paper/box_reason_1/c2_0643.yaml,0,1001,0,0,0,0.17634788,0.0
2.996,156,22383.558011,2.996000051498413,3,1000,/workspace7/Unity3D/gabriele/Animal-AI/models_arenas/arenas_paper/box_reason_1/c2_0722.yaml,0,0,0,0,0,0.0,0.0
0.0,501,22401.224754,0,3,1000,/workspace7/Unity3D/gabriele/Animal-AI/models_arenas/arenas_paper/box_reason_1/c2_0107.yaml,0,1001,0,0,0,0.23317638,0.0
0.0,501,22421.98651,0,3,1000,/workspace7/Unity3D/gabriele/Animal-AI/models_arenas/arenas_paper/box_reason_1/c2_0504.yaml,0,1001,0,0,0,0.257986,0.0
2.996,156,22427.040896,2.996000051498413,3,1000,/workspace7/Unity3D/gabriele/Animal-AI/models_arenas/arenas_paper/box_reason_1/c2_0024.yaml,0,0,0,0,0,0.0,0.0
0.0,501,22448.029149,0,3,1000,/workspace7/Unity3D/gabriele/Animal-AI/models_arenas/arenas_paper/box_reason_1/c2_0709.yaml,0,1001,0,0,0,0.32265243,0.0
0.0,501,22464.891913,0,3,1000,/workspace7/Unity3D/gabriele/Animal-AI/models_arenas/arenas_paper/box_reason_1/c2_0376.yaml,0,1001,0,0,0,0.22461544,0.0
0.0,501,22486.062026,0,3,1000,/workspace7/Unity3D/gabriele/Animal-AI/models_arenas/arenas_paper/box_reason_1/c2_0096.yaml,0,1001,0,0,0,0.30386153,0.0
0.0,501,22503.24883,0,3,1000,/workspace7/Unity3D/gabriele/Animal-AI/models_arenas/arenas_paper/box_reason_1/c2_0942.yaml,0,1001,0,0,0,0.42275456,0.0
0.0,501,22524.472154,0,3,1000,/workspace7/Unity3D/gabriele/Animal-AI/models_arenas/arenas_paper/box_reason_1/c2_0305.yaml,0,1001,0,0,0,0.34885895,0.0
0.0,501,22541.852651,0,3,1000,/workspace7/Unity3D/gabriele/Animal-AI/models_arenas/arenas_paper/box_reason_1/c2_0156.yaml,0,1001,0,0,0,0.18396364,0.0
2.996,156,22547.102425,2.996000051498413,3,1000,/workspace7/Unity3D/gabriele/Animal-AI/models_arenas/arenas_paper/box_reason_1/c2_0634.yaml,0,0,0,0,0,0.0,0.0
0.0,501,22567.831779,0,3,1000,/workspace7/Unity3D/gabriele/Animal-AI/models_arenas/arenas_paper/box_reason_1/c2_0787.yaml,0,1001,0,0,0,0.27278107,0.0
0.0,501,22585.375486,0,3,1000,/workspace7/Unity3D/gabriele/Animal-AI/models_arenas/arenas_paper/box_reason_1/c2_0573.yaml,0,1001,0,0,0,0.9619693,0.0
0.0,501,22606.599213,0,3,1000,/workspace7/Unity3D/gabriele/Animal-AI/models_arenas/arenas_paper/box_reason_1/c2_0435.yaml,0,1001,0,0,0,0.4511746,0.0
0.0,501,22623.532321,0,3,1000,/workspace7/Unity3D/gabriele/Animal-AI/models_arenas/arenas_paper/box_reason_1/c2_0421.yaml,0,1001,0,0,0,0.26593405,0.0
0.0,501,22643.979844,0,3,1000,/workspace7/Unity3D/gabriele/Animal-AI/models_arenas/arenas_paper/box_reason_1/c2_0173.yaml,0,1001,0,0,0,0.1441232,0.0
0.0,501,22661.326286,0,3,1000,/workspace7/Unity3D/gabriele/Animal-AI/models_arenas/arenas_paper/box_reason_1/c2_0291.yaml,0,1001,0,0,0,0.33727953,0.0
2.996,156,22666.139261,2.996000051498413,3,1000,/workspace7/Unity3D/gabriele/Animal-AI/models_arenas/arenas_paper/box_reason_1/c2_0617.yaml,0,0,0,0,0,0.0,0.0
0.0,501,22686.829263,0,3,1000,/workspace7/Unity3D/gabriele/Animal-AI/models_arenas/arenas_paper/box_reason_1/c2_0860.yaml,0,1001,0,0,0,0.4323686,0.0
0.0,501,22704.093007,0,3,1000,/workspace7/Unity3D/gabriele/Animal-AI/models_arenas/arenas_paper/box_reason_1/c2_0496.yaml,0,1001,0,0,0,0.28621992,0.0
0.0,501,22724.766831,0,3,1000,/workspace7/Unity3D/gabriele/Animal-AI/models_arenas/arenas_paper/box_reason_1/c2_0773.yaml,0,1001,0,0,0,0.2706616,0.0
0.0,501,22742.380112,0,3,1000,/workspace7/Unity3D/gabriele/Animal-AI/models_arenas/arenas_paper/box_reason_1/c2_0017.yaml,0,1001,0,0,0,0.30836442,0.0
0.0,501,22763.107782,0,3,1000,/workspace7/Unity3D/gabriele/Animal-AI/models_arenas/arenas_paper/box_reason_1/c2_0709.yaml,0,1001,0,0,0,0.2786801,0.0
0.0,501,22780.200532,0,3,1000,/workspace7/Unity3D/gabriele/Animal-AI/models_arenas/arenas_paper/box_reason_1/c2_0857.yaml,0,1001,0,0,0,0.8136281,0.0
0.0,501,22801.115832,0,3,1000,/workspace7/Unity3D/gabriele/Animal-AI/models_arenas/arenas_paper/box_reason_1/c2_0536.yaml,0,1001,0,0,0,1.3760877,0.0
0.0,501,22817.928715,0,3,1000,/workspace7/Unity3D/gabriele/Animal-AI/models_arenas/arenas_paper/box_reason_1/c2_0601.yaml,0,1001,0,0,0,0.22965744,0.0
0.0,501,22838.928988,0,3,1000,/workspace7/Unity3D/gabriele/Animal-AI/models_arenas/arenas_paper/box_reason_1/c2_0663.yaml,0,1001,0,0,0,0.25240356,0.0
0.0,501,22856.485667,0,3,1000,/workspace7/Unity3D/gabriele/Animal-AI/models_arenas/arenas_paper/box_reason_1/c2_0160.yaml,0,1001,0,0,0,0.24774374,0.0
0.0,501,22877.012487,0,3,1000,/workspace7/Unity3D/gabriele/Animal-AI/models_arenas/arenas_paper/box_reason_1/c2_0991.yaml,0,1001,0,0,0,0.42671224,0.0
2.996,156,22882.295786,2.996000051498413,3,1000,/workspace7/Unity3D/gabriele/Animal-AI/models_arenas/arenas_paper/box_reason_1/c2_0112.yaml,0,0,0,0,0,0.0,0.0
0.0,501,22903.369683,0,3,1000,/workspace7/Unity3D/gabriele/Animal-AI/models_arenas/arenas_paper/box_reason_1/c2_0409.yaml,0,1001,0,0,0,0.36349988,0.0
0.0,501,22920.951319,0,3,1000,/workspace7/Unity3D/gabriele/Animal-AI/models_arenas/arenas_paper/box_reason_1/c2_0748.yaml,0,1001,0,0,0,0.50497115,0.0
0.0,501,22941.883129,0,3,1000,/workspace7/Unity3D/gabriele/Animal-AI/models_arenas/arenas_paper/box_reason_1/c2_0295.yaml,0,1001,0,0,0,0.22692561,0.0
0.0,501,22959.473903,0,3,1000,/workspace7/Unity3D/gabriele/Animal-AI/models_arenas/arenas_paper/box_reason_1/c2_0767.yaml,0,1001,0,0,0,0.22622192,0.0
0.0,501,22980.35534,0,3,1000,/workspace7/Unity3D/gabriele/Animal-AI/models_arenas/arenas_paper/box_reason_1/c2_0855.yaml,0,1001,0,0,0,0.34755605,0.0
0.0,501,22997.871738,0,3,1000,/workspace7/Unity3D/gabriele/Animal-AI/models_arenas/arenas_paper/box_reason_1/c2_0083.yaml,0,1001,0,0,0,0.26797292,0.0
0.0,501,23018.557145,0,3,1000,/workspace7/Unity3D/gabriele/Animal-AI/models_arenas/arenas_paper/box_reason_1/c2_0895.yaml,0,1001,0,0,0,0.37396637,0.0
0.0,501,23034.82427,0,3,1000,/workspace7/Unity3D/gabriele/Animal-AI/models_arenas/arenas_paper/box_reason_1/c2_0499.yaml,0,1001,0,0,0,0.25108272,0.0
2.996,156,23039.891356,2.996000051498413,3,1000,/workspace7/Unity3D/gabriele/Animal-AI/models_arenas/arenas_paper/box_reason_1/c2_0344.yaml,0,0,0,0,0,0.0,0.0
2.996,156,23045.177207,2.996000051498413,3,1000,/workspace7/Unity3D/gabriele/Animal-AI/models_arenas/arenas_paper/box_reason_1/c2_0786.yaml,0,0,0,0,0,0.0,0.0
0.0,501,23065.893447,0,3,1000,/workspace7/Unity3D/gabriele/Animal-AI/models_arenas/arenas_paper/box_reason_1/c2_0068.yaml,0,1001,0,0,0,0.7309107,0.0
0.0,501,23082.913371,0,3,1000,/workspace7/Unity3D/gabriele/Animal-AI/models_arenas/arenas_paper/box_reason_1/c2_0918.yaml,0,1001,0,0,0,0.43477106,0.0
2.996,156,23087.96689,2.996000051498413,3,1000,/workspace7/Unity3D/gabriele/Animal-AI/models_arenas/arenas_paper/box_reason_1/c2_0456.yaml,0,0,0,0,0,0.0,0.0
0.0,501,23108.790932,0,3,1000,/workspace7/Unity3D/gabriele/Animal-AI/models_arenas/arenas_paper/box_reason_1/c2_0788.yaml,0,1001,0,0,0,0.41288564,0.0
0.0,501,23125.837908,0,3,1000,/workspace7/Unity3D/gabriele/Animal-AI/models_arenas/arenas_paper/box_reason_1/c2_0939.yaml,0,1001,0,0,0,0.44431794,0.0
0.0,501,23146.990022,0,3,1000,/workspace7/Unity3D/gabriele/Animal-AI/models_arenas/arenas_paper/box_reason_1/c2_0639.yaml,0,1001,0,0,0,0.43730792,0.0
0.0,501,23164.216251,0,3,1000,/workspace7/Unity3D/gabriele/Animal-AI/models_arenas/arenas_paper/box_reason_1/c2_0683.yaml,0,1001,0,0,0,0.28002036,0.0
0.0,501,23185.252512,0,3,1000,/workspace7/Unity3D/gabriele/Animal-AI/models_arenas/arenas_paper/box_reason_1/c2_0451.yaml,0,1001,0,0,0,0.34224093,0.0
0.0,501,23202.806742,0,3,1000,/workspace7/Unity3D/gabriele/Animal-AI/models_arenas/arenas_paper/box_reason_1/c2_0641.yaml,0,1001,0,0,0,0.34793165,0.0
0.0,501,23223.938266,0,3,1000,/workspace7/Unity3D/gabriele/Animal-AI/models_arenas/arenas_paper/box_reason_1/c2_0365.yaml,0,1001,0,0,0,0.38632235,0.0
0.0,501,23241.086016,0,3,1000,/workspace7/Unity3D/gabriele/Animal-AI/models_arenas/arenas_paper/box_reason_1/c2_0142.yaml,0,1001,0,0,0,0.34983143,0.0
0.0,501,23262.668979,0,3,1000,/workspace7/Unity3D/gabriele/Animal-AI/models_arenas/arenas_paper/box_reason_1/c2_0407.yaml,0,1001,0,0,0,0.23327982,0.0
0.0,501,23283.364316,0,3,1000,/workspace7/Unity3D/gabriele/Animal-AI/models_arenas/arenas_paper/box_reason_1/c2_0145.yaml,0,1001,0,0,0,0.91913265,0.0
0.0,501,23300.925291,0,3,1000,/workspace7/Unity3D/gabriele/Animal-AI/models_arenas/arenas_paper/box_reason_1/c2_0763.yaml,0,1001,0,0,0,0.54652625,0.0
0.0,501,23321.990524,0,3,1000,/workspace7/Unity3D/gabriele/Animal-AI/models_arenas/arenas_paper/box_reason_1/c2_0016.yaml,0,1001,0,0,0,0.340719,0.0
0.0,501,23339.143341,0,3,1000,/workspace7/Unity3D/gabriele/Animal-AI/models_arenas/arenas_paper/box_reason_1/c2_0530.yaml,0,1001,0,0,0,0.27922404,0.0
0.0,501,23360.342362,0,3,1000,/workspace7/Unity3D/gabriele/Animal-AI/models_arenas/arenas_paper/box_reason_1/c2_0133.yaml,0,1001,0,0,0,0.3919483,0.0
0.0,501,23377.278599,0,3,1000,/workspace7/Unity3D/gabriele/Animal-AI/models_arenas/arenas_paper/box_reason_1/c2_0710.yaml,0,1001,0,0,0,0.29087412,0.0
0.0,501,23398.155752,0,3,1000,/workspace7/Unity3D/gabriele/Animal-AI/models_arenas/arenas_paper/box_reason_1/c2_0700.yaml,0,1001,0,0,0,0.24060644,0.0
0.0,501,23415.432712,0,3,1000,/workspace7/Unity3D/gabriele/Animal-AI/models_arenas/arenas_paper/box_reason_1/c2_0439.yaml,0,1001,0,0,0,0.19695324,0.0
0.0,501,23436.588884,0,3,1000,/workspace7/Unity3D/gabriele/Animal-AI/models_arenas/arenas_paper/box_reason_1/c2_0283.yaml,0,1001,0,0,0,0.5137956,0.0
2.996,156,23441.861294,2.996000051498413,3,1000,/workspace7/Unity3D/gabriele/Animal-AI/models_arenas/arenas_paper/box_reason_1/c2_0783.yaml,0,0,0,0,0,0.0,0.0
0.0,501,23459.271842,0,3,1000,/workspace7/Unity3D/gabriele/Animal-AI/models_arenas/arenas_paper/box_reason_1/c2_0171.yaml,0,1001,0,0,0,0.21649781,0.0
0.0,501,23480.233666,0,3,1000,/workspace7/Unity3D/gabriele/Animal-AI/models_arenas/arenas_paper/box_reason_1/c2_0882.yaml,0,1001,0,0,0,0.1887897,0.0
0.0,501,23497.218652,0,3,1000,/workspace7/Unity3D/gabriele/Animal-AI/models_arenas/arenas_paper/box_reason_1/c2_0068.yaml,0,1001,0,0,0,0.21115069,0.0
0.0,501,23517.594985,0,3,1000,/workspace7/Unity3D/gabriele/Animal-AI/models_arenas/arenas_paper/box_reason_1/c2_0047.yaml,0,1001,0,0,0,0.2655787,0.0
0.0,501,23534.23848,0,3,1000,/workspace7/Unity3D/gabriele/Animal-AI/models_arenas/arenas_paper/box_reason_1/c2_0994.yaml,0,1001,0,0,0,0.2095436,0.0
0.0,501,23555.37534,0,3,1000,/workspace7/Unity3D/gabriele/Animal-AI/models_arenas/arenas_paper/box_reason_1/c2_0542.yaml,0,1001,0,0,0,0.27079126,0.0
0.0,501,23572.53292,0,3,1000,/workspace7/Unity3D/gabriele/Animal-AI/models_arenas/arenas_paper/box_reason_1/c2_0168.yaml,0,1001,0,0,0,0.6769452,0.0
0.0,501,23593.478104,0,3,1000,/workspace7/Unity3D/gabriele/Animal-AI/models_arenas/arenas_paper/box_reason_1/c2_0374.yaml,0,1001,0,0,0,0.63627654,0.0
0.0,501,23610.228148,0,3,1000,/workspace7/Unity3D/gabriele/Animal-AI/models_arenas/arenas_paper/box_reason_1/c2_0929.yaml,0,1001,0,0,0,0.24419795,0.0
0.0,501,23631.236523,0,3,1000,/workspace7/Unity3D/gabriele/Animal-AI/models_arenas/arenas_paper/box_reason_1/c2_0198.yaml,0,1001,0,0,0,0.22714612,0.0
0.0,501,23648.580753,0,3,1000,/workspace7/Unity3D/gabriele/Animal-AI/models_arenas/arenas_paper/box_reason_1/c2_0036.yaml,0,1001,0,0,0,0.26971334,0.0
0.0,501,23669.4393,0,3,1000,/workspace7/Unity3D/gabriele/Animal-AI/models_arenas/arenas_paper/box_reason_1/c2_0845.yaml,0,1001,0,0,0,0.28266698,0.0
0.0,501,23687.000661,0,3,1000,/workspace7/Unity3D/gabriele/Animal-AI/models_arenas/arenas_paper/box_reason_1/c2_0351.yaml,0,1001,0,0,0,0.3796769,0.0
0.0,501,23707.871265,0,3,1000,/workspace7/Unity3D/gabriele/Animal-AI/models_arenas/arenas_paper/box_reason_1/c2_0774.yaml,0,1001,0,0,0,0.21520686,0.0
0.0,501,23724.638997,0,3,1000,/workspace7/Unity3D/gabriele/Animal-AI/models_arenas/arenas_paper/box_reason_1/c2_0404.yaml,0,1001,0,0,0,0.25898087,0.0
2.996,156,23729.819519,2.996000051498413,3,1000,/workspace7/Unity3D/gabriele/Animal-AI/models_arenas/arenas_paper/box_reason_1/c2_0533.yaml,0,0,0,0,0,0.0,0.0
2.996,156,23734.914879,2.996000051498413,3,1000,/workspace7/Unity3D/gabriele/Animal-AI/models_arenas/arenas_paper/box_reason_1/c2_0874.yaml,0,0,0,0,0,0.0,0.0
0.0,501,23755.793112,0,3,1000,/workspace7/Unity3D/gabriele/Animal-AI/models_arenas/arenas_paper/box_reason_1/c2_0605.yaml,0,1001,0,0,0,0.25855002,0.0
0.0,501,23772.524525,0,3,1000,/workspace7/Unity3D/gabriele/Animal-AI/models_arenas/arenas_paper/box_reason_1/c2_0407.yaml,0,1001,0,0,0,0.2766538,0.0
0.0,501,23793.409663,0,3,1000,/workspace7/Unity3D/gabriele/Animal-AI/models_arenas/arenas_paper/box_reason_1/c2_0671.yaml,0,1001,0,0,0,0.29209542,0.0
2.996,156,23798.319027,2.996000051498413,3,1000,/workspace7/Unity3D/gabriele/Animal-AI/models_arenas/arenas_paper/box_reason_1/c2_0794.yaml,0,0,0,0,0,0.0,0.0
0.0,501,23819.307627,0,3,1000,/workspace7/Unity3D/gabriele/Animal-AI/models_arenas/arenas_paper/box_reason_1/c2_0286.yaml,0,1001,0,0,0,0.2732708,0.0
0.0,501,23836.565606,0,3,1000,/workspace7/Unity3D/gabriele/Animal-AI/models_arenas/arenas_paper/box_reason_1/c2_0826.yaml,0,1001,0,0,0,0.3034397,0.0
0.0,501,23857.566489,0,3,1000,/workspace7/Unity3D/gabriele/Animal-AI/models_arenas/arenas_paper/box_reason_1/c2_0513.yaml,0,1001,0,0,0,0.25973743,0.0
0.0,501,23874.804739,0,3,1000,/workspace7/Unity3D/gabriele/Animal-AI/models_arenas/arenas_paper/box_reason_1/c2_0434.yaml,0,1001,0,0,0,0.5599955,0.0
0.0,501,23895.619727,0,3,1000,/workspace7/Unity3D/gabriele/Animal-AI/models_arenas/arenas_paper/box_reason_1/c2_0096.yaml,0,1001,0,0,0,0.22759865,0.0
0.0,501,23913.177841,0,3,1000,/workspace7/Unity3D/gabriele/Animal-AI/models_arenas/arenas_paper/box_reason_1/c2_0778.yaml,0,1001,0,0,0,0.27908036,0.0
0.0,501,23933.766446,0,3,1000,/workspace7/Unity3D/gabriele/Animal-AI/models_arenas/arenas_paper/box_reason_1/c2_0611.yaml,0,1001,0,0,0,0.19079939,0.0
0.0,501,23950.500408,0,3,1000,/workspace7/Unity3D/gabriele/Animal-AI/models_arenas/arenas_paper/box_reason_1/c2_0318.yaml,0,1001,0,0,0,0.25966656,0.0
0.0,501,23971.453623,0,3,1000,/workspace7/Unity3D/gabriele/Animal-AI/models_arenas/arenas_paper/box_reason_1/c2_0799.yaml,0,1001,0,0,0,0.3228986,0.0
0.0,501,23988.806451,0,3,1000,/workspace7/Unity3D/gabriele/Animal-AI/models_arenas/arenas_paper/box_reason_1/c2_0123.yaml,0,1001,0,0,0,0.25698167,0.0
0.0,501,24009.959912,0,3,1000,/workspace7/Unity3D/gabriele/Animal-AI/models_arenas/arenas_paper/box_reason_1/c2_0445.yaml,0,1001,0,0,0,0.21475618,0.0
0.0,501,24027.563635,0,3,1000,/workspace7/Unity3D/gabriele/Animal-AI/models_arenas/arenas_paper/box_reason_1/c2_0941.yaml,0,1001,0,0,0,0.21876824,0.0
0.0,501,24048.228234,0,3,1000,/workspace7/Unity3D/gabriele/Animal-AI/models_arenas/arenas_paper/box_reason_1/c2_0890.yaml,0,1001,0,0,0,0.32332876,0.0
0.0,501,24065.470779,0,3,1000,/workspace7/Unity3D/gabriele/Animal-AI/models_arenas/arenas_paper/box_reason_1/c2_0288.yaml,0,1001,0,0,0,0.17434332,0.0
2.996,156,24070.724467,2.996000051498413,3,1000,/workspace7/Unity3D/gabriele/Animal-AI/models_arenas/arenas_paper/box_reason_1/c2_0820.yaml,0,0,0,0,0,0.0,0.0
0.0,501,24091.873754,0,3,1000,/workspace7/Unity3D/gabriele/Animal-AI/models_arenas/arenas_paper/box_reason_1/c2_0542.yaml,0,1001,0,0,0,0.27523452,0.0
0.0,501,24109.494577,0,3,1000,/workspace7/Unity3D/gabriele/Animal-AI/models_arenas/arenas_paper/box_reason_1/c2_0286.yaml,0,1001,0,0,0,0.18726376,0.0
0.0,501,24129.983615,0,3,1000,/workspace7/Unity3D/gabriele/Animal-AI/models_arenas/arenas_paper/box_reason_1/c2_0474.yaml,0,1001,0,0,0,0.31853643,0.0
0.0,501,24147.131726,0,3,1000,/workspace7/Unity3D/gabriele/Animal-AI/models_arenas/arenas_paper/box_reason_1/c2_0402.yaml,0,1001,0,0,0,0.24394073,0.0
2.996,156,24152.354959,2.996000051498413,3,1000,/workspace7/Unity3D/gabriele/Animal-AI/models_arenas/arenas_paper/box_reason_1/c2_0381.yaml,0,0,0,0,0,0.0,0.0
0.0,501,24173.103943,0,3,1000,/workspace7/Unity3D/gabriele/Animal-AI/models_arenas/arenas_paper/box_reason_1/c2_0563.yaml,0,1001,0,0,0,0.35614392,0.0
2.996,156,24178.093593,2.996000051498413,3,1000,/workspace7/Unity3D/gabriele/Animal-AI/models_arenas/arenas_paper/box_reason_1/c2_0338.yaml,0,0,0,0,0,0.0,0.0
0.0,501,24199.055329,0,3,1000,/workspace7/Unity3D/gabriele/Animal-AI/models_arenas/arenas_paper/box_reason_1/c2_0893.yaml,0,1001,0,0,0,0.2077878,0.0
0.0,501,24216.419846,0,3,1000,/workspace7/Unity3D/gabriele/Animal-AI/models_arenas/arenas_paper/box_reason_1/c2_0111.yaml,0,1001,0,0,0,0.17885134,0.0
0.0,501,24236.917607,0,3,1000,/workspace7/Unity3D/gabriele/Animal-AI/models_arenas/arenas_paper/box_reason_1/c2_0481.yaml,0,1001,0,0,0,0.2952551,0.0
0.0,501,24254.181251,0,3,1000,/workspace7/Unity3D/gabriele/Animal-AI/models_arenas/arenas_paper/box_reason_1/c2_0595.yaml,0,1001,0,0,0,0.238668,0.0
0.0,501,24274.853127,0,3,1000,/workspace7/Unity3D/gabriele/Animal-AI/models_arenas/arenas_paper/box_reason_1/c2_0458.yaml,0,1001,0,0,0,0.19663836,0.0
0.0,501,24292.35888,0,3,1000,/workspace7/Unity3D/gabriele/Animal-AI/models_arenas/arenas_paper/box_reason_1/c2_0191.yaml,0,1001,0,0,0,0.31952152,0.0
0.0,501,24313.490504,0,3,1000,/workspace7/Unity3D/gabriele/Animal-AI/models_arenas/arenas_paper/box_reason_1/c2_0802.yaml,0,1001,0,0,0,0.24755894,0.0
0.0,501,24330.40381,0,3,1000,/workspace7/Unity3D/gabriele/Animal-AI/models_arenas/arenas_paper/box_reason_1/c2_0902.yaml,0,1001,0,0,0,0.28870437,0.0
0.0,501,24351.288548,0,3,1000,/workspace7/Unity3D/gabriele/Animal-AI/models_arenas/arenas_paper/box_reason_1/c2_0866.yaml,0,1001,0,0,0,0.27450824,0.0
0.0,501,24368.593325,0,3,1000,/workspace7/Unity3D/gabriele/Animal-AI/models_arenas/arenas_paper/box_reason_1/c2_0486.yaml,0,1001,0,0,0,0.32943887,0.0
0.0,501,24389.046947,0,3,1000,/workspace7/Unity3D/gabriele/Animal-AI/models_arenas/arenas_paper/box_reason_1/c2_0539.yaml,0,1001,0,0,0,0.2633735,0.0
0.0,501,24406.262143,0,3,1000,/workspace7/Unity3D/gabriele/Animal-AI/models_arenas/arenas_paper/box_reason_1/c2_0802.yaml,0,1001,0,0,0,0.27268374,0.0
0.0,501,24427.172391,0,3,1000,/workspace7/Unity3D/gabriele/Animal-AI/models_arenas/arenas_paper/box_reason_1/c2_0975.yaml,0,1001,0,0,0,0.276259,0.0
0.0,501,24444.498504,0,3,1000,/workspace7/Unity3D/gabriele/Animal-AI/models_arenas/arenas_paper/box_reason_1/c2_0768.yaml,0,1001,0,0,0,0.27823573,0.0
0.0,501,24465.571718,0,3,1000,/workspace7/Unity3D/gabriele/Animal-AI/models_arenas/arenas_paper/box_reason_1/c2_0498.yaml,0,1001,0,0,0,0.23127066,0.0
0.0,501,24482.061471,0,3,1000,/workspace7/Unity3D/gabriele/Animal-AI/models_arenas/arenas_paper/box_reason_1/c2_0321.yaml,0,1001,0,0,0,0.29288113,0.0
0.0,501,24502.576926,0,3,1000,/workspace7/Unity3D/gabriele/Animal-AI/models_arenas/arenas_paper/box_reason_1/c2_0620.yaml,0,1001,0,0,0,0.31290448,0.0
0.0,501,24519.556734,0,3,1000,/workspace7/Unity3D/gabriele/Animal-AI/models_arenas/arenas_paper/box_reason_1/c2_0422.yaml,0,1001,0,0,0,0.44454715,0.0
2.996,156,24524.805043,2.996000051498413,3,1000,/workspace7/Unity3D/gabriele/Animal-AI/models_arenas/arenas_paper/box_reason_1/c2_0115.yaml,0,0,0,0,0,0.0,0.0
0.0,501,24545.770184,0,3,1000,/workspace7/Unity3D/gabriele/Animal-AI/models_arenas/arenas_paper/box_reason_1/c2_0157.yaml,0,1001,0,0,0,0.28029463,0.0
0.0,501,24563.421829,0,3,1000,/workspace7/Unity3D/gabriele/Animal-AI/models_arenas/arenas_paper/box_reason_1/c2_0966.yaml,0,1001,0,0,0,0.36891732,0.0
0.0,501,24583.904818,0,3,1000,/workspace7/Unity3D/gabriele/Animal-AI/models_arenas/arenas_paper/box_reason_1/c2_0137.yaml,0,1001,0,0,0,0.54842114,0.0
0.0,501,24600.602562,0,3,1000,/workspace7/Unity3D/gabriele/Animal-AI/models_arenas/arenas_paper/box_reason_1/c2_0025.yaml,0,1001,0,0,0,0.2989198,0.0
0.0,501,24621.293298,0,3,1000,/workspace7/Unity3D/gabriele/Animal-AI/models_arenas/arenas_paper/box_reason_1/c2_0776.yaml,0,1001,0,0,0,0.31298685,0.0
0.0,501,24638.84538,0,3,1000,/workspace7/Unity3D/gabriele/Animal-AI/models_arenas/arenas_paper/box_reason_1/c2_0553.yaml,0,1001,0,0,0,0.38596895,0.0
2.996,156,24644.078628,2.996000051498413,3,1000,/workspace7/Unity3D/gabriele/Animal-AI/models_arenas/arenas_paper/box_reason_1/c2_0191.yaml,0,0,0,0,0,0.0,0.0
0.0,501,24664.984985,0,3,1000,/workspace7/Unity3D/gabriele/Animal-AI/models_arenas/arenas_paper/box_reason_1/c2_0237.yaml,0,1001,0,0,0,0.41265774,0.0
0.0,501,24682.275311,0,3,1000,/workspace7/Unity3D/gabriele/Animal-AI/models_arenas/arenas_paper/box_reason_1/c2_0557.yaml,0,1001,0,0,0,0.4111049,0.0
0.0,501,24703.146829,0,3,1000,/workspace7/Unity3D/gabriele/Animal-AI/models_arenas/arenas_paper/box_reason_1/c2_0074.yaml,0,1001,0,0,0,0.34542647,0.0
0.0,501,24720.716694,0,3,1000,/workspace7/Unity3D/gabriele/Animal-AI/models_arenas/arenas_paper/box_reason_1/c2_0801.yaml,0,1001,0,0,0,0.32200834,0.0
0.0,501,24741.790521,0,3,1000,/workspace7/Unity3D/gabriele/Animal-AI/models_arenas/arenas_paper/box_reason_1/c2_0421.yaml,0,1001,0,0,0,0.37479693,0.0
0.0,501,24759.118759,0,3,1000,/workspace7/Unity3D/gabriele/Animal-AI/models_arenas/arenas_paper/box_reason_1/c2_0615.yaml,0,1001,0,0,0,0.282272,0.0
0.0,501,24780.233279,0,3,1000,/workspace7/Unity3D/gabriele/Animal-AI/models_arenas/arenas_paper/box_reason_1/c2_0483.yaml,0,1001,0,0,0,0.29127774,0.0
0.0,501,24797.31976,0,3,1000,/workspace7/Unity3D/gabriele/Animal-AI/models_arenas/arenas_paper/box_reason_1/c2_0540.yaml,0,1001,0,0,0,0.36638373,0.0
0.0,501,24818.197126,0,3,1000,/workspace7/Unity3D/gabriele/Animal-AI/models_arenas/arenas_paper/box_reason_1/c2_0322.yaml,0,1001,0,0,0,0.21906418,0.0
0.0,501,24835.582143,0,3,1000,/workspace7/Unity3D/gabriele/Animal-AI/models_arenas/arenas_paper/box_reason_1/c2_0139.yaml,0,1001,0,0,0,0.31747794,0.0
0.0,501,24856.443338,0,3,1000,/workspace7/Unity3D/gabriele/Animal-AI/models_arenas/arenas_paper/box_reason_1/c2_0934.yaml,0,1001,0,0,0,0.26485023,0.0
0.0,501,24873.083281,0,3,1000,/workspace7/Unity3D/gabriele/Animal-AI/models_arenas/arenas_paper/box_reason_1/c2_0476.yaml,0,1001,0,0,0,0.27869967,0.0
0.0,501,24893.906638,0,3,1000,/workspace7/Unity3D/gabriele/Animal-AI/models_arenas/arenas_paper/box_reason_1/c2_0238.yaml,0,1001,0,0,0,0.31439495,0.0
0.0,501,24911.166696,0,3,1000,/workspace7/Unity3D/gabriele/Animal-AI/models_arenas/arenas_paper/box_reason_1/c2_0354.yaml,0,1001,0,0,0,0.31760398,0.0
0.0,501,24931.870778,0,3,1000,/workspace7/Unity3D/gabriele/Animal-AI/models_arenas/arenas_paper/box_reason_1/c2_0057.yaml,0,1001,0,0,0,0.30456483,0.0
0.0,501,24949.196823,0,3,1000,/workspace7/Unity3D/gabriele/Animal-AI/models_arenas/arenas_paper/box_reason_1/c2_0924.yaml,0,1001,0,0,0,0.3516064,0.0
0.0,501,24969.895399,0,3,1000,/workspace7/Unity3D/gabriele/Animal-AI/models_arenas/arenas_paper/box_reason_1/c2_0570.yaml,0,1001,0,0,0,0.32611454,0.0
0.0,501,24987.225941,0,3,1000,/workspace7/Unity3D/gabriele/Animal-AI/models_arenas/arenas_paper/box_reason_1/c2_0956.yaml,0,1001,0,0,0,0.3147019,0.0
2.996,156,24995.83333,2.996000051498413,3,1000,/workspace7/Unity3D/gabriele/Animal-AI/models_arenas/arenas_paper/box_reason_1/c2_0842.yaml,0,0,0,0,0,0.0,0.0
0.0,501,25012.880446,0,3,1000,/workspace7/Unity3D/gabriele/Animal-AI/models_arenas/arenas_paper/box_reason_1/c2_0132.yaml,0,1001,0,0,0,0.51622987,0.0
0.0,501,25033.310697,0,3,1000,/workspace7/Unity3D/gabriele/Animal-AI/models_arenas/arenas_paper/box_reason_1/c2_0130.yaml,0,1001,0,0,0,0.39963728,0.0
0.0,501,25050.568278,0,3,1000,/workspace7/Unity3D/gabriele/Animal-AI/models_arenas/arenas_paper/box_reason_1/c2_0583.yaml,0,1001,0,0,0,0.49723676,0.0
0.0,501,25072.595891,0,3,1000,/workspace7/Unity3D/gabriele/Animal-AI/models_arenas/arenas_paper/box_reason_1/c2_0747.yaml,0,1001,0,0,0,0.4154803,0.0
0.0,501,25089.778651,0,3,1000,/workspace7/Unity3D/gabriele/Animal-AI/models_arenas/arenas_paper/box_reason_1/c2_0616.yaml,0,1001,0,0,0,0.32669526,0.0
0.0,501,25110.986148,0,3,1000,/workspace7/Unity3D/gabriele/Animal-AI/models_arenas/arenas_paper/box_reason_1/c2_0875.yaml,0,1001,0,0,0,0.39341494,0.0
0.0,501,25128.727557,0,3,1000,/workspace7/Unity3D/gabriele/Animal-AI/models_arenas/arenas_paper/box_reason_1/c2_0100.yaml,0,1001,0,0,0,0.32367107,0.0
0.0,501,25149.638217,0,3,1000,/workspace7/Unity3D/gabriele/Animal-AI/models_arenas/arenas_paper/box_reason_1/c2_0094.yaml,0,1001,0,0,0,0.29600918,0.0
0.0,501,25166.951342,0,3,1000,/workspace7/Unity3D/gabriele/Animal-AI/models_arenas/arenas_paper/box_reason_1/c2_0407.yaml,0,1001,0,0,0,0.70065314,0.0
2.996,156,25172.092963,2.996000051498413,3,1000,/workspace7/Unity3D/gabriele/Animal-AI/models_arenas/arenas_paper/box_reason_1/c2_0510.yaml,0,0,0,0,0,0.0,0.0
0.0,501,25193.223491,0,3,1000,/workspace7/Unity3D/gabriele/Animal-AI/models_arenas/arenas_paper/box_reason_1/c2_0197.yaml,0,1001,0,0,0,0.22574061,0.0
0.0,501,25210.358238,0,3,1000,/workspace7/Unity3D/gabriele/Animal-AI/models_arenas/arenas_paper/box_reason_1/c2_0031.yaml,0,1001,0,0,0,0.2686708,0.0
0.0,501,25231.577574,0,3,1000,/workspace7/Unity3D/gabriele/Animal-AI/models_arenas/arenas_paper/box_reason_1/c2_0408.yaml,0,1001,0,0,0,0.33479834,0.0
0.0,501,25248.740596,0,3,1000,/workspace7/Unity3D/gabriele/Animal-AI/models_arenas/arenas_paper/box_reason_1/c2_0119.yaml,0,1001,0,0,0,0.33427763,0.0
0.0,501,25269.180198,0,3,1000,/workspace7/Unity3D/gabriele/Animal-AI/models_arenas/arenas_paper/box_reason_1/c2_0190.yaml,0,1001,0,0,0,0.33965492,0.0
0.0,501,25286.52189,0,3,1000,/workspace7/Unity3D/gabriele/Animal-AI/models_arenas/arenas_paper/box_reason_1/c2_0713.yaml,0,1001,0,0,0,0.32741734,0.0
0.0,501,25307.135639,0,3,1000,/workspace7/Unity3D/gabriele/Animal-AI/models_arenas/arenas_paper/box_reason_1/c2_0434.yaml,0,1001,0,0,0,0.52357614,0.0
0.0,501,25324.782574,0,3,1000,/workspace7/Unity3D/gabriele/Animal-AI/models_arenas/arenas_paper/box_reason_1/c2_0194.yaml,0,1001,0,0,0,0.58800846,0.0
0.0,501,25345.944784,0,3,1000,/workspace7/Unity3D/gabriele/Animal-AI/models_arenas/arenas_paper/box_reason_1/c2_0965.yaml,0,1001,0,0,0,0.3659313,0.0
0.0,501,25363.268223,0,3,1000,/workspace7/Unity3D/gabriele/Animal-AI/models_arenas/arenas_paper/box_reason_1/c2_0690.yaml,0,1001,0,0,0,0.31569406,0.0
0.0,501,25384.391476,0,3,1000,/workspace7/Unity3D/gabriele/Animal-AI/models_arenas/arenas_paper/box_reason_1/c2_0931.yaml,0,1001,0,0,0,0.30004466,0.0
2.996,156,25389.47016,2.996000051498413,3,1000,/workspace7/Unity3D/gabriele/Animal-AI/models_arenas/arenas_paper/box_reason_1/c2_0126.yaml,0,0,0,0,0,0.0,0.0
0.0,501,25406.604899,0,3,1000,/workspace7/Unity3D/gabriele/Animal-AI/models_arenas/arenas_paper/box_reason_1/c2_0654.yaml,0,1001,0,0,0,0.3500266,0.0
0.0,501,25427.84655,0,3,1000,/workspace7/Unity3D/gabriele/Animal-AI/models_arenas/arenas_paper/box_reason_1/c2_0729.yaml,0,1001,0,0,0,0.25012487,0.0
0.0,501,25444.757197,0,3,1000,/workspace7/Unity3D/gabriele/Animal-AI/models_arenas/arenas_paper/box_reason_1/c2_0216.yaml,0,1001,0,0,0,0.2624427,0.0
0.0,501,25465.462878,0,3,1000,/workspace7/Unity3D/gabriele/Animal-AI/models_arenas/arenas_paper/box_reason_1/c2_0306.yaml,0,1001,0,0,0,0.2692024,0.0
0.0,501,25482.417463,0,3,1000,/workspace7/Unity3D/gabriele/Animal-AI/models_arenas/arenas_paper/box_reason_1/c2_0247.yaml,0,1001,0,0,0,0.37503496,0.0
0.0,501,25503.217026,0,3,1000,/workspace7/Unity3D/gabriele/Animal-AI/models_arenas/arenas_paper/box_reason_1/c2_0135.yaml,0,1001,0,0,0,0.46321687,0.0
0.0,501,25520.615865,0,3,1000,/workspace7/Unity3D/gabriele/Animal-AI/models_arenas/arenas_paper/box_reason_1/c2_0733.yaml,0,1001,0,0,0,0.5164216,0.0
0.0,501,25541.538528,0,3,1000,/workspace7/Unity3D/gabriele/Animal-AI/models_arenas/arenas_paper/box_reason_1/c2_0390.yaml,0,1001,0,0,0,0.62444973,0.0
0.0,501,25559.152536,0,3,1000,/workspace7/Unity3D/gabriele/Animal-AI/models_arenas/arenas_paper/box_reason_1/c2_0610.yaml,0,1001,0,0,0,0.568413,0.0
0.0,501,25580.042596,0,3,1000,/workspace7/Unity3D/gabriele/Animal-AI/models_arenas/arenas_paper/box_reason_1/c2_0844.yaml,0,1001,0,0,0,0.44836274,0.0
0.0,501,25597.173792,0,3,1000,/workspace7/Unity3D/gabriele/Animal-AI/models_arenas/arenas_paper/box_reason_1/c2_0049.yaml,0,1001,0,0,0,0.37862116,0.0
0.0,501,25617.75574,0,3,1000,/workspace7/Unity3D/gabriele/Animal-AI/models_arenas/arenas_paper/box_reason_1/c2_0352.yaml,0,1001,0,0,0,0.45908108,0.0
0.0,501,25634.392363,0,3,1000,/workspace7/Unity3D/gabriele/Animal-AI/models_arenas/arenas_paper/box_reason_1/c2_0307.yaml,0,1001,0,0,0,0.51329637,0.0
0.0,501,25655.177565,0,3,1000,/workspace7/Unity3D/gabriele/Animal-AI/models_arenas/arenas_paper/box_reason_1/c2_0286.yaml,0,1001,0,0,0,0.42122418,0.0
0.0,501,25671.820355,0,3,1000,/workspace7/Unity3D/gabriele/Animal-AI/models_arenas/arenas_paper/box_reason_1/c2_0015.yaml,0,1001,0,0,0,0.44793117,0.0
0.0,501,25692.351664,0,3,1000,/workspace7/Unity3D/gabriele/Animal-AI/models_arenas/arenas_paper/box_reason_1/c2_0065.yaml,0,1001,0,0,0,0.5844237,0.0
0.0,501,25709.517319,0,3,1000,/workspace7/Unity3D/gabriele/Animal-AI/models_arenas/arenas_paper/box_reason_1/c2_0684.yaml,0,1001,0,0,0,0.6701316,0.0
0.0,501,25729.459011,0,3,1000,/workspace7/Unity3D/gabriele/Animal-AI/models_arenas/arenas_paper/box_reason_1/c2_0841.yaml,0,1001,0,0,0,0.47933176,0.0
0.0,501,25746.437536,0,3,1000,/workspace7/Unity3D/gabriele/Animal-AI/models_arenas/arenas_paper/box_reason_1/c2_0348.yaml,0,1001,0,0,0,0.31716222,0.0
0.0,501,25767.417845,0,3,1000,/workspace7/Unity3D/gabriele/Animal-AI/models_arenas/arenas_paper/box_reason_1/c2_0725.yaml,0,1001,0,0,0,0.5941425,0.0
0.0,501,25788.017085,0,3,1000,/workspace7/Unity3D/gabriele/Animal-AI/models_arenas/arenas_paper/box_reason_1/c2_0641.yaml,0,1001,0,0,0,0.48789626,0.0
0.0,501,25805.562379,0,3,1000,/workspace7/Unity3D/gabriele/Animal-AI/models_arenas/arenas_paper/box_reason_1/c2_0364.yaml,0,1001,0,0,0,0.57919085,0.0
0.0,501,25825.882086,0,3,1000,/workspace7/Unity3D/gabriele/Animal-AI/models_arenas/arenas_paper/box_reason_1/c2_0725.yaml,0,1001,0,0,0,0.3076988,0.0
0.0,501,25843.380574,0,3,1000,/workspace7/Unity3D/gabriele/Animal-AI/models_arenas/arenas_paper/box_reason_1/c2_0881.yaml,0,1001,0,0,0,0.4572757,0.0
0.0,501,25864.218576,0,3,1000,/workspace7/Unity3D/gabriele/Animal-AI/models_arenas/arenas_paper/box_reason_1/c2_0715.yaml,0,1001,0,0,0,0.3005312,0.0
0.0,501,25881.843505,0,3,1000,/workspace7/Unity3D/gabriele/Animal-AI/models_arenas/arenas_paper/box_reason_1/c2_0070.yaml,0,1001,0,0,0,0.29731235,0.0
0.0,501,25902.562987,0,3,1000,/workspace7/Unity3D/gabriele/Animal-AI/models_arenas/arenas_paper/box_reason_1/c2_0584.yaml,0,1001,0,0,0,0.20133752,0.0
0.0,501,25919.692053,0,3,1000,/workspace7/Unity3D/gabriele/Animal-AI/models_arenas/arenas_paper/box_reason_1/c2_0991.yaml,0,1001,0,0,0,0.20196742,0.0
0.0,501,25940.373053,0,3,1000,/workspace7/Unity3D/gabriele/Animal-AI/models_arenas/arenas_paper/box_reason_1/c2_0230.yaml,0,1001,0,0,0,0.1854038,0.0
0.0,501,25957.768266,0,3,1000,/workspace7/Unity3D/gabriele/Animal-AI/models_arenas/arenas_paper/box_reason_1/c2_0394.yaml,0,1001,0,0,0,0.64914846,0.0
0.0,501,25978.327485,0,3,1000,/workspace7/Unity3D/gabriele/Animal-AI/models_arenas/arenas_paper/box_reason_1/c2_0095.yaml,0,1001,0,0,0,0.21206583,0.0
0.0,501,25995.837899,0,3,1000,/workspace7/Unity3D/gabriele/Animal-AI/models_arenas/arenas_paper/box_reason_1/c2_0984.yaml,0,1001,0,0,0,0.28441253,0.0
2.996,156,26000.649457,2.996000051498413,3,1000,/workspace7/Unity3D/gabriele/Animal-AI/models_arenas/arenas_paper/box_reason_1/c2_0589.yaml,0,0,0,0,0,0.0,0.0
0.0,501,26020.856298,0,3,1000,/workspace7/Unity3D/gabriele/Animal-AI/models_arenas/arenas_paper/box_reason_1/c2_0437.yaml,0,1001,0,0,0,0.49263597,0.0
0.0,501,26037.977521,0,3,1000,/workspace7/Unity3D/gabriele/Animal-AI/models_arenas/arenas_paper/box_reason_1/c2_0771.yaml,0,1001,0,0,0,0.37985417,0.0
0.0,501,26058.553017,0,3,1000,/workspace7/Unity3D/gabriele/Animal-AI/models_arenas/arenas_paper/box_reason_1/c2_0160.yaml,0,1001,0,0,0,0.2663055,0.0
0.0,501,26075.064749,0,3,1000,/workspace7/Unity3D/gabriele/Animal-AI/models_arenas/arenas_paper/box_reason_1/c2_0437.yaml,0,1001,0,0,0,0.34156895,0.0
0.0,501,26095.292188,0,3,1000,/workspace7/Unity3D/gabriele/Animal-AI/models_arenas/arenas_paper/box_reason_1/c2_0988.yaml,0,1001,0,0,0,0.32263514,0.0
0.0,501,26112.476363,0,3,1000,/workspace7/Unity3D/gabriele/Animal-AI/models_arenas/arenas_paper/box_reason_1/c2_0495.yaml,0,1001,0,0,0,0.32281905,0.0
0.0,501,26132.976057,0,3,1000,/workspace7/Unity3D/gabriele/Animal-AI/models_arenas/arenas_paper/box_reason_1/c2_0868.yaml,0,1001,0,0,0,0.31160226,0.0
0.0,501,26150.168894,0,3,1000,/workspace7/Unity3D/gabriele/Animal-AI/models_arenas/arenas_paper/box_reason_1/c2_0901.yaml,0,1001,0,0,0,0.32803077,0.0
0.0,501,26171.175176,0,3,1000,/workspace7/Unity3D/gabriele/Animal-AI/models_arenas/arenas_paper/box_reason_1/c2_0956.yaml,0,1001,0,0,0,0.7442862,0.0
0.0,501,26188.560856,0,3,1000,/workspace7/Unity3D/gabriele/Animal-AI/models_arenas/arenas_paper/box_reason_1/c2_0368.yaml,0,1001,0,0,0,0.4393653,0.0
2.996,156,26193.415891,2.996000051498413,3,1000,/workspace7/Unity3D/gabriele/Animal-AI/models_arenas/arenas_paper/box_reason_1/c2_0425.yaml,0,0,0,0,0,0.0,0.0
0.0,501,26213.664262,0,3,1000,/workspace7/Unity3D/gabriele/Animal-AI/models_arenas/arenas_paper/box_reason_1/c2_0194.yaml,0,1001,0,0,0,0.27685544,0.0
2.996,156,26218.735688,2.996000051498413,3,1000,/workspace7/Unity3D/gabriele/Animal-AI/models_arenas/arenas_paper/box_reason_1/c2_0595.yaml,0,0,0,0,0,0.0,0.0
0.0,501,26236.00675,0,3,1000,/workspace7/Unity3D/gabriele/Animal-AI/models_arenas/arenas_paper/box_reason_1/c2_0129.yaml,0,1001,0,0,0,0.48727256,0.0
0.0,501,26256.104709,0,3,1000,/workspace7/Unity3D/gabriele/Animal-AI/models_arenas/arenas_paper/box_reason_1/c2_0323.yaml,0,1001,0,0,0,0.7753023,0.0
2.996,156,26261.320858,2.996000051498413,3,1000,/workspace7/Unity3D/gabriele/Animal-AI/models_arenas/arenas_paper/box_reason_1/c2_0789.yaml,0,0,0,0,0,0.0,0.0
0.0,501,26282.21866,0,3,1000,/workspace7/Unity3D/gabriele/Animal-AI/models_arenas/arenas_paper/box_reason_1/c2_0467.yaml,0,1001,0,0,0,0.27031976,0.0
0.0,501,26299.747897,0,3,1000,/workspace7/Unity3D/gabriele/Animal-AI/models_arenas/arenas_paper/box_reason_1/c2_0383.yaml,0,1001,0,0,0,0.61028534,0.0
0.0,501,26320.889052,0,3,1000,/workspace7/Unity3D/gabriele/Animal-AI/models_arenas/arenas_paper/box_reason_1/c2_0672.yaml,0,1001,0,0,0,0.54015183,0.0
0.0,501,26338.054475,0,3,1000,/workspace7/Unity3D/gabriele/Animal-AI/models_arenas/arenas_paper/box_reason_1/c2_0026.yaml,0,1001,0,0,0,0.35249996,0.0
0.0,501,26358.8285,0,3,1000,/workspace7/Unity3D/gabriele/Animal-AI/models_arenas/arenas_paper/box_reason_1/c2_0029.yaml,0,1001,0,0,0,0.3765802,0.0
0.0,501,26376.372998,0,3,1000,/workspace7/Unity3D/gabriele/Animal-AI/models_arenas/arenas_paper/box_reason_1/c2_0425.yaml,0,1001,0,0,0,0.25370356,0.0
0.0,501,26397.249013,0,3,1000,/workspace7/Unity3D/gabriele/Animal-AI/models_arenas/arenas_paper/box_reason_1/c2_0132.yaml,0,1001,0,0,0,0.20422377,0.0
0.0,501,26414.539964,0,3,1000,/workspace7/Unity3D/gabriele/Animal-AI/models_arenas/arenas_paper/box_reason_1/c2_0320.yaml,0,1001,0,0,0,0.14383614,0.0
0.0,501,26435.658063,0,3,1000,/workspace7/Unity3D/gabriele/Animal-AI/models_arenas/arenas_paper/box_reason_1/c2_0828.yaml,0,1001,0,0,0,0.19889694,0.0
0.0,501,26452.65763,0,3,1000,/workspace7/Unity3D/gabriele/Animal-AI/models_arenas/arenas_paper/box_reason_1/c2_0002.yaml,0,1001,0,0,0,0.29393154,0.0
0.0,501,26473.809746,0,3,1000,/workspace7/Unity3D/gabriele/Animal-AI/models_arenas/arenas_paper/box_reason_1/c2_0083.yaml,0,1001,0,0,0,0.15518267,0.0
0.0,501,26490.266791,0,3,1000,/workspace7/Unity3D/gabriele/Animal-AI/models_arenas/arenas_paper/box_reason_1/c2_0538.yaml,0,1001,0,0,0,0.19352269,0.0
0.0,501,26511.535639,0,3,1000,/workspace7/Unity3D/gabriele/Animal-AI/models_arenas/arenas_paper/box_reason_1/c2_0442.yaml,0,1001,0,0,0,0.1999194,0.0
0.0,501,26528.012187,0,3,1000,/workspace7/Unity3D/gabriele/Animal-AI/models_arenas/arenas_paper/box_reason_1/c2_0165.yaml,0,1001,0,0,0,0.39866483,0.0
0.0,501,26549.028061,0,3,1000,/workspace7/Unity3D/gabriele/Animal-AI/models_arenas/arenas_paper/box_reason_1/c2_0196.yaml,0,1001,0,0,0,0.23473555,0.0
0.0,501,26566.508436,0,3,1000,/workspace7/Unity3D/gabriele/Animal-AI/models_arenas/arenas_paper/box_reason_1/c2_0951.yaml,0,1001,0,0,0,0.2535627,0.0
2.996,156,26571.750308,2.996000051498413,3,1000,/workspace7/Unity3D/gabriele/Animal-AI/models_arenas/arenas_paper/box_reason_1/c2_0348.yaml,0,0,0,0,0,0.0,0.0
2.996,156,26576.847409,2.996000051498413,3,1000,/workspace7/Unity3D/gabriele/Animal-AI/models_arenas/arenas_paper/box_reason_1/c2_0648.yaml,0,0,0,0,0,0.0,0.0
0.0,501,26597.419558,0,3,1000,/workspace7/Unity3D/gabriele/Animal-AI/models_arenas/arenas_paper/box_reason_1/c2_0692.yaml,0,1001,0,0,0,0.40248334,0.0
2.996,156,26602.618357,2.996000051498413,3,1000,/workspace7/Unity3D/gabriele/Animal-AI/models_arenas/arenas_paper/box_reason_1/c2_0093.yaml,0,0,0,0,0,0.0,0.0
0.0,501,26623.592783,0,3,1000,/workspace7/Unity3D/gabriele/Animal-AI/models_arenas/arenas_paper/box_reason_1/c2_0467.yaml,0,1001,0,0,0,0.2846999,0.0
0.0,501,26640.91585,0,3,1000,/workspace7/Unity3D/gabriele/Animal-AI/models_arenas/arenas_paper/box_reason_1/c2_0924.yaml,0,1001,0,0,0,0.2455171,0.0
0.0,501,26661.643021,0,3,1000,/workspace7/Unity3D/gabriele/Animal-AI/models_arenas/arenas_paper/box_reason_1/c2_0177.yaml,0,1001,0,0,0,0.55391985,0.0
0.0,501,26678.907649,0,3,1000,/workspace7/Unity3D/gabriele/Animal-AI/models_arenas/arenas_paper/box_reason_1/c2_0873.yaml,0,1001,0,0,0,0.8710173,0.0
0.0,501,26699.953972,0,3,1000,/workspace7/Unity3D/gabriele/Animal-AI/models_arenas/arenas_paper/box_reason_1/c2_0086.yaml,0,1001,0,0,0,0.53210443,0.0
0.0,501,26717.495078,0,3,1000,/workspace7/Unity3D/gabriele/Animal-AI/models_arenas/arenas_paper/box_reason_1/c2_0353.yaml,0,1001,0,0,0,0.18921712,0.0
0.0,501,26737.970649,0,3,1000,/workspace7/Unity3D/gabriele/Animal-AI/models_arenas/arenas_paper/box_reason_1/c2_0721.yaml,0,1001,0,0,0,0.2815097,0.0
0.0,501,26754.862542,0,3,1000,/workspace7/Unity3D/gabriele/Animal-AI/models_arenas/arenas_paper/box_reason_1/c2_0111.yaml,0,1001,0,0,0,0.2354151,0.0
0.0,501,26775.602795,0,3,1000,/workspace7/Unity3D/gabriele/Animal-AI/models_arenas/arenas_paper/box_reason_1/c2_0183.yaml,0,1001,0,0,0,0.39111522,0.0
0.0,501,26792.327693,0,3,1000,/workspace7/Unity3D/gabriele/Animal-AI/models_arenas/arenas_paper/box_reason_1/c2_0680.yaml,0,1001,0,0,0,0.36888584,0.0
0.0,501,26813.051958,0,3,1000,/workspace7/Unity3D/gabriele/Animal-AI/models_arenas/arenas_paper/box_reason_1/c2_0371.yaml,0,1001,0,0,0,0.44670334,0.0
0.0,501,26830.330022,0,3,1000,/workspace7/Unity3D/gabriele/Animal-AI/models_arenas/arenas_paper/box_reason_1/c2_0205.yaml,0,1001,0,0,0,0.20134477,0.0
0.0,501,26851.034356,0,3,1000,/workspace7/Unity3D/gabriele/Animal-AI/models_arenas/arenas_paper/box_reason_1/c2_0046.yaml,0,1001,0,0,0,0.24632426,0.0
0.0,501,26869.36382,0,3,1000,/workspace7/Unity3D/gabriele/Animal-AI/models_arenas/arenas_paper/box_reason_1/c2_0217.yaml,0,1001,0,0,0,0.18343696,0.0
0.0,501,26890.470287,0,3,1000,/workspace7/Unity3D/gabriele/Animal-AI/models_arenas/arenas_paper/box_reason_1/c2_0930.yaml,0,1001,0,0,0,0.19918165,0.0
0.0,501,26907.640359,0,3,1000,/workspace7/Unity3D/gabriele/Animal-AI/models_arenas/arenas_paper/box_reason_1/c2_0682.yaml,0,1001,0,0,0,0.17331937,0.0
0.0,501,26928.717232,0,3,1000,/workspace7/Unity3D/gabriele/Animal-AI/models_arenas/arenas_paper/box_reason_1/c2_0179.yaml,0,1001,0,0,0,0.606208,0.0
0.0,501,26946.077584,0,3,1000,/workspace7/Unity3D/gabriele/Animal-AI/models_arenas/arenas_paper/box_reason_1/c2_0068.yaml,0,1001,0,0,0,1.3906614,0.0
0.0,501,26967.149642,0,3,1000,/workspace7/Unity3D/gabriele/Animal-AI/models_arenas/arenas_paper/box_reason_1/c2_0350.yaml,0,1001,0,0,0,0.12478606,0.0
0.0,501,26984.487151,0,3,1000,/workspace7/Unity3D/gabriele/Animal-AI/models_arenas/arenas_paper/box_reason_1/c2_0185.yaml,0,1001,0,0,0,0.33400372,0.0
0.0,501,27005.697562,0,3,1000,/workspace7/Unity3D/gabriele/Animal-AI/models_arenas/arenas_paper/box_reason_1/c2_0599.yaml,0,1001,0,0,0,0.23059466,0.0
0.0,501,27023.25399,0,3,1000,/workspace7/Unity3D/gabriele/Animal-AI/models_arenas/arenas_paper/box_reason_1/c2_0781.yaml,0,1001,0,0,0,0.56186616,0.0
0.0,501,27044.139619,0,3,1000,/workspace7/Unity3D/gabriele/Animal-AI/models_arenas/arenas_paper/box_reason_1/c2_0419.yaml,0,1001,0,0,0,0.25075704,0.0
0.0,501,27061.524672,0,3,1000,/workspace7/Unity3D/gabriele/Animal-AI/models_arenas/arenas_paper/box_reason_1/c2_0926.yaml,0,1001,0,0,0,0.45358914,0.0
0.0,501,27081.255042,0,3,1000,/workspace7/Unity3D/gabriele/Animal-AI/models_arenas/arenas_paper/box_reason_1/c2_0779.yaml,0,1001,0,0,0,0.20248409,0.0
0.0,501,27097.796882,0,3,1000,/workspace7/Unity3D/gabriele/Animal-AI/models_arenas/arenas_paper/box_reason_1/c2_0879.yaml,0,1001,0,0,0,0.2902722,0.0
0.0,501,27118.45996,0,3,1000,/workspace7/Unity3D/gabriele/Animal-AI/models_arenas/arenas_paper/box_reason_1/c2_0990.yaml,0,1001,0,0,0,0.35875463,0.0
0.0,501,27135.483078,0,3,1000,/workspace7/Unity3D/gabriele/Animal-AI/models_arenas/arenas_paper/box_reason_1/c2_0031.yaml,0,1001,0,0,0,0.22282532,0.0
2.996,156,27140.729312,2.996000051498413,3,1000,/workspace7/Unity3D/gabriele/Animal-AI/models_arenas/arenas_paper/box_reason_1/c2_0246.yaml,0,0,0,0,0,0.0,0.0
0.0,501,27161.61529,0,3,1000,/workspace7/Unity3D/gabriele/Animal-AI/models_arenas/arenas_paper/box_reason_1/c2_0386.yaml,0,1001,0,0,0,0.36165845,0.0
0.0,501,27179.195469,0,3,1000,/workspace7/Unity3D/gabriele/Animal-AI/models_arenas/arenas_paper/box_reason_1/c2_0400.yaml,0,1001,0,0,0,0.3766978,0.0
2.996,156,27184.478324,2.996000051498413,3,1000,/workspace7/Unity3D/gabriele/Animal-AI/models_arenas/arenas_paper/box_reason_1/c2_0325.yaml,0,0,0,0,0,0.0,0.0
0.0,501,27205.417324,0,3,1000,/workspace7/Unity3D/gabriele/Animal-AI/models_arenas/arenas_paper/box_reason_1/c2_0062.yaml,0,1001,0,0,0,0.366803,0.0
0.0,501,27222.718161,0,3,1000,/workspace7/Unity3D/gabriele/Animal-AI/models_arenas/arenas_paper/box_reason_1/c2_0146.yaml,0,1001,0,0,0,0.19516072,0.0
0.0,501,27243.571976,0,3,1000,/workspace7/Unity3D/gabriele/Animal-AI/models_arenas/arenas_paper/box_reason_1/c2_0566.yaml,0,1001,0,0,0,0.26429677,0.0
0.0,501,27260.899466,0,3,1000,/workspace7/Unity3D/gabriele/Animal-AI/models_arenas/arenas_paper/box_reason_1/c2_0874.yaml,0,1001,0,0,0,0.49005282,0.0
0.0,501,27281.882823,0,3,1000,/workspace7/Unity3D/gabriele/Animal-AI/models_arenas/arenas_paper/box_reason_1/c2_0631.yaml,0,1001,0,0,0,0.2016124,0.0
0.0,501,27299.151462,0,3,1000,/workspace7/Unity3D/gabriele/Animal-AI/models_arenas/arenas_paper/box_reason_1/c2_0454.yaml,0,1001,0,0,0,0.3012578,0.0
0.0,501,27319.171069,0,3,1000,/workspace7/Unity3D/gabriele/Animal-AI/models_arenas/arenas_paper/box_reason_1/c2_0641.yaml,0,1001,0,0,0,0.40287638,0.0
0.0,501,27336.666622,0,3,1000,/workspace7/Unity3D/gabriele/Animal-AI/models_arenas/arenas_paper/box_reason_1/c2_0873.yaml,0,1001,0,0,0,0.28619513,0.0
0.0,501,27357.494791,0,3,1000,/workspace7/Unity3D/gabriele/Animal-AI/models_arenas/arenas_paper/box_reason_1/c2_0111.yaml,0,1001,0,0,0,0.22937551,0.0
0.0,501,27374.273998,0,3,1000,/workspace7/Unity3D/gabriele/Animal-AI/models_arenas/arenas_paper/box_reason_1/c2_0192.yaml,0,1001,0,0,0,0.23460057,0.0
0.0,501,27395.198556,0,3,1000,/workspace7/Unity3D/gabriele/Animal-AI/models_arenas/arenas_paper/box_reason_1/c2_0427.yaml,0,1001,0,0,0,0.2924817,0.0
0.0,501,27412.804257,0,3,1000,/workspace7/Unity3D/gabriele/Animal-AI/models_arenas/arenas_paper/box_reason_1/c2_0751.yaml,0,1001,0,0,0,0.37876278,0.0
0.0,501,27433.172435,0,3,1000,/workspace7/Unity3D/gabriele/Animal-AI/models_arenas/arenas_paper/box_reason_1/c2_0051.yaml,0,1001,0,0,0,0.41162276,0.0
0.0,501,27450.503929,0,3,1000,/workspace7/Unity3D/gabriele/Animal-AI/models_arenas/arenas_paper/box_reason_1/c2_0608.yaml,0,1001,0,0,0,0.21170431,0.0
0.0,501,27471.305198,0,3,1000,/workspace7/Unity3D/gabriele/Animal-AI/models_arenas/arenas_paper/box_reason_1/c2_0837.yaml,0,1001,0,0,0,0.19100465,0.0
2.996,156,27476.535307,2.996000051498413,3,1000,/workspace7/Unity3D/gabriele/Animal-AI/models_arenas/arenas_paper/box_reason_1/c2_0968.yaml,0,0,0,0,0,0.0,0.0
0.0,501,27497.65682,0,3,1000,/workspace7/Unity3D/gabriele/Animal-AI/models_arenas/arenas_paper/box_reason_1/c2_0271.yaml,0,1001,0,0,0,0.24739167,0.0
0.0,501,27514.854778,0,3,1000,/workspace7/Unity3D/gabriele/Animal-AI/models_arenas/arenas_paper/box_reason_1/c2_0896.yaml,0,1001,0,0,0,0.31355086,0.0
0.0,501,27535.814508,0,3,1000,/workspace7/Unity3D/gabriele/Animal-AI/models_arenas/arenas_paper/box_reason_1/c2_0282.yaml,0,1001,0,0,0,0.6012541,0.0
2.996,156,27541.081206,2.996000051498413,3,1000,/workspace7/Unity3D/gabriele/Animal-AI/models_arenas/arenas_paper/box_reason_1/c2_0009.yaml,0,0,0,0,0,0.0,0.0
0.0,501,27558.24679,0,3,1000,/workspace7/Unity3D/gabriele/Animal-AI/models_arenas/arenas_paper/box_reason_1/c2_0220.yaml,0,1001,0,0,0,0.28311887,0.0
0.0,501,27579.279195,0,3,1000,/workspace7/Unity3D/gabriele/Animal-AI/models_arenas/arenas_paper/box_reason_1/c2_0992.yaml,0,1001,0,0,0,0.26662248,0.0
0.0,501,27596.697404,0,3,1000,/workspace7/Unity3D/gabriele/Animal-AI/models_arenas/arenas_paper/box_reason_1/c2_0506.yaml,0,1001,0,0,0,0.2136639,0.0
0.0,501,27617.747645,0,3,1000,/workspace7/Unity3D/gabriele/Animal-AI/models_arenas/arenas_paper/box_reason_1/c2_0283.yaml,0,1001,0,0,0,0.32117528,0.0
0.0,501,27634.994721,0,3,1000,/workspace7/Unity3D/gabriele/Animal-AI/models_arenas/arenas_paper/box_reason_1/c2_0766.yaml,0,1001,0,0,0,0.31384146,0.0
0.0,501,27655.557122,0,3,1000,/workspace7/Unity3D/gabriele/Animal-AI/models_arenas/arenas_paper/box_reason_1/c2_0987.yaml,0,1001,0,0,0,0.17743261,0.0
0.0,501,27672.418418,0,3,1000,/workspace7/Unity3D/gabriele/Animal-AI/models_arenas/arenas_paper/box_reason_1/c2_0092.yaml,0,1001,0,0,0,0.44388586,0.0
2.996,156,27677.691534,2.996000051498413,3,1000,/workspace7/Unity3D/gabriele/Animal-AI/models_arenas/arenas_paper/box_reason_1/c2_0266.yaml,0,0,0,0,0,0.0,0.0
0.0,501,27698.670012,0,3,1000,/workspace7/Unity3D/gabriele/Animal-AI/models_arenas/arenas_paper/box_reason_1/c2_0788.yaml,0,1001,0,0,0,0.12417906,0.0
0.0,501,27716.233466,0,3,1000,/workspace7/Unity3D/gabriele/Animal-AI/models_arenas/arenas_paper/box_reason_1/c2_0927.yaml,0,1001,0,0,0,0.17041188,0.0
0.0,501,27737.277557,0,3,1000,/workspace7/Unity3D/gabriele/Animal-AI/models_arenas/arenas_paper/box_reason_1/c2_0257.yaml,0,1001,0,0,0,0.25594246,0.0
0.0,501,27754.359777,0,3,1000,/workspace7/Unity3D/gabriele/Animal-AI/models_arenas/arenas_paper/box_reason_1/c2_0432.yaml,0,1001,0,0,0,0.24170935,0.0
0.0,501,27772.940033,0,3,1000,/workspace7/Unity3D/gabriele/Animal-AI/models_arenas/arenas_paper/box_reason_1/c2_0174.yaml,0,1001,0,0,0,0.1841466,0.0
0.0,501,27789.99171,0,3,1000,/workspace7/Unity3D/gabriele/Animal-AI/models_arenas/arenas_paper/box_reason_1/c2_0618.yaml,0,1001,0,0,0,0.14404172,0.0
0.0,501,27810.412579,0,3,1000,/workspace7/Unity3D/gabriele/Animal-AI/models_arenas/arenas_paper/box_reason_1/c2_0064.yaml,0,1001,0,0,0,0.66725135,0.0
2.996,156,27815.710933,2.996000051498413,3,1000,/workspace7/Unity3D/gabriele/Animal-AI/models_arenas/arenas_paper/box_reason_1/c2_0531.yaml,0,0,0,0,0,0.0,0.0
0.0,501,27836.474037,0,3,1000,/workspace7/Unity3D/gabriele/Animal-AI/models_arenas/arenas_paper/box_reason_1/c2_0529.yaml,0,1001,0,0,0,0.2610097,0.0
0.0,501,27852.973608,0,3,1000,/workspace7/Unity3D/gabriele/Animal-AI/models_arenas/arenas_paper/box_reason_1/c2_0143.yaml,0,1001,0,0,0,0.37740558,0.0
0.0,501,27873.059773,0,3,1000,/workspace7/Unity3D/gabriele/Animal-AI/models_arenas/arenas_paper/box_reason_1/c2_0701.yaml,0,1001,0,0,0,0.33899873,0.0
2.996,156,27878.275299,2.996000051498413,3,1000,/workspace7/Unity3D/gabriele/Animal-AI/models_arenas/arenas_paper/box_reason_1/c2_0724.yaml,0,0,0,0,0,0.0,0.0
0.0,501,27895.835732,0,3,1000,/workspace7/Unity3D/gabriele/Animal-AI/models_arenas/arenas_paper/box_reason_1/c2_0314.yaml,0,1001,0,0,0,0.2660982,0.0
0.0,501,27917.035753,0,3,1000,/workspace7/Unity3D/gabriele/Animal-AI/models_arenas/arenas_paper/box_reason_1/c2_0153.yaml,0,1001,0,0,0,0.26662874,0.0
0.0,501,27934.319146,0,3,1000,/workspace7/Unity3D/gabriele/Animal-AI/models_arenas/arenas_paper/box_reason_1/c2_0237.yaml,0,1001,0,0,0,0.28440475,0.0
0.0,501,27955.271927,0,3,1000,/workspace7/Unity3D/gabriele/Animal-AI/models_arenas/arenas_paper/box_reason_1/c2_0677.yaml,0,1001,0,0,0,0.22513014,0.0
0.0,501,27972.528572,0,3,1000,/workspace7/Unity3D/gabriele/Animal-AI/models_arenas/arenas_paper/box_reason_1/c2_0558.yaml,0,1001,0,0,0,0.16980304,0.0
2.996,156,27977.552785,2.996000051498413,3,1000,/workspace7/Unity3D/gabriele/Animal-AI/models_arenas/arenas_paper/box_reason_1/c2_0120.yaml,0,0,0,0,0,0.0,0.0
0.0,501,27998.409699,0,3,1000,/workspace7/Unity3D/gabriele/Animal-AI/models_arenas/arenas_paper/box_reason_1/c2_0947.yaml,0,1001,0,0,0,0.14162746,0.0
0.0,501,28015.520999,0,3,1000,/workspace7/Unity3D/gabriele/Animal-AI/models_arenas/arenas_paper/box_reason_1/c2_0588.yaml,0,1001,0,0,0,0.44718623,0.0
0.0,501,28036.245676,0,3,1000,/workspace7/Unity3D/gabriele/Animal-AI/models_arenas/arenas_paper/box_reason_1/c2_0886.yaml,0,1001,0,0,0,0.18573518,0.0
0.0,501,28053.438373,0,3,1000,/workspace7/Unity3D/gabriele/Animal-AI/models_arenas/arenas_paper/box_reason_1/c2_0776.yaml,0,1001,0,0,0,0.38907713,0.0
2.996,156,28062.024932,2.996000051498413,3,1000,/workspace7/Unity3D/gabriele/Animal-AI/models_arenas/arenas_paper/box_reason_1/c2_0658.yaml,0,0,0,0,0,0.0,0.0
2.996,156,28067.228763,2.996000051498413,3,1000,/workspace7/Unity3D/gabriele/Animal-AI/models_arenas/arenas_paper/box_reason_1/c2_0507.yaml,0,0,0,0,0,0.0,0.0
2.996,156,28072.435073,2.996000051498413,3,1000,/workspace7/Unity3D/gabriele/Animal-AI/models_arenas/arenas_paper/box_reason_1/c2_0821.yaml,0,0,0,0,0,0.0,0.0
0.0,501,28088.887535,0,3,1000,/workspace7/Unity3D/gabriele/Animal-AI/models_arenas/arenas_paper/box_reason_1/c2_0091.yaml,0,1001,0,0,0,0.40373355,0.0
0.0,501,28109.63045,0,3,1000,/workspace7/Unity3D/gabriele/Animal-AI/models_arenas/arenas_paper/box_reason_1/c2_0471.yaml,0,1001,0,0,0,0.2077329,0.0
0.0,501,28126.61927,0,3,1000,/workspace7/Unity3D/gabriele/Animal-AI/models_arenas/arenas_paper/box_reason_1/c2_0553.yaml,0,1001,0,0,0,0.24271134,0.0
0.0,501,28147.122915,0,3,1000,/workspace7/Unity3D/gabriele/Animal-AI/models_arenas/arenas_paper/box_reason_1/c2_0354.yaml,0,1001,0,0,0,0.22138837,0.0
0.0,501,28164.361487,0,3,1000,/workspace7/Unity3D/gabriele/Animal-AI/models_arenas/arenas_paper/box_reason_1/c2_0278.yaml,0,1001,0,0,0,0.38895032,0.0
0.0,501,28185.270689,0,3,1000,/workspace7/Unity3D/gabriele/Animal-AI/models_arenas/arenas_paper/box_reason_1/c2_0324.yaml,0,1001,0,0,0,0.24979135,0.0
0.0,501,28202.260295,0,3,1000,/workspace7/Unity3D/gabriele/Animal-AI/models_arenas/arenas_paper/box_reason_1/c2_0206.yaml,0,1001,0,0,0,0.25997546,0.0
0.0,501,28223.188513,0,3,1000,/workspace7/Unity3D/gabriele/Animal-AI/models_arenas/arenas_paper/box_reason_1/c2_0073.yaml,0,1001,0,0,0,0.39432076,0.0
0.0,501,28240.549578,0,3,1000,/workspace7/Unity3D/gabriele/Animal-AI/models_arenas/arenas_paper/box_reason_1/c2_0270.yaml,0,1001,0,0,0,0.32133648,0.0
0.0,501,28261.0418,0,3,1000,/workspace7/Unity3D/gabriele/Animal-AI/models_arenas/arenas_paper/box_reason_1/c2_0995.yaml,0,1001,0,0,0,0.36311555,0.0
2.996,156,28266.299698,2.996000051498413,3,1000,/workspace7/Unity3D/gabriele/Animal-AI/models_arenas/arenas_paper/box_reason_1/c2_0835.yaml,0,0,0,0,0,0.0,0.0
0.0,501,28287.445769,0,3,1000,/workspace7/Unity3D/gabriele/Animal-AI/models_arenas/arenas_paper/box_reason_1/c2_0818.yaml,0,1001,0,0,0,0.27528113,0.0
0.0,501,28304.911531,0,3,1000,/workspace7/Unity3D/gabriele/Animal-AI/models_arenas/arenas_paper/box_reason_1/c2_0296.yaml,0,1001,0,0,0,0.32751787,0.0
0.0,501,28325.764558,0,3,1000,/workspace7/Unity3D/gabriele/Animal-AI/models_arenas/arenas_paper/box_reason_1/c2_0315.yaml,0,1001,0,0,0,0.26427004,0.0
0.0,501,28343.08392,0,3,1000,/workspace7/Unity3D/gabriele/Animal-AI/models_arenas/arenas_paper/box_reason_1/c2_0710.yaml,0,1001,0,0,0,0.25211382,0.0
0.0,501,28363.717731,0,3,1000,/workspace7/Unity3D/gabriele/Animal-AI/models_arenas/arenas_paper/box_reason_1/c2_0918.yaml,0,1001,0,0,0,0.25206402,0.0
0.0,501,28380.838104,0,3,1000,/workspace7/Unity3D/gabriele/Animal-AI/models_arenas/arenas_paper/box_reason_1/c2_0159.yaml,0,1001,0,0,0,0.19432417,0.0
0.0,501,28402.010039,0,3,1000,/workspace7/Unity3D/gabriele/Animal-AI/models_arenas/arenas_paper/box_reason_1/c2_0441.yaml,0,1001,0,0,0,0.1579901,0.0
0.0,501,28419.247487,0,3,1000,/workspace7/Unity3D/gabriele/Animal-AI/models_arenas/arenas_paper/box_reason_1/c2_0484.yaml,0,1001,0,0,0,0.4742408,0.0
0.0,501,28439.376159,0,3,1000,/workspace7/Unity3D/gabriele/Animal-AI/models_arenas/arenas_paper/box_reason_1/c2_0383.yaml,0,1001,0,0,0,0.20177712,0.0
0.0,501,28456.56888,0,3,1000,/workspace7/Unity3D/gabriele/Animal-AI/models_arenas/arenas_paper/box_reason_1/c2_0029.yaml,0,1001,0,0,0,0.22942019,0.0
0.0,501,28477.464205,0,3,1000,/workspace7/Unity3D/gabriele/Animal-AI/models_arenas/arenas_paper/box_reason_1/c2_0358.yaml,0,1001,0,0,0,0.21628895,0.0
0.0,501,28494.778315,0,3,1000,/workspace7/Unity3D/gabriele/Animal-AI/models_arenas/arenas_paper/box_reason_1/c2_0127.yaml,0,1001,0,0,0,0.29656076,0.0
0.0,501,28515.578034,0,3,1000,/workspace7/Unity3D/gabriele/Animal-AI/models_arenas/arenas_paper/box_reason_1/c2_0536.yaml,0,1001,0,0,0,1.658246,0.0
0.0,501,28532.605193,0,3,1000,/workspace7/Unity3D/gabriele/Animal-AI/models_arenas/arenas_paper/box_reason_1/c2_0269.yaml,0,1001,0,0,0,0.18573958,0.0
0.0,501,28553.030447,0,3,1000,/workspace7/Unity3D/gabriele/Animal-AI/models_arenas/arenas_paper/box_reason_1/c2_0993.yaml,0,1001,0,0,0,0.19918662,0.0
0.0,501,28570.248207,0,3,1000,/workspace7/Unity3D/gabriele/Animal-AI/models_arenas/arenas_paper/box_reason_1/c2_0059.yaml,0,1001,0,0,0,0.36182845,0.0
0.0,501,28591.27661,0,3,1000,/workspace7/Unity3D/gabriele/Animal-AI/models_arenas/arenas_paper/box_reason_1/c2_0889.yaml,0,1001,0,0,0,0.22212602,0.0
0.0,501,28607.45757,0,3,1000,/workspace7/Unity3D/gabriele/Animal-AI/models_arenas/arenas_paper/box_reason_1/c2_0757.yaml,0,1001,0,0,0,0.28001088,0.0
0.0,501,28627.864096,0,3,1000,/workspace7/Unity3D/gabriele/Animal-AI/models_arenas/arenas_paper/box_reason_1/c2_0053.yaml,0,1001,0,0,0,0.14354044,0.0
0.0,501,28644.530555,0,3,1000,/workspace7/Unity3D/gabriele/Animal-AI/models_arenas/arenas_paper/box_reason_1/c2_0006.yaml,0,1001,0,0,0,0.44066468,0.0
0.0,501,28666.503217,0,3,1000,/workspace7/Unity3D/gabriele/Animal-AI/models_arenas/arenas_paper/box_reason_1/c2_0838.yaml,0,1001,0,0,0,0.28182214,0.0
0.0,501,28684.024504,0,3,1000,/workspace7/Unity3D/gabriele/Animal-AI/models_arenas/arenas_paper/box_reason_1/c2_0097.yaml,0,1001,0,0,0,0.33163545,0.0
0.0,501,28705.158694,0,3,1000,/workspace7/Unity3D/gabriele/Animal-AI/models_arenas/arenas_paper/box_reason_1/c2_0325.yaml,0,1001,0,0,0,0.46883613,0.0
0.0,501,28722.412293,0,3,1000,/workspace7/Unity3D/gabriele/Animal-AI/models_arenas/arenas_paper/box_reason_1/c2_0867.yaml,0,1001,0,0,0,0.26724818,0.0
0.0,501,28743.413783,0,3,1000,/workspace7/Unity3D/gabriele/Animal-AI/models_arenas/arenas_paper/box_reason_1/c2_0028.yaml,0,1001,0,0,0,0.34281638,0.0
0.0,501,28760.786623,0,3,1000,/workspace7/Unity3D/gabriele/Animal-AI/models_arenas/arenas_paper/box_reason_1/c2_0078.yaml,0,1001,0,0,0,0.21787968,0.0
0.0,501,28781.637464,0,3,1000,/workspace7/Unity3D/gabriele/Animal-AI/models_arenas/arenas_paper/box_reason_1/c2_0122.yaml,0,1001,0,0,0,0.2453157,0.0
0.0,501,28798.901274,0,3,1000,/workspace7/Unity3D/gabriele/Animal-AI/models_arenas/arenas_paper/box_reason_1/c2_0553.yaml,0,1001,0,0,0,0.17818564,0.0
0.0,501,28820.024114,0,3,1000,/workspace7/Unity3D/gabriele/Animal-AI/models_arenas/arenas_paper/box_reason_1/c2_0690.yaml,0,1001,0,0,0,0.29144043,0.0
0.0,501,28836.970232,0,3,1000,/workspace7/Unity3D/gabriele/Animal-AI/models_arenas/arenas_paper/box_reason_1/c2_0384.yaml,0,1001,0,0,0,0.22915721,0.0
0.0,501,28857.72178,0,3,1000,/workspace7/Unity3D/gabriele/Animal-AI/models_arenas/arenas_paper/box_reason_1/c2_0074.yaml,0,1001,0,0,0,0.21172072,0.0
0.0,501,28875.109376,0,3,1000,/workspace7/Unity3D/gabriele/Animal-AI/models_arenas/arenas_paper/box_reason_1/c2_0238.yaml,0,1001,0,0,0,0.96390444,0.0
0.0,501,28896.014249,0,3,1000,/workspace7/Unity3D/gabriele/Animal-AI/models_arenas/arenas_paper/box_reason_1/c2_0852.yaml,0,1001,0,0,0,0.2515942,0.0
0.0,501,28912.967188,0,3,1000,/workspace7/Unity3D/gabriele/Animal-AI/models_arenas/arenas_paper/box_reason_1/c2_0823.yaml,0,1001,0,0,0,0.22290856,0.0
2.996,156,28917.983977,2.996000051498413,3,1000,/workspace7/Unity3D/gabriele/Animal-AI/models_arenas/arenas_paper/box_reason_1/c2_0352.yaml,0,0,0,0,0,0.0,0.0
0.0,501,28938.647334,0,3,1000,/workspace7/Unity3D/gabriele/Animal-AI/models_arenas/arenas_paper/box_reason_1/c2_0910.yaml,0,1001,0,0,0,0.96419173,0.0
0.0,501,28955.689355,0,3,1000,/workspace7/Unity3D/gabriele/Animal-AI/models_arenas/arenas_paper/box_reason_1/c2_0467.yaml,0,1001,0,0,0,0.29359895,0.0
0.0,501,28976.66479,0,3,1000,/workspace7/Unity3D/gabriele/Animal-AI/models_arenas/arenas_paper/box_reason_1/c2_0822.yaml,0,1001,0,0,0,1.0552185,0.0
0.0,501,28994.239004,0,3,1000,/workspace7/Unity3D/gabriele/Animal-AI/models_arenas/arenas_paper/box_reason_1/c2_0401.yaml,0,1001,0,0,0,0.33599338,0.0
2.996,156,28999.224725,2.996000051498413,3,1000,/workspace7/Unity3D/gabriele/Animal-AI/models_arenas/arenas_paper/box_reason_1/c2_0408.yaml,0,0,0,0,0,0.0,0.0
0.0,501,29019.886538,0,3,1000,/workspace7/Unity3D/gabriele/Animal-AI/models_arenas/arenas_paper/box_reason_1/c2_0954.yaml,0,1001,0,0,0,0.26111776,0.0
0.0,501,29037.134752,0,3,1000,/workspace7/Unity3D/gabriele/Animal-AI/models_arenas/arenas_paper/box_reason_1/c2_0883.yaml,0,1001,0,0,0,0.37180132,0.0
0.0,501,29058.19971,0,3,1000,/workspace7/Unity3D/gabriele/Animal-AI/models_arenas/arenas_paper/box_reason_1/c2_0339.yaml,0,1001,0,0,0,0.25264835,0.0
0.0,501,29075.483116,0,3,1000,/workspace7/Unity3D/gabriele/Animal-AI/models_arenas/arenas_paper/box_reason_1/c2_0367.yaml,0,1001,0,0,0,0.21548933,0.0
0.0,501,29095.923794,0,3,1000,/workspace7/Unity3D/gabriele/Animal-AI/models_arenas/arenas_paper/box_reason_1/c2_0756.yaml,0,1001,0,0,0,0.25140193,0.0
2.996,156,29100.753922,2.996000051498413,3,1000,/workspace7/Unity3D/gabriele/Animal-AI/models_arenas/arenas_paper/box_reason_1/c2_0555.yaml,0,0,0,0,0,0.0,0.0
0.0,501,29121.103311,0,3,1000,/workspace7/Unity3D/gabriele/Animal-AI/models_arenas/arenas_paper/box_reason_1/c2_0647.yaml,0,1001,0,0,0,1.50532,0.0
0.0,501,29138.422632,0,3,1000,/workspace7/Unity3D/gabriele/Animal-AI/models_arenas/arenas_paper/box_reason_1/c2_0679.yaml,0,1001,0,0,0,0.25299692,0.0
0.0,501,29159.274436,0,3,1000,/workspace7/Unity3D/gabriele/Animal-AI/models_arenas/arenas_paper/box_reason_1/c2_0931.yaml,0,1001,0,0,0,0.22712749,0.0
0.0,501,29176.581825,0,3,1000,/workspace7/Unity3D/gabriele/Animal-AI/models_arenas/arenas_paper/box_reason_1/c2_0704.yaml,0,1001,0,0,0,0.5467398,0.0
0.0,501,29197.387764,0,3,1000,/workspace7/Unity3D/gabriele/Animal-AI/models_arenas/arenas_paper/box_reason_1/c2_0696.yaml,0,1001,0,0,0,0.24017659,0.0
0.0,501,29214.391439,0,3,1000,/workspace7/Unity3D/gabriele/Animal-AI/models_arenas/arenas_paper/box_reason_1/c2_0567.yaml,0,1001,0,0,0,0.44994938,0.0
0.0,501,29235.367306,0,3,1000,/workspace7/Unity3D/gabriele/Animal-AI/models_arenas/arenas_paper/box_reason_1/c2_0360.yaml,0,1001,0,0,0,0.20437337,0.0
0.0,501,29252.474746,0,3,1000,/workspace7/Unity3D/gabriele/Animal-AI/models_arenas/arenas_paper/box_reason_1/c2_0995.yaml,0,1001,0,0,0,0.24919334,0.0
0.0,501,29273.280822,0,3,1000,/workspace7/Unity3D/gabriele/Animal-AI/models_arenas/arenas_paper/box_reason_1/c2_0758.yaml,0,1001,0,0,0,0.18344504,0.0
0.0,501,29290.550474,0,3,1000,/workspace7/Unity3D/gabriele/Animal-AI/models_arenas/arenas_paper/box_reason_1/c2_0409.yaml,0,1001,0,0,0,0.16813198,0.0
0.0,501,29311.348703,0,3,1000,/workspace7/Unity3D/gabriele/Animal-AI/models_arenas/arenas_paper/box_reason_1/c2_0943.yaml,0,1001,0,0,0,0.27780157,0.0
0.0,501,29327.058893,0,3,1000,/workspace7/Unity3D/gabriele/Animal-AI/models_arenas/arenas_paper/box_reason_1/c2_0533.yaml,0,1001,0,0,0,0.15317991,0.0
0.0,501,29347.827667,0,3,1000,/workspace7/Unity3D/gabriele/Animal-AI/models_arenas/arenas_paper/box_reason_1/c2_0810.yaml,0,1001,0,0,0,0.12638614,0.0
0.0,501,29365.132895,0,3,1000,/workspace7/Unity3D/gabriele/Animal-AI/models_arenas/arenas_paper/box_reason_1/c2_0797.yaml,0,1001,0,0,0,0.23324084,0.0
2.996,156,29370.346622,2.996000051498413,3,1000,/workspace7/Unity3D/gabriele/Animal-AI/models_arenas/arenas_paper/box_reason_1/c2_0982.yaml,0,0,0,0,0,0.0,0.0
0.0,501,29391.498781,0,3,1000,/workspace7/Unity3D/gabriele/Animal-AI/models_arenas/arenas_paper/box_reason_1/c2_0754.yaml,0,1001,0,0,0,0.2929382,0.0
0.0,501,29408.740581,0,3,1000,/workspace7/Unity3D/gabriele/Animal-AI/models_arenas/arenas_paper/box_reason_1/c2_0976.yaml,0,1001,0,0,0,0.3262636,0.0
0.0,501,29429.844079,0,3,1000,/workspace7/Unity3D/gabriele/Animal-AI/models_arenas/arenas_paper/box_reason_1/c2_0914.yaml,0,1001,0,0,0,0.2801094,0.0
0.0,501,29447.314516,0,3,1000,/workspace7/Unity3D/gabriele/Animal-AI/models_arenas/arenas_paper/box_reason_1/c2_0111.yaml,0,1001,0,0,0,0.27121133,0.0
0.0,501,29468.161361,0,3,1000,/workspace7/Unity3D/gabriele/Animal-AI/models_arenas/arenas_paper/box_reason_1/c2_0259.yaml,0,1001,0,0,0,0.16264446,0.0
0.0,501,29485.262789,0,3,1000,/workspace7/Unity3D/gabriele/Animal-AI/models_arenas/arenas_paper/box_reason_1/c2_0437.yaml,0,1001,0,0,0,0.14968345,0.0
2.996,156,29490.490958,2.996000051498413,3,1000,/workspace7/Unity3D/gabriele/Animal-AI/models_arenas/arenas_paper/box_reason_1/c2_0745.yaml,0,0,0,0,0,0.0,0.0
0.0,501,29511.616629,0,3,1000,/workspace7/Unity3D/gabriele/Animal-AI/models_arenas/arenas_paper/box_reason_1/c2_0413.yaml,0,1001,0,0,0,0.2589115,0.0
0.0,501,29528.793732,0,3,1000,/workspace7/Unity3D/gabriele/Animal-AI/models_arenas/arenas_paper/box_reason_1/c2_0312.yaml,0,1001,0,0,0,0.19077396,0.0
0.0,501,29549.683331,0,3,1000,/workspace7/Unity3D/gabriele/Animal-AI/models_arenas/arenas_paper/box_reason_1/c2_0571.yaml,0,1001,0,0,0,0.29803503,0.0
0.0,501,29567.259144,0,3,1000,/workspace7/Unity3D/gabriele/Animal-AI/models_arenas/arenas_paper/box_reason_1/c2_0935.yaml,0,1001,0,0,0,0.29938245,0.0
2.996,156,29576.075868,2.996000051498413,3,1000,/workspace7/Unity3D/gabriele/Animal-AI/models_arenas/arenas_paper/box_reason_1/c2_0187.yaml,0,0,0,0,0,0.0,0.0
0.0,501,29593.599499,0,3,1000,/workspace7/Unity3D/gabriele/Animal-AI/models_arenas/arenas_paper/box_reason_1/c2_0540.yaml,0,1001,0,0,0,0.3060184,0.0
0.0,501,29614.339086,0,3,1000,/workspace7/Unity3D/gabriele/Animal-AI/models_arenas/arenas_paper/box_reason_1/c2_0102.yaml,0,1001,0,0,0,0.30340934,0.0
2.996,156,29619.550716,2.996000051498413,3,1000,/workspace7/Unity3D/gabriele/Animal-AI/models_arenas/arenas_paper/box_reason_1/c2_0424.yaml,0,0,0,0,0,0.0,0.0
0.0,501,29637.165686,0,3,1000,/workspace7/Unity3D/gabriele/Animal-AI/models_arenas/arenas_paper/box_reason_1/c2_0377.yaml,0,1001,0,0,0,0.96749085,0.0
0.0,501,29658.285205,0,3,1000,/workspace7/Unity3D/gabriele/Animal-AI/models_arenas/arenas_paper/box_reason_1/c2_0593.yaml,0,1001,0,0,0,0.24111101,0.0
0.0,501,29675.513363,0,3,1000,/workspace7/Unity3D/gabriele/Animal-AI/models_arenas/arenas_paper/box_reason_1/c2_0450.yaml,0,1001,0,0,0,0.3187546,0.0
0.0,501,29696.412401,0,3,1000,/workspace7/Unity3D/gabriele/Animal-AI/models_arenas/arenas_paper/box_reason_1/c2_0668.yaml,0,1001,0,0,0,0.18819475,0.0
0.0,501,29713.817395,0,3,1000,/workspace7/Unity3D/gabriele/Animal-AI/models_arenas/arenas_paper/box_reason_1/c2_0160.yaml,0,1001,0,0,0,0.28344667,0.0
0.0,501,29734.843665,0,3,1000,/workspace7/Unity3D/gabriele/Animal-AI/models_arenas/arenas_paper/box_reason_1/c2_0701.yaml,0,1001,0,0,0,0.28899735,0.0
0.0,501,29752.223419,0,3,1000,/workspace7/Unity3D/gabriele/Animal-AI/models_arenas/arenas_paper/box_reason_1/c2_0562.yaml,0,1001,0,0,0,0.6467332,0.0
0.0,501,29773.083931,0,3,1000,/workspace7/Unity3D/gabriele/Animal-AI/models_arenas/arenas_paper/box_reason_1/c2_0559.yaml,0,1001,0,0,0,0.33052123,0.0
0.0,501,29789.844296,0,3,1000,/workspace7/Unity3D/gabriele/Animal-AI/models_arenas/arenas_paper/box_reason_1/c2_0829.yaml,0,1001,0,0,0,0.3762319,0.0
2.996,156,29795.094613,2.996000051498413,3,1000,/workspace7/Unity3D/gabriele/Animal-AI/models_arenas/arenas_paper/box_reason_1/c2_0990.yaml,0,0,0,0,0,0.0,0.0
0.0,501,29815.435659,0,3,1000,/workspace7/Unity3D/gabriele/Animal-AI/models_arenas/arenas_paper/box_reason_1/c2_0800.yaml,0,1001,0,0,0,0.3310616,0.0
0.0,501,29832.753179,0,3,1000,/workspace7/Unity3D/gabriele/Animal-AI/models_arenas/arenas_paper/box_reason_1/c2_0737.yaml,0,1001,0,0,0,0.4695917,0.0
0.0,501,29853.388215,0,3,1000,/workspace7/Unity3D/gabriele/Animal-AI/models_arenas/arenas_paper/box_reason_1/c2_0672.yaml,0,1001,0,0,0,0.22498792,0.0
0.0,501,29870.701817,0,3,1000,/workspace7/Unity3D/gabriele/Animal-AI/models_arenas/arenas_paper/box_reason_1/c2_0133.yaml,0,1001,0,0,0,0.43292853,0.0
0.0,501,29891.316635,0,3,1000,/workspace7/Unity3D/gabriele/Animal-AI/models_arenas/arenas_paper/box_reason_1/c2_0839.yaml,0,1001,0,0,0,0.35079455,0.0
0.0,501,29908.702683,0,3,1000,/workspace7/Unity3D/gabriele/Animal-AI/models_arenas/arenas_paper/box_reason_1/c2_0043.yaml,0,1001,0,0,0,0.32938713,0.0
0.0,501,29929.872097,0,3,1000,/workspace7/Unity3D/gabriele/Animal-AI/models_arenas/arenas_paper/box_reason_1/c2_0942.yaml,0,1001,0,0,0,0.6318168,0.0
0.0,501,29946.871474,0,3,1000,/workspace7/Unity3D/gabriele/Animal-AI/models_arenas/arenas_paper/box_reason_1/c2_0288.yaml,0,1001,0,0,0,0.31390345,0.0
0.0,501,29967.744449,0,3,1000,/workspace7/Unity3D/gabriele/Animal-AI/models_arenas/arenas_paper/box_reason_1/c2_0971.yaml,0,1001,0,0,0,0.18187147,0.0
0.0,501,29984.610463,0,3,1000,/workspace7/Unity3D/gabriele/Animal-AI/models_arenas/arenas_paper/box_reason_1/c2_0086.yaml,0,1001,0,0,0,0.28347805,0.0
0.0,501,30005.380191,0,3,1000,/workspace7/Unity3D/gabriele/Animal-AI/models_arenas/arenas_paper/box_reason_1/c2_0222.yaml,0,1001,0,0,0,0.2326163,0.0
0.0,501,30021.89881,0,3,1000,/workspace7/Unity3D/gabriele/Animal-AI/models_arenas/arenas_paper/box_reason_1/c2_0942.yaml,0,1001,0,0,0,0.16115071,0.0
0.0,501,30042.764432,0,3,1000,/workspace7/Unity3D/gabriele/Animal-AI/models_arenas/arenas_paper/box_reason_1/c2_0337.yaml,0,1001,0,0,0,0.35687652,0.0
0.0,501,30059.520434,0,3,1000,/workspace7/Unity3D/gabriele/Animal-AI/models_arenas/arenas_paper/box_reason_1/c2_0034.yaml,0,1001,0,0,0,0.35147145,0.0
0.0,501,30080.333515,0,3,1000,/workspace7/Unity3D/gabriele/Animal-AI/models_arenas/arenas_paper/box_reason_1/c2_0742.yaml,0,1001,0,0,0,0.31510186,0.0
0.0,501,30097.80388,0,3,1000,/workspace7/Unity3D/gabriele/Animal-AI/models_arenas/arenas_paper/box_reason_1/c2_0399.yaml,0,1001,0,0,0,0.4063705,0.0
0.0,501,30118.771116,0,3,1000,/workspace7/Unity3D/gabriele/Animal-AI/models_arenas/arenas_paper/box_reason_1/c2_0410.yaml,0,1001,0,0,0,0.32695916,0.0
0.0,501,30135.312238,0,3,1000,/workspace7/Unity3D/gabriele/Animal-AI/models_arenas/arenas_paper/box_reason_1/c2_0881.yaml,0,1001,0,0,0,0.29791886,0.0
0.0,501,30156.178677,0,3,1000,/workspace7/Unity3D/gabriele/Animal-AI/models_arenas/arenas_paper/box_reason_1/c2_0330.yaml,0,1001,0,0,0,0.27805442,0.0
0.0,501,30173.13536,0,3,1000,/workspace7/Unity3D/gabriele/Animal-AI/models_arenas/arenas_paper/box_reason_1/c2_0239.yaml,0,1001,0,0,0,0.3840476,0.0
0.0,501,30192.985881,0,3,1000,/workspace7/Unity3D/gabriele/Animal-AI/models_arenas/arenas_paper/box_reason_1/c2_0130.yaml,0,1001,0,0,0,0.3045329,0.0
0.0,501,30209.799453,0,3,1000,/workspace7/Unity3D/gabriele/Animal-AI/models_arenas/arenas_paper/box_reason_1/c2_0101.yaml,0,1001,0,0,0,0.24873166,0.0
0.0,501,30230.911438,0,3,1000,/workspace7/Unity3D/gabriele/Animal-AI/models_arenas/arenas_paper/box_reason_1/c2_0287.yaml,0,1001,0,0,0,0.38503966,0.0
2.996,156,30235.987064,2.996000051498413,3,1000,/workspace7/Unity3D/gabriele/Animal-AI/models_arenas/arenas_paper/box_reason_1/c2_0789.yaml,0,0,0,0,0,0.0,0.0
0.0,501,30256.56992,0,3,1000,/workspace7/Unity3D/gabriele/Animal-AI/models_arenas/arenas_paper/box_reason_1/c2_0449.yaml,0,1001,0,0,0,0.38760874,0.0
0.0,501,30273.646793,0,3,1000,/workspace7/Unity3D/gabriele/Animal-AI/models_arenas/arenas_paper/box_reason_1/c2_0857.yaml,0,1001,0,0,0,0.29232243,0.0
0.0,501,30295.197281,0,3,1000,/workspace7/Unity3D/gabriele/Animal-AI/models_arenas/arenas_paper/box_reason_1/c2_0381.yaml,0,1001,0,0,0,0.33083493,0.0
0.0,501,30312.290003,0,3,1000,/workspace7/Unity3D/gabriele/Animal-AI/models_arenas/arenas_paper/box_reason_1/c2_0259.yaml,0,1001,0,0,0,0.31914043,0.0
0.0,501,30333.111005,0,3,1000,/workspace7/Unity3D/gabriele/Animal-AI/models_arenas/arenas_paper/box_reason_1/c2_0518.yaml,0,1001,0,0,0,0.27926147,0.0
0.0,501,30350.46818,0,3,1000,/workspace7/Unity3D/gabriele/Animal-AI/models_arenas/arenas_paper/box_reason_1/c2_0796.yaml,0,1001,0,0,0,0.3876381,0.0
0.0,501,30371.504111,0,3,1000,/workspace7/Unity3D/gabriele/Animal-AI/models_arenas/arenas_paper/box_reason_1/c2_0468.yaml,0,1001,0,0,0,0.4148971,0.0
0.0,501,30389.006268,0,3,1000,/workspace7/Unity3D/gabriele/Animal-AI/models_arenas/arenas_paper/box_reason_1/c2_0710.yaml,0,1001,0,0,0,0.31383267,0.0
0.0,501,30409.199008,0,3,1000,/workspace7/Unity3D/gabriele/Animal-AI/models_arenas/arenas_paper/box_reason_1/c2_0355.yaml,0,1001,0,0,0,0.29695666,0.0
0.0,501,30426.198663,0,3,1000,/workspace7/Unity3D/gabriele/Animal-AI/models_arenas/arenas_paper/box_reason_1/c2_0849.yaml,0,1001,0,0,0,0.29416168,0.0
2.996,156,30431.199654,2.996000051498413,3,1000,/workspace7/Unity3D/gabriele/Animal-AI/models_arenas/arenas_paper/box_reason_1/c2_0430.yaml,0,0,0,0,0,0.0,0.0
0.0,501,30451.821033,0,3,1000,/workspace7/Unity3D/gabriele/Animal-AI/models_arenas/arenas_paper/box_reason_1/c2_0433.yaml,0,1001,0,0,0,0.3069483,0.0
0.0,501,30470.218171,0,3,1000,/workspace7/Unity3D/gabriele/Animal-AI/models_arenas/arenas_paper/box_reason_1/c2_0291.yaml,0,1001,0,0,0,0.42738515,0.0
0.0,501,30490.630722,0,3,1000,/workspace7/Unity3D/gabriele/Animal-AI/models_arenas/arenas_paper/box_reason_1/c2_0478.yaml,0,1001,0,0,0,0.40158597,0.0
0.0,501,30507.77109,0,3,1000,/workspace7/Unity3D/gabriele/Animal-AI/models_arenas/arenas_paper/box_reason_1/c2_0522.yaml,0,1001,0,0,0,0.41337436,0.0
0.0,501,30528.322083,0,3,1000,/workspace7/Unity3D/gabriele/Animal-AI/models_arenas/arenas_paper/box_reason_1/c2_0978.yaml,0,1001,0,0,0,0.31349003,0.0
0.0,501,30545.810719,0,3,1000,/workspace7/Unity3D/gabriele/Animal-AI/models_arenas/arenas_paper/box_reason_1/c2_0288.yaml,0,1001,0,0,0,0.33738035,0.0
0.0,501,30566.876612,0,3,1000,/workspace7/Unity3D/gabriele/Animal-AI/models_arenas/arenas_paper/box_reason_1/c2_0670.yaml,0,1001,0,0,0,0.28031605,0.0
0.0,501,30584.377641,0,3,1000,/workspace7/Unity3D/gabriele/Animal-AI/models_arenas/arenas_paper/box_reason_1/c2_0477.yaml,0,1001,0,0,0,0.36391556,0.0
0.0,501,30605.522232,0,3,1000,/workspace7/Unity3D/gabriele/Animal-AI/models_arenas/arenas_paper/box_reason_1/c2_0922.yaml,0,1001,0,0,0,0.28526717,0.0
0.0,501,30622.039461,0,3,1000,/workspace7/Unity3D/gabriele/Animal-AI/models_arenas/arenas_paper/box_reason_1/c2_0380.yaml,0,1001,0,0,0,0.26972824,0.0
0.0,501,30642.987098,0,3,1000,/workspace7/Unity3D/gabriele/Animal-AI/models_arenas/arenas_paper/box_reason_1/c2_0159.yaml,0,1001,0,0,0,0.3443747,0.0
2.996,156,30648.209273,2.996000051498413,3,1000,/workspace7/Unity3D/gabriele/Animal-AI/models_arenas/arenas_paper/box_reason_1/c2_0006.yaml,0,0,0,0,0,0.0,0.0
0.0,501,30665.769461,0,3,1000,/workspace7/Unity3D/gabriele/Animal-AI/models_arenas/arenas_paper/box_reason_1/c2_0233.yaml,0,1001,0,0,0,0.205726,0.0
0.0,501,30686.524597,0,3,1000,/workspace7/Unity3D/gabriele/Animal-AI/models_arenas/arenas_paper/box_reason_1/c2_0901.yaml,0,1001,0,0,0,0.275069,0.0
0.0,501,30703.969307,0,3,1000,/workspace7/Unity3D/gabriele/Animal-AI/models_arenas/arenas_paper/box_reason_1/c2_0394.yaml,0,1001,0,0,0,0.21556482,0.0
0.0,501,30724.857371,0,3,1000,/workspace7/Unity3D/gabriele/Animal-AI/models_arenas/arenas_paper/box_reason_1/c2_0375.yaml,0,1001,0,0,0,0.23240124,0.0
0.0,501,30742.325475,0,3,1000,/workspace7/Unity3D/gabriele/Animal-AI/models_arenas/arenas_paper/box_reason_1/c2_0392.yaml,0,1001,0,0,0,0.71546054,0.0
0.0,501,30762.404801,0,3,1000,/workspace7/Unity3D/gabriele/Animal-AI/models_arenas/arenas_paper/box_reason_1/c2_0479.yaml,0,1001,0,0,0,0.24454197,0.0
2.996,156,30767.65285,2.996000051498413,3,1000,/workspace7/Unity3D/gabriele/Animal-AI/models_arenas/arenas_paper/box_reason_1/c2_0847.yaml,0,0,0,0,0,0.0,0.0
0.0,501,30788.736995,0,3,1000,/workspace7/Unity3D/gabriele/Animal-AI/models_arenas/arenas_paper/box_reason_1/c2_0374.yaml,0,1001,0,0,0,0.3440143,0.0
0.0,501,30806.251745,0,3,1000,/workspace7/Unity3D/gabriele/Animal-AI/models_arenas/arenas_paper/box_reason_1/c2_0974.yaml,0,1001,0,0,0,0.27298382,0.0
0.0,501,30826.69502,0,3,1000,/workspace7/Unity3D/gabriele/Animal-AI/models_arenas/arenas_paper/box_reason_1/c2_0926.yaml,0,1001,0,0,0,0.23516333,0.0
0.0,501,30843.68698,0,3,1000,/workspace7/Unity3D/gabriele/Animal-AI/models_arenas/arenas_paper/box_reason_1/c2_0852.yaml,0,1001,0,0,0,0.30733323,0.0
2.996,156,30848.797585,2.996000051498413,3,1000,/workspace7/Unity3D/gabriele/Animal-AI/models_arenas/arenas_paper/box_reason_1/c2_0656.yaml,0,0,0,0,0,0.0,0.0
0.0,501,30869.316859,0,3,1000,/workspace7/Unity3D/gabriele/Animal-AI/models_arenas/arenas_paper/box_reason_1/c2_0954.yaml,0,1001,0,0,0,0.59280044,0.0
2.996,156,30874.575802,2.996000051498413,3,1000,/workspace7/Unity3D/gabriele/Animal-AI/models_arenas/arenas_paper/box_reason_1/c2_0407.yaml,0,0,0,0,0,0.0,0.0
0.0,501,30892.078571,0,3,1000,/workspace7/Unity3D/gabriele/Animal-AI/models_arenas/arenas_paper/box_reason_1/c2_0834.yaml,0,1001,0,0,0,0.2695948,0.0
0.0,501,30913.163543,0,3,1000,/workspace7/Unity3D/gabriele/Animal-AI/models_arenas/arenas_paper/box_reason_1/c2_0087.yaml,0,1001,0,0,0,0.7543212,0.0
0.0,501,30929.950592,0,3,1000,/workspace7/Unity3D/gabriele/Animal-AI/models_arenas/arenas_paper/box_reason_1/c2_0839.yaml,0,1001,0,0,0,0.5961895,0.0
0.0,501,30950.449273,0,3,1000,/workspace7/Unity3D/gabriele/Animal-AI/models_arenas/arenas_paper/box_reason_1/c2_0421.yaml,0,1001,0,0,0,0.41687542,0.0
0.0,501,30967.434472,0,3,1000,/workspace7/Unity3D/gabriele/Animal-AI/models_arenas/arenas_paper/box_reason_1/c2_0609.yaml,0,1001,0,0,0,0.22891594,0.0
0.0,501,30988.64096,0,3,1000,/workspace7/Unity3D/gabriele/Animal-AI/models_arenas/arenas_paper/box_reason_1/c2_0326.yaml,0,1001,0,0,0,0.19942239,0.0
2.996,156,30993.696716,2.996000051498413,3,1000,/workspace7/Unity3D/gabriele/Animal-AI/models_arenas/arenas_paper/box_reason_1/c2_0164.yaml,0,0,0,0,0,0.0,0.0
0.0,501,31014.555968,0,3,1000,/workspace7/Unity3D/gabriele/Animal-AI/models_arenas/arenas_paper/box_reason_1/c2_0772.yaml,0,1001,0,0,0,0.17784148,0.0
0.0,501,31032.053226,0,3,1000,/workspace7/Unity3D/gabriele/Animal-AI/models_arenas/arenas_paper/box_reason_1/c2_0276.yaml,0,1001,0,0,0,0.72312903,0.0
0.0,501,31053.218636,0,3,1000,/workspace7/Unity3D/gabriele/Animal-AI/models_arenas/arenas_paper/box_reason_1/c2_0162.yaml,0,1001,0,0,0,0.26865608,0.0
0.0,501,31070.552931,0,3,1000,/workspace7/Unity3D/gabriele/Animal-AI/models_arenas/arenas_paper/box_reason_1/c2_0865.yaml,0,1001,0,0,0,0.5827833,0.0
0.0,501,31091.447599,0,3,1000,/workspace7/Unity3D/gabriele/Animal-AI/models_arenas/arenas_paper/box_reason_1/c2_0904.yaml,0,1001,0,0,0,0.31309518,0.0
2.996,156,31096.694915,2.996000051498413,3,1000,/workspace7/Unity3D/gabriele/Animal-AI/models_arenas/arenas_paper/box_reason_1/c2_0480.yaml,0,0,0,0,0,0.0,0.0
0.0,501,31113.811564,0,3,1000,/workspace7/Unity3D/gabriele/Animal-AI/models_arenas/arenas_paper/box_reason_1/c2_0564.yaml,0,1001,0,0,0,0.14547232,0.0
0.0,501,31134.499988,0,3,1000,/workspace7/Unity3D/gabriele/Animal-AI/models_arenas/arenas_paper/box_reason_1/c2_0812.yaml,0,1001,0,0,0,0.14313695,0.0
0.0,501,31152.025352,0,3,1000,/workspace7/Unity3D/gabriele/Animal-AI/models_arenas/arenas_paper/box_reason_1/c2_0669.yaml,0,1001,0,0,0,0.22898066,0.0
0.0,501,31172.709912,0,3,1000,/workspace7/Unity3D/gabriele/Animal-AI/models_arenas/arenas_paper/box_reason_1/c2_0591.yaml,0,1001,0,0,0,0.24901652,0.0
0.0,501,31190.151693,0,3,1000,/workspace7/Unity3D/gabriele/Animal-AI/models_arenas/arenas_paper/box_reason_1/c2_0827.yaml,0,1001,0,0,0,0.1282681,0.0
0.0,501,31211.335517,0,3,1000,/workspace7/Unity3D/gabriele/Animal-AI/models_arenas/arenas_paper/box_reason_1/c2_0757.yaml,0,1001,0,0,0,0.26110047,0.0
0.0,501,31228.735354,0,3,1000,/workspace7/Unity3D/gabriele/Animal-AI/models_arenas/arenas_paper/box_reason_1/c2_0905.yaml,0,1001,0,0,0,0.16554257,0.0
2.996,156,31233.978962,2.996000051498413,3,1000,/workspace7/Unity3D/gabriele/Animal-AI/models_arenas/arenas_paper/box_reason_1/c2_0442.yaml,0,0,0,0,0,0.0,0.0
2.996,156,31242.832033,2.996000051498413,3,1000,/workspace7/Unity3D/gabriele/Animal-AI/models_arenas/arenas_paper/box_reason_1/c2_0534.yaml,0,0,0,0,0,0.0,0.0
0.0,501,31260.149563,0,3,1000,/workspace7/Unity3D/gabriele/Animal-AI/models_arenas/arenas_paper/box_reason_1/c2_0379.yaml,0,1001,0,0,0,0.21980663,0.0
0.0,501,31280.95704,0,3,1000,/workspace7/Unity3D/gabriele/Animal-AI/models_arenas/arenas_paper/box_reason_1/c2_0788.yaml,0,1001,0,0,0,0.18084884,0.0
2.996,156,31285.950117,2.996000051498413,3,1000,/workspace7/Unity3D/gabriele/Animal-AI/models_arenas/arenas_paper/box_reason_1/c2_0890.yaml,0,0,0,0,0,0.0,0.0
0.0,501,31303.514948,0,3,1000,/workspace7/Unity3D/gabriele/Animal-AI/models_arenas/arenas_paper/box_reason_1/c2_0292.yaml,0,1001,0,0,0,0.33526462,0.0
0.0,501,31324.73726,0,3,1000,/workspace7/Unity3D/gabriele/Animal-AI/models_arenas/arenas_paper/box_reason_1/c2_0510.yaml,0,1001,0,0,0,0.49259079,0.0
0.0,501,31342.142922,0,3,1000,/workspace7/Unity3D/gabriele/Animal-AI/models_arenas/arenas_paper/box_reason_1/c2_0286.yaml,0,1001,0,0,0,0.21205854,0.0
0.0,501,31363.140384,0,3,1000,/workspace7/Unity3D/gabriele/Animal-AI/models_arenas/arenas_paper/box_reason_1/c2_0050.yaml,0,1001,0,0,0,0.23124743,0.0
0.0,501,31380.790494,0,3,1000,/workspace7/Unity3D/gabriele/Animal-AI/models_arenas/arenas_paper/box_reason_1/c2_0531.yaml,0,1001,0,0,0,0.25249898,0.0
0.0,501,31401.903205,0,3,1000,/workspace7/Unity3D/gabriele/Animal-AI/models_arenas/arenas_paper/box_reason_1/c2_0569.yaml,0,1001,0,0,0,0.17589101,0.0
0.0,501,31418.487239,0,3,1000,/workspace7/Unity3D/gabriele/Animal-AI/models_arenas/arenas_paper/box_reason_1/c2_0960.yaml,0,1001,0,0,0,0.26410133,0.0
0.0,501,31439.673441,0,3,1000,/workspace7/Unity3D/gabriele/Animal-AI/models_arenas/arenas_paper/box_reason_1/c2_0650.yaml,0,1001,0,0,0,1.27018,0.0
0.0,501,31457.411878,0,3,1000,/workspace7/Unity3D/gabriele/Animal-AI/models_arenas/arenas_paper/box_reason_1/c2_0723.yaml,0,1001,0,0,0,0.36973235,0.0
0.0,501,31478.325883,0,3,1000,/workspace7/Unity3D/gabriele/Animal-AI/models_arenas/arenas_paper/box_reason_1/c2_0577.yaml,0,1001,0,0,0,0.19160181,0.0
0.0,501,31495.336345,0,3,1000,/workspace7/Unity3D/gabriele/Animal-AI/models_arenas/arenas_paper/box_reason_1/c2_0497.yaml,0,1001,0,0,0,0.26147985,0.0
0.0,501,31515.816916,0,3,1000,/workspace7/Unity3D/gabriele/Animal-AI/models_arenas/arenas_paper/box_reason_1/c2_0955.yaml,0,1001,0,0,0,0.19232783,0.0
0.0,501,31533.302513,0,3,1000,/workspace7/Unity3D/gabriele/Animal-AI/models_arenas/arenas_paper/box_reason_1/c2_0577.yaml,0,1001,0,0,0,0.29920942,0.0
0.0,501,31554.300565,0,3,1000,/workspace7/Unity3D/gabriele/Animal-AI/models_arenas/arenas_paper/box_reason_1/c2_0132.yaml,0,1001,0,0,0,0.39714766,0.0
0.0,501,31572.002392,0,3,1000,/workspace7/Unity3D/gabriele/Animal-AI/models_arenas/arenas_paper/box_reason_1/c2_0980.yaml,0,1001,0,0,0,0.44228482,0.0
0.0,501,31593.262893,0,3,1000,/workspace7/Unity3D/gabriele/Animal-AI/models_arenas/arenas_paper/box_reason_1/c2_0284.yaml,0,1001,0,0,0,0.21182498,0.0
0.0,501,31610.629138,0,3,1000,/workspace7/Unity3D/gabriele/Animal-AI/models_arenas/arenas_paper/box_reason_1/c2_0210.yaml,0,1001,0,0,0,0.16681,0.0
0.0,501,31631.408381,0,3,1000,/workspace7/Unity3D/gabriele/Animal-AI/models_arenas/arenas_paper/box_reason_1/c2_0923.yaml,0,1001,0,0,0,0.17076308,0.0
2.996,156,31636.415639,2.996000051498413,3,1000,/workspace7/Unity3D/gabriele/Animal-AI/models_arenas/arenas_paper/box_reason_1/c2_0871.yaml,0,0,0,0,0,0.0,0.0
0.0,501,31652.856896,0,3,1000,/workspace7/Unity3D/gabriele/Animal-AI/models_arenas/arenas_paper/box_reason_1/c2_0879.yaml,0,1001,0,0,0,0.25397614,0.0
0.0,501,31673.297571,0,3,1000,/workspace7/Unity3D/gabriele/Animal-AI/models_arenas/arenas_paper/box_reason_1/c2_0413.yaml,0,1001,0,0,0,0.27001056,0.0
0.0,501,31690.664283,0,3,1000,/workspace7/Unity3D/gabriele/Animal-AI/models_arenas/arenas_paper/box_reason_1/c2_0505.yaml,0,1001,0,0,0,0.27227557,0.0
2.996,156,31699.385504,2.996000051498413,3,1000,/workspace7/Unity3D/gabriele/Animal-AI/models_arenas/arenas_paper/box_reason_1/c2_0175.yaml,0,0,0,0,0,0.0,0.0
0.0,501,31716.105816,0,3,1000,/workspace7/Unity3D/gabriele/Animal-AI/models_arenas/arenas_paper/box_reason_1/c2_0301.yaml,0,1001,0,0,0,0.44279695,0.0
0.0,501,31737.32896,0,3,1000,/workspace7/Unity3D/gabriele/Animal-AI/models_arenas/arenas_paper/box_reason_1/c2_0248.yaml,0,1001,0,0,0,0.27885938,0.0
0.0,501,31754.769484,0,3,1000,/workspace7/Unity3D/gabriele/Animal-AI/models_arenas/arenas_paper/box_reason_1/c2_0481.yaml,0,1001,0,0,0,0.313403,0.0
0.0,501,31775.749973,0,3,1000,/workspace7/Unity3D/gabriele/Animal-AI/models_arenas/arenas_paper/box_reason_1/c2_0638.yaml,0,1001,0,0,0,0.20904842,0.0
0.0,501,31793.140499,0,3,1000,/workspace7/Unity3D/gabriele/Animal-AI/models_arenas/arenas_paper/box_reason_1/c2_0105.yaml,0,1001,0,0,0,0.18022978,0.0
2.996,156,31798.327841,2.996000051498413,3,1000,/workspace7/Unity3D/gabriele/Animal-AI/models_arenas/arenas_paper/box_reason_1/c2_0063.yaml,0,0,0,0,0,0.0,0.0
0.0,501,31819.577952,0,3,1000,/workspace7/Unity3D/gabriele/Animal-AI/models_arenas/arenas_paper/box_reason_1/c2_0430.yaml,0,1001,0,0,0,0.23596483,0.0
0.0,501,31836.975939,0,3,1000,/workspace7/Unity3D/gabriele/Animal-AI/models_arenas/arenas_paper/box_reason_1/c2_0085.yaml,0,1001,0,0,0,0.67869776,0.0
0.0,501,31857.893886,0,3,1000,/workspace7/Unity3D/gabriele/Animal-AI/models_arenas/arenas_paper/box_reason_1/c2_0433.yaml,0,1001,0,0,0,0.33543956,0.0
0.0,501,31875.270089,0,3,1000,/workspace7/Unity3D/gabriele/Animal-AI/models_arenas/arenas_paper/box_reason_1/c2_0316.yaml,0,1001,0,0,0,0.27647915,0.0
0.0,501,31895.777236,0,3,1000,/workspace7/Unity3D/gabriele/Animal-AI/models_arenas/arenas_paper/box_reason_1/c2_0393.yaml,0,1001,0,0,0,0.23427878,0.0
0.0,501,31912.613409,0,3,1000,/workspace7/Unity3D/gabriele/Animal-AI/models_arenas/arenas_paper/box_reason_1/c2_0444.yaml,0,1001,0,0,0,0.31939042,0.0
0.0,501,31932.912533,0,3,1000,/workspace7/Unity3D/gabriele/Animal-AI/models_arenas/arenas_paper/box_reason_1/c2_0118.yaml,0,1001,0,0,0,0.20342037,0.0
0.0,501,31949.506853,0,3,1000,/workspace7/Unity3D/gabriele/Animal-AI/models_arenas/arenas_paper/box_reason_1/c2_0088.yaml,0,1001,0,0,0,0.25838652,0.0
2.996,156,31954.605392,2.996000051498413,3,1000,/workspace7/Unity3D/gabriele/Animal-AI/models_arenas/arenas_paper/box_reason_1/c2_0534.yaml,0,0,0,0,0,0.0,0.0
0.0,501,31975.708608,0,3,1000,/workspace7/Unity3D/gabriele/Animal-AI/models_arenas/arenas_paper/box_reason_1/c2_0448.yaml,0,1001,0,0,0,0.3823952,0.0
0.0,501,31992.802262,0,3,1000,/workspace7/Unity3D/gabriele/Animal-AI/models_arenas/arenas_paper/box_reason_1/c2_0110.yaml,0,1001,0,0,0,0.28011605,0.0
0.0,501,32013.686922,0,3,1000,/workspace7/Unity3D/gabriele/Animal-AI/models_arenas/arenas_paper/box_reason_1/c2_0801.yaml,0,1001,0,0,0,0.38865125,0.0
0.0,501,32031.119789,0,3,1000,/workspace7/Unity3D/gabriele/Animal-AI/models_arenas/arenas_paper/box_reason_1/c2_0154.yaml,0,1001,0,0,0,0.19035578,0.0
0.0,501,32052.041764,0,3,1000,/workspace7/Unity3D/gabriele/Animal-AI/models_arenas/arenas_paper/box_reason_1/c2_0663.yaml,0,1001,0,0,0,0.22898424,0.0
2.996,156,32057.056525,2.996000051498413,3,1000,/workspace7/Unity3D/gabriele/Animal-AI/models_arenas/arenas_paper/box_reason_1/c2_0803.yaml,0,0,0,0,0,0.0,0.0
0.0,501,32077.041645,0,3,1000,/workspace7/Unity3D/gabriele/Animal-AI/models_arenas/arenas_paper/box_reason_1/c2_0908.yaml,0,1001,0,0,0,0.27652407,0.0
0.0,501,32094.55747,0,3,1000,/workspace7/Unity3D/gabriele/Animal-AI/models_arenas/arenas_paper/box_reason_1/c2_0937.yaml,0,1001,0,0,0,0.41061074,0.0
0.0,501,32115.731957,0,3,1000,/workspace7/Unity3D/gabriele/Animal-AI/models_arenas/arenas_paper/box_reason_1/c2_0625.yaml,0,1001,0,0,0,0.29248923,0.0
0.0,501,32133.190477,0,3,1000,/workspace7/Unity3D/gabriele/Animal-AI/models_arenas/arenas_paper/box_reason_1/c2_0399.yaml,0,1001,0,0,0,0.30695584,0.0
0.0,501,32154.106278,0,3,1000,/workspace7/Unity3D/gabriele/Animal-AI/models_arenas/arenas_paper/box_reason_1/c2_0948.yaml,0,1001,0,0,0,0.23430541,0.0
0.0,501,32171.224035,0,3,1000,/workspace7/Unity3D/gabriele/Animal-AI/models_arenas/arenas_paper/box_reason_1/c2_0112.yaml,0,1001,0,0,0,0.36504507,0.0
0.0,501,32191.796264,0,3,1000,/workspace7/Unity3D/gabriele/Animal-AI/models_arenas/arenas_paper/box_reason_1/c2_0677.yaml,0,1001,0,0,0,0.23519892,0.0
0.0,501,32209.124879,0,3,1000,/workspace7/Unity3D/gabriele/Animal-AI/models_arenas/arenas_paper/box_reason_1/c2_0809.yaml,0,1001,0,0,0,0.2327143,0.0
0.0,501,32230.022532,0,3,1000,/workspace7/Unity3D/gabriele/Animal-AI/models_arenas/arenas_paper/box_reason_1/c2_0131.yaml,0,1001,0,0,0,0.2681188,0.0
0.0,501,32247.573556,0,3,1000,/workspace7/Unity3D/gabriele/Animal-AI/models_arenas/arenas_paper/box_reason_1/c2_0191.yaml,0,1001,0,0,0,0.2932375,0.0
0.0,501,32269.554043,0,3,1000,/workspace7/Unity3D/gabriele/Animal-AI/models_arenas/arenas_paper/box_reason_1/c2_0719.yaml,0,1001,0,0,0,0.2509185,0.0
0.0,501,32286.226321,0,3,1000,/workspace7/Unity3D/gabriele/Animal-AI/models_arenas/arenas_paper/box_reason_1/c2_0336.yaml,0,1001,0,0,0,0.3501441,0.0
0.0,501,32306.958532,0,3,1000,/workspace7/Unity3D/gabriele/Animal-AI/models_arenas/arenas_paper/box_reason_1/c2_0572.yaml,0,1001,0,0,0,0.33591193,0.0
2.996,156,32312.053376,2.996000051498413,3,1000,/workspace7/Unity3D/gabriele/Animal-AI/models_arenas/arenas_paper/box_reason_1/c2_0208.yaml,0,0,0,0,0,0.0,0.0
0.0,501,32328.819039,0,3,1000,/workspace7/Unity3D/gabriele/Animal-AI/models_arenas/arenas_paper/box_reason_1/c2_0002.yaml,0,1001,0,0,0,0.3419334,0.0
2.996,156,32333.86626,2.996000051498413,3,1000,/workspace7/Unity3D/gabriele/Animal-AI/models_arenas/arenas_paper/box_reason_1/c2_0529.yaml,0,0,0,0,0,0.0,0.0
0.0,501,32354.90281,0,3,1000,/workspace7/Unity3D/gabriele/Animal-AI/models_arenas/arenas_paper/box_reason_1/c2_0971.yaml,0,1001,0,0,0,0.19494662,0.0
0.0,501,32372.529389,0,3,1000,/workspace7/Unity3D/gabriele/Animal-AI/models_arenas/arenas_paper/box_reason_1/c2_0349.yaml,0,1001,0,0,0,0.3117447,0.0
0.0,501,32392.597213,0,3,1000,/workspace7/Unity3D/gabriele/Animal-AI/models_arenas/arenas_paper/box_reason_1/c2_0240.yaml,0,1001,0,0,0,0.30952415,0.0
0.0,501,32410.011877,0,3,1000,/workspace7/Unity3D/gabriele/Animal-AI/models_arenas/arenas_paper/box_reason_1/c2_0688.yaml,0,1001,0,0,0,0.21589693,0.0
0.0,501,32431.25369,0,3,1000,/workspace7/Unity3D/gabriele/Animal-AI/models_arenas/arenas_paper/box_reason_1/c2_0988.yaml,0,1001,0,0,0,0.41906947,0.0
0.0,501,32448.694978,0,3,1000,/workspace7/Unity3D/gabriele/Animal-AI/models_arenas/arenas_paper/box_reason_1/c2_0922.yaml,0,1001,0,0,0,0.28847724,0.0
0.0,501,32469.706778,0,3,1000,/workspace7/Unity3D/gabriele/Animal-AI/models_arenas/arenas_paper/box_reason_1/c2_0679.yaml,0,1001,0,0,0,0.26732826,0.0
0.0,501,32487.269486,0,3,1000,/workspace7/Unity3D/gabriele/Animal-AI/models_arenas/arenas_paper/box_reason_1/c2_0723.yaml,0,1001,0,0,0,0.52137,0.0
0.0,501,32507.708324,0,3,1000,/workspace7/Unity3D/gabriele/Animal-AI/models_arenas/arenas_paper/box_reason_1/c2_0779.yaml,0,1001,0,0,0,0.25889602,0.0
0.0,501,32525.003322,0,3,1000,/workspace7/Unity3D/gabriele/Animal-AI/models_arenas/arenas_paper/box_reason_1/c2_0906.yaml,0,1001,0,0,0,0.18466541,0.0
0.0,501,32546.09592,0,3,1000,/workspace7/Unity3D/gabriele/Animal-AI/models_arenas/arenas_paper/box_reason_1/c2_0038.yaml,0,1001,0,0,0,0.24637401,0.0
0.0,501,32563.365407,0,3,1000,/workspace7/Unity3D/gabriele/Animal-AI/models_arenas/arenas_paper/box_reason_1/c2_0598.yaml,0,1001,0,0,0,0.19069734,0.0
0.0,501,32584.244606,0,3,1000,/workspace7/Unity3D/gabriele/Animal-AI/models_arenas/arenas_paper/box_reason_1/c2_0922.yaml,0,1001,0,0,0,0.266311,0.0
2.996,156,32589.50863,2.996000051498413,3,1000,/workspace7/Unity3D/gabriele/Animal-AI/models_arenas/arenas_paper/box_reason_1/c2_0214.yaml,0,0,0,0,0,0.0,0.0
0.0,501,32610.463851,0,3,1000,/workspace7/Unity3D/gabriele/Animal-AI/models_arenas/arenas_paper/box_reason_1/c2_0091.yaml,0,1001,0,0,0,0.25838858,0.0
0.0,501,32627.720194,0,3,1000,/workspace7/Unity3D/gabriele/Animal-AI/models_arenas/arenas_paper/box_reason_1/c2_0874.yaml,0,1001,0,0,0,0.2650838,0.0
0.0,501,32648.721942,0,3,1000,/workspace7/Unity3D/gabriele/Animal-AI/models_arenas/arenas_paper/box_reason_1/c2_0982.yaml,0,1001,0,0,0,0.25208312,0.0
0.0,501,32666.162837,0,3,1000,/workspace7/Unity3D/gabriele/Animal-AI/models_arenas/arenas_paper/box_reason_1/c2_0840.yaml,0,1001,0,0,0,0.21664585,0.0
0.0,501,32687.234759,0,3,1000,/workspace7/Unity3D/gabriele/Animal-AI/models_arenas/arenas_paper/box_reason_1/c2_0377.yaml,0,1001,0,0,0,0.2776958,0.0
0.0,501,32704.407064,0,3,1000,/workspace7/Unity3D/gabriele/Animal-AI/models_arenas/arenas_paper/box_reason_1/c2_0058.yaml,0,1001,0,0,0,0.25682616,0.0
0.0,501,32725.039467,0,3,1000,/workspace7/Unity3D/gabriele/Animal-AI/models_arenas/arenas_paper/box_reason_1/c2_0988.yaml,0,1001,0,0,0,0.18329722,0.0
2.996,156,32730.162909,2.996000051498413,3,1000,/workspace7/Unity3D/gabriele/Animal-AI/models_arenas/arenas_paper/box_reason_1/c2_0525.yaml,0,0,0,0,0,0.0,0.0
0.0,501,32747.497383,0,3,1000,/workspace7/Unity3D/gabriele/Animal-AI/models_arenas/arenas_paper/box_reason_1/c2_0161.yaml,0,1001,0,0,0,0.2136701,0.0
0.0,501,32768.315162,0,3,1000,/workspace7/Unity3D/gabriele/Animal-AI/models_arenas/arenas_paper/box_reason_1/c2_0079.yaml,0,1001,0,0,0,0.18701771,0.0
0.0,501,32785.852355,0,3,1000,/workspace7/Unity3D/gabriele/Animal-AI/models_arenas/arenas_paper/box_reason_1/c2_0070.yaml,0,1001,0,0,0,0.8797831,0.0
0.0,501,32806.565672,0,3,1000,/workspace7/Unity3D/gabriele/Animal-AI/models_arenas/arenas_paper/box_reason_1/c2_0703.yaml,0,1001,0,0,0,0.25108227,0.0
2.996,156,32811.850052,2.996000051498413,3,1000,/workspace7/Unity3D/gabriele/Animal-AI/models_arenas/arenas_paper/box_reason_1/c2_0723.yaml,0,0,0,0,0,0.0,0.0
2.996,156,32817.033325,2.996000051498413,3,1000,/workspace7/Unity3D/gabriele/Animal-AI/models_arenas/arenas_paper/box_reason_1/c2_0976.yaml,0,0,0,0,0,0.0,0.0
0.0,501,32837.652859,0,3,1000,/workspace7/Unity3D/gabriele/Animal-AI/models_arenas/arenas_paper/box_reason_1/c2_0589.yaml,0,1001,0,0,0,0.3730114,0.0
0.0,501,32855.260947,0,3,1000,/workspace7/Unity3D/gabriele/Animal-AI/models_arenas/arenas_paper/box_reason_1/c2_0535.yaml,0,1001,0,0,0,0.28433478,0.0
0.0,501,32876.288926,0,3,1000,/workspace7/Unity3D/gabriele/Animal-AI/models_arenas/arenas_paper/box_reason_1/c2_0299.yaml,0,1001,0,0,0,0.17174618,0.0
0.0,501,32893.20364,0,3,1000,/workspace7/Unity3D/gabriele/Animal-AI/models_arenas/arenas_paper/box_reason_1/c2_0181.yaml,0,1001,0,0,0,0.17393944,0.0
0.0,501,32914.167702,0,3,1000,/workspace7/Unity3D/gabriele/Animal-AI/models_arenas/arenas_paper/box_reason_1/c2_0977.yaml,0,1001,0,0,0,0.13458818,0.0
0.0,501,32931.609733,0,3,1000,/workspace7/Unity3D/gabriele/Animal-AI/models_arenas/arenas_paper/box_reason_1/c2_0910.yaml,0,1001,0,0,0,0.1869256,0.0
0.0,501,32952.878289,0,3,1000,/workspace7/Unity3D/gabriele/Animal-AI/models_arenas/arenas_paper/box_reason_1/c2_0340.yaml,0,1001,0,0,0,0.15273687,0.0
0.0,501,32970.604452,0,3,1000,/workspace7/Unity3D/gabriele/Animal-AI/models_arenas/arenas_paper/box_reason_1/c2_0991.yaml,0,1001,0,0,0,0.20696977,0.0
0.0,501,32990.823233,0,3,1000,/workspace7/Unity3D/gabriele/Animal-AI/models_arenas/arenas_paper/box_reason_1/c2_0128.yaml,0,1001,0,0,0,0.40838778,0.0
0.0,501,33007.921852,0,3,1000,/workspace7/Unity3D/gabriele/Animal-AI/models_arenas/arenas_paper/box_reason_1/c2_0446.yaml,0,1001,0,0,0,0.24599245,0.0
0.0,501,33029.089613,0,3,1000,/workspace7/Unity3D/gabriele/Animal-AI/models_arenas/arenas_paper/box_reason_1/c2_0657.yaml,0,1001,0,0,0,0.19705755,0.0
0.0,501,33045.947774,0,3,1000,/workspace7/Unity3D/gabriele/Animal-AI/models_arenas/arenas_paper/box_reason_1/c2_0441.yaml,0,1001,0,0,0,0.24430305,0.0
0.0,501,33066.991502,0,3,1000,/workspace7/Unity3D/gabriele/Animal-AI/models_arenas/arenas_paper/box_reason_1/c2_0262.yaml,0,1001,0,0,0,0.1312819,0.0
0.0,501,33083.816776,0,3,1000,/workspace7/Unity3D/gabriele/Animal-AI/models_arenas/arenas_paper/box_reason_1/c2_0801.yaml,0,1001,0,0,0,0.23156324,0.0
0.0,501,33105.022476,0,3,1000,/workspace7/Unity3D/gabriele/Animal-AI/models_arenas/arenas_paper/box_reason_1/c2_0574.yaml,0,1001,0,0,0,0.34560212,0.0
0.0,501,33122.012096,0,3,1000,/workspace7/Unity3D/gabriele/Animal-AI/models_arenas/arenas_paper/box_reason_1/c2_0247.yaml,0,1001,0,0,0,0.27805883,0.0
0.0,501,33143.188099,0,3,1000,/workspace7/Unity3D/gabriele/Animal-AI/models_arenas/arenas_paper/box_reason_1/c2_0939.yaml,0,1001,0,0,0,0.16003968,0.0
0.0,501,33160.930887,0,3,1000,/workspace7/Unity3D/gabriele/Animal-AI/models_arenas/arenas_paper/box_reason_1/c2_0606.yaml,0,1001,0,0,0,0.36656964,0.0
0.0,501,33181.921619,0,3,1000,/workspace7/Unity3D/gabriele/Animal-AI/models_arenas/arenas_paper/box_reason_1/c2_0708.yaml,0,1001,0,0,0,0.20444503,0.0
0.0,501,33198.966718,0,3,1000,/workspace7/Unity3D/gabriele/Animal-AI/models_arenas/arenas_paper/box_reason_1/c2_0182.yaml,0,1001,0,0,0,0.20512962,0.0
0.0,501,33220.053542,0,3,1000,/workspace7/Unity3D/gabriele/Animal-AI/models_arenas/arenas_paper/box_reason_1/c2_0556.yaml,0,1001,0,0,0,0.16982895,0.0
0.0,501,33237.536299,0,3,1000,/workspace7/Unity3D/gabriele/Animal-AI/models_arenas/arenas_paper/box_reason_1/c2_0221.yaml,0,1001,0,0,0,0.13073923,0.0
0.0,501,33258.779674,0,3,1000,/workspace7/Unity3D/gabriele/Animal-AI/models_arenas/arenas_paper/box_reason_1/c2_0328.yaml,0,1001,0,0,0,0.207753,0.0
0.0,501,33275.87831,0,3,1000,/workspace7/Unity3D/gabriele/Animal-AI/models_arenas/arenas_paper/box_reason_1/c2_0141.yaml,0,1001,0,0,0,0.13517366,0.0
0.0,501,33296.76094,0,3,1000,/workspace7/Unity3D/gabriele/Animal-AI/models_arenas/arenas_paper/box_reason_1/c2_0907.yaml,0,1001,0,0,0,0.18271996,0.0
2.996,156,33302.013386,2.996000051498413,3,1000,/workspace7/Unity3D/gabriele/Animal-AI/models_arenas/arenas_paper/box_reason_1/c2_0831.yaml,0,0,0,0,0,0.0,0.0
0.0,501,33319.720521,0,3,1000,/workspace7/Unity3D/gabriele/Animal-AI/models_arenas/arenas_paper/box_reason_1/c2_0991.yaml,0,1001,0,0,0,0.42683145,0.0
0.0,501,33340.969361,0,3,1000,/workspace7/Unity3D/gabriele/Animal-AI/models_arenas/arenas_paper/box_reason_1/c2_0309.yaml,0,1001,0,0,0,0.2747271,0.0
2.996,156,33346.057954,2.996000051498413,3,1000,/workspace7/Unity3D/gabriele/Animal-AI/models_arenas/arenas_paper/box_reason_1/c2_0027.yaml,0,0,0,0,0,0.0,0.0
0.0,501,33363.481667,0,3,1000,/workspace7/Unity3D/gabriele/Animal-AI/models_arenas/arenas_paper/box_reason_1/c2_0702.yaml,0,1001,0,0,0,0.22632666,0.0
0.0,501,33384.091839,0,3,1000,/workspace7/Unity3D/gabriele/Animal-AI/models_arenas/arenas_paper/box_reason_1/c2_0416.yaml,0,1001,0,0,0,0.2394211,0.0
2.996,156,33389.074384,2.996000051498413,3,1000,/workspace7/Unity3D/gabriele/Animal-AI/models_arenas/arenas_paper/box_reason_1/c2_0940.yaml,0,0,0,0,0,0.0,0.0
2.996,156,33393.488446,2.996000051498413,3,1000,/workspace7/Unity3D/gabriele/Animal-AI/models_arenas/arenas_paper/box_reason_1/c2_0308.yaml,0,0,0,0,0,0.0,0.0
0.0,501,33414.022167,0,3,1000,/workspace7/Unity3D/gabriele/Animal-AI/models_arenas/arenas_paper/box_reason_1/c2_0035.yaml,0,1001,0,0,0,0.37975743,0.0
0.0,501,33431.714088,0,3,1000,/workspace7/Unity3D/gabriele/Animal-AI/models_arenas/arenas_paper/box_reason_1/c2_0072.yaml,0,1001,0,0,0,0.28107822,0.0
0.0,501,33452.659567,0,3,1000,/workspace7/Unity3D/gabriele/Animal-AI/models_arenas/arenas_paper/box_reason_1/c2_0301.yaml,0,1001,0,0,0,0.27489778,0.0
2.996,156,33457.916406,2.996000051498413,3,1000,/workspace7/Unity3D/gabriele/Animal-AI/models_arenas/arenas_paper/box_reason_1/c2_0412.yaml,0,0,0,0,0,0.0,0.0
0.0,501,33475.215726,0,3,1000,/workspace7/Unity3D/gabriele/Animal-AI/models_arenas/arenas_paper/box_reason_1/c2_0670.yaml,0,1001,0,0,0,0.2709642,0.0
0.0,501,33495.964282,0,3,1000,/workspace7/Unity3D/gabriele/Animal-AI/models_arenas/arenas_paper/box_reason_1/c2_0982.yaml,0,1001,0,0,0,0.27476016,0.0
0.0,501,33512.509426,0,3,1000,/workspace7/Unity3D/gabriele/Animal-AI/models_arenas/arenas_paper/box_reason_1/c2_0893.yaml,0,1001,0,0,0,0.24074414,0.0
0.0,501,33532.752561,0,3,1000,/workspace7/Unity3D/gabriele/Animal-AI/models_arenas/arenas_paper/box_reason_1/c2_0786.yaml,0,1001,0,0,0,0.28159106,0.0
0.0,501,33549.911275,0,3,1000,/workspace7/Unity3D/gabriele/Animal-AI/models_arenas/arenas_paper/box_reason_1/c2_0672.yaml,0,1001,0,0,0,0.2669431,0.0
0.0,501,33570.692229,0,3,1000,/workspace7/Unity3D/gabriele/Animal-AI/models_arenas/arenas_paper/box_reason_1/c2_0755.yaml,0,1001,0,0,0,0.26666212,0.0
2.996,156,33575.971344,2.996000051498413,3,1000,/workspace7/Unity3D/gabriele/Animal-AI/models_arenas/arenas_paper/box_reason_1/c2_0088.yaml,0,0,0,0,0,0.0,0.0
0.0,501,33592.915121,0,3,1000,/workspace7/Unity3D/gabriele/Animal-AI/models_arenas/arenas_paper/box_reason_1/c2_0872.yaml,0,1001,0,0,0,0.5748276,0.0
0.0,501,33613.638749,0,3,1000,/workspace7/Unity3D/gabriele/Animal-AI/models_arenas/arenas_paper/box_reason_1/c2_0719.yaml,0,1001,0,0,0,0.26017773,0.0
0.0,501,33630.768241,0,3,1000,/workspace7/Unity3D/gabriele/Animal-AI/models_arenas/arenas_paper/box_reason_1/c2_0385.yaml,0,1001,0,0,0,0.25484365,0.0
2.996,156,33639.366132,2.996000051498413,3,1000,/workspace7/Unity3D/gabriele/Animal-AI/models_arenas/arenas_paper/box_reason_1/c2_0151.yaml,0,0,0,0,0,0.0,0.0
2.996,156,33644.605772,2.996000051498413,3,1000,/workspace7/Unity3D/gabriele/Animal-AI/models_arenas/arenas_paper/box_reason_1/c2_0621.yaml,0,0,0,0,0,0.0,0.0
0.0,501,33661.976367,0,3,1000,/workspace7/Unity3D/gabriele/Animal-AI/models_arenas/arenas_paper/box_reason_1/c2_0038.yaml,0,1001,0,0,0,0.29793525,0.0
0.0,501,33683.03348,0,3,1000,/workspace7/Unity3D/gabriele/Animal-AI/models_arenas/arenas_paper/box_reason_1/c2_0071.yaml,0,1001,0,0,0,0.76827276,0.0
0.0,501,33699.960945,0,3,1000,/workspace7/Unity3D/gabriele/Animal-AI/models_arenas/arenas_paper/box_reason_1/c2_0334.yaml,0,1001,0,0,0,0.2601674,0.0
0.0,501,33720.01012,0,3,1000,/workspace7/Unity3D/gabriele/Animal-AI/models_arenas/arenas_paper/box_reason_1/c2_0683.yaml,0,1001,0,0,0,0.28775117,0.0
0.0,501,33736.463741,0,3,1000,/workspace7/Unity3D/gabriele/Animal-AI/models_arenas/arenas_paper/box_reason_1/c2_0251.yaml,0,1001,0,0,0,0.27482766,0.0
2.996,156,33741.671085,2.996000051498413,3,1000,/workspace7/Unity3D/gabriele/Animal-AI/models_arenas/arenas_paper/box_reason_1/c2_0725.yaml,0,0,0,0,0,0.0,0.0
0.0,501,33762.361941,0,3,1000,/workspace7/Unity3D/gabriele/Animal-AI/models_arenas/arenas_paper/box_reason_1/c2_0883.yaml,0,1001,0,0,0,0.34690046,0.0
0.0,501,33779.616609,0,3,1000,/workspace7/Unity3D/gabriele/Animal-AI/models_arenas/arenas_paper/box_reason_1/c2_0770.yaml,0,1001,0,0,0,0.30386245,0.0
0.0,501,33800.238866,0,3,1000,/workspace7/Unity3D/gabriele/Animal-AI/models_arenas/arenas_paper/box_reason_1/c2_0561.yaml,0,1001,0,0,0,0.2895878,0.0
0.0,501,33817.287858,0,3,1000,/workspace7/Unity3D/gabriele/Animal-AI/models_arenas/arenas_paper/box_reason_1/c2_0766.yaml,0,1001,0,0,0,0.29761255,0.0
0.0,501,33838.002523,0,3,1000,/workspace7/Unity3D/gabriele/Animal-AI/models_arenas/arenas_paper/box_reason_1/c2_0349.yaml,0,1001,0,0,0,0.27886608,0.0
0.0,501,33855.162387,0,3,1000,/workspace7/Unity3D/gabriele/Animal-AI/models_arenas/arenas_paper/box_reason_1/c2_0472.yaml,0,1001,0,0,0,0.2683684,0.0
0.0,501,33875.254922,0,3,1000,/workspace7/Unity3D/gabriele/Animal-AI/models_arenas/arenas_paper/box_reason_1/c2_0526.yaml,0,1001,0,0,0,0.25558454,0.0
0.0,501,33892.50067,0,3,1000,/workspace7/Unity3D/gabriele/Animal-AI/models_arenas/arenas_paper/box_reason_1/c2_0402.yaml,0,1001,0,0,0,0.24315307,0.0
2.996,156,33900.917675,2.996000051498413,3,1000,/workspace7/Unity3D/gabriele/Animal-AI/models_arenas/arenas_paper/box_reason_1/c2_0248.yaml,0,0,0,0,0,0.0,0.0
0.0,501,33918.247117,0,3,1000,/workspace7/Unity3D/gabriele/Animal-AI/models_arenas/arenas_paper/box_reason_1/c2_0418.yaml,0,1001,0,0,0,0.26018375,0.0
0.0,501,33938.97737,0,3,1000,/workspace7/Unity3D/gabriele/Animal-AI/models_arenas/arenas_paper/box_reason_1/c2_0107.yaml,0,1001,0,0,0,0.27207655,0.0
2.996,156,33944.263769,2.996000051498413,3,1000,/workspace7/Unity3D/gabriele/Animal-AI/models_arenas/arenas_paper/box_reason_1/c2_0784.yaml,0,0,0,0,0,0.0,0.0
0.0,501,33961.169104,0,3,1000,/workspace7/Unity3D/gabriele/Animal-AI/models_arenas/arenas_paper/box_reason_1/c2_0668.yaml,0,1001,0,0,0,0.2579815,0.0
0.0,501,33981.919396,0,3,1000,/workspace7/Unity3D/gabriele/Animal-AI/models_arenas/arenas_paper/box_reason_1/c2_0691.yaml,0,1001,0,0,0,0.23178792,0.0
2.996,156,33987.174992,2.996000051498413,3,1000,/workspace7/Unity3D/gabriele/Animal-AI/models_arenas/arenas_paper/box_reason_1/c2_0671.yaml,0,0,0,0,0,0.0,0.0
0.0,501,34003.930654,0,3,1000,/workspace7/Unity3D/gabriele/Animal-AI/models_arenas/arenas_paper/box_reason_1/c2_0541.yaml,0,1001,0,0,0,0.25572574,0.0
0.0,501,34024.413436,0,3,1000,/workspace7/Unity3D/gabriele/Animal-AI/models_arenas/arenas_paper/box_reason_1/c2_0133.yaml,0,1001,0,0,0,0.24730124,0.0
0.0,501,34041.689939,0,3,1000,/workspace7/Unity3D/gabriele/Animal-AI/models_arenas/arenas_paper/box_reason_1/c2_0791.yaml,0,1001,0,0,0,0.27358776,0.0
0.0,501,34064.085962,0,3,1000,/workspace7/Unity3D/gabriele/Animal-AI/models_arenas/arenas_paper/box_reason_1/c2_0974.yaml,0,1001,0,0,0,0.58767885,0.0
0.0,501,34081.725525,0,3,1000,/workspace7/Unity3D/gabriele/Animal-AI/models_arenas/arenas_paper/box_reason_1/c2_0241.yaml,0,1001,0,0,0,0.47645098,0.0
0.0,501,34103.099081,0,3,1000,/workspace7/Unity3D/gabriele/Animal-AI/models_arenas/arenas_paper/box_reason_1/c2_0961.yaml,0,1001,0,0,0,0.42322862,0.0
2.996,156,34108.325017,2.996000051498413,3,1000,/workspace7/Unity3D/gabriele/Animal-AI/models_arenas/arenas_paper/box_reason_1/c2_0732.yaml,0,0,0,0,0,0.0,0.0
0.0,501,34129.46263,0,3,1000,/workspace7/Unity3D/gabriele/Animal-AI/models_arenas/arenas_paper/box_reason_1/c2_0316.yaml,0,1001,0,0,0,0.34905326,0.0
0.0,501,34147.017142,0,3,1000,/workspace7/Unity3D/gabriele/Animal-AI/models_arenas/arenas_paper/box_reason_1/c2_0874.yaml,0,1001,0,0,0,0.20586863,0.0
0.0,501,34168.00741,0,3,1000,/workspace7/Unity3D/gabriele/Animal-AI/models_arenas/arenas_paper/box_reason_1/c2_0696.yaml,0,1001,0,0,0,0.20186527,0.0
0.0,501,34185.377989,0,3,1000,/workspace7/Unity3D/gabriele/Animal-AI/models_arenas/arenas_paper/box_reason_1/c2_0636.yaml,0,1001,0,0,0,0.36694294,0.0
0.0,501,34205.826974,0,3,1000,/workspace7/Unity3D/gabriele/Animal-AI/models_arenas/arenas_paper/box_reason_1/c2_0608.yaml,0,1001,0,0,0,0.19172779,0.0
0.0,501,34222.723742,0,3,1000,/workspace7/Unity3D/gabriele/Animal-AI/models_arenas/arenas_paper/box_reason_1/c2_0044.yaml,0,1001,0,0,0,0.22587964,0.0
0.0,501,34243.079308,0,3,1000,/workspace7/Unity3D/gabriele/Animal-AI/models_arenas/arenas_paper/box_reason_1/c2_0849.yaml,0,1001,0,0,0,0.24946453,0.0
0.0,501,34260.584675,0,3,1000,/workspace7/Unity3D/gabriele/Animal-AI/models_arenas/arenas_paper/box_reason_1/c2_0484.yaml,0,1001,0,0,0,0.3692733,0.0
0.0,501,34281.326575,0,3,1000,/workspace7/Unity3D/gabriele/Animal-AI/models_arenas/arenas_paper/box_reason_1/c2_0621.yaml,0,1001,0,0,0,0.29722792,0.0
0.0,501,34298.316647,0,3,1000,/workspace7/Unity3D/gabriele/Animal-AI/models_arenas/arenas_paper/box_reason_1/c2_0038.yaml,0,1001,0,0,0,0.8819816,0.0
0.0,501,34319.377154,0,3,1000,/workspace7/Unity3D/gabriele/Animal-AI/models_arenas/arenas_paper/box_reason_1/c2_0942.yaml,0,1001,0,0,0,0.2732152,0.0
0.0,501,34336.796461,0,3,1000,/workspace7/Unity3D/gabriele/Animal-AI/models_arenas/arenas_paper/box_reason_1/c2_0501.yaml,0,1001,0,0,0,0.25383693,0.0
0.0,501,34357.806624,0,3,1000,/workspace7/Unity3D/gabriele/Animal-AI/models_arenas/arenas_paper/box_reason_1/c2_0448.yaml,0,1001,0,0,0,0.53774863,0.0
0.0,501,34374.993324,0,3,1000,/workspace7/Unity3D/gabriele/Animal-AI/models_arenas/arenas_paper/box_reason_1/c2_0908.yaml,0,1001,0,0,0,0.24776387,0.0
0.0,501,34395.893073,0,3,1000,/workspace7/Unity3D/gabriele/Animal-AI/models_arenas/arenas_paper/box_reason_1/c2_0892.yaml,0,1001,0,0,0,0.2520928,0.0
0.0,501,34413.38492,0,3,1000,/workspace7/Unity3D/gabriele/Animal-AI/models_arenas/arenas_paper/box_reason_1/c2_0696.yaml,0,1001,0,0,0,0.2515403,0.0
0.0,501,34434.344582,0,3,1000,/workspace7/Unity3D/gabriele/Animal-AI/models_arenas/arenas_paper/box_reason_1/c2_0235.yaml,0,1001,0,0,0,0.26683712,0.0
0.0,501,34451.613325,0,3,1000,/workspace7/Unity3D/gabriele/Animal-AI/models_arenas/arenas_paper/box_reason_1/c2_0192.yaml,0,1001,0,0,0,0.25089648,0.0
0.0,501,34472.247652,0,3,1000,/workspace7/Unity3D/gabriele/Animal-AI/models_arenas/arenas_paper/box_reason_1/c2_0087.yaml,0,1001,0,0,0,0.24919996,0.0
0.0,501,34489.74095,0,3,1000,/workspace7/Unity3D/gabriele/Animal-AI/models_arenas/arenas_paper/box_reason_1/c2_0966.yaml,0,1001,0,0,0,0.23198405,0.0
0.0,501,34510.560683,0,3,1000,/workspace7/Unity3D/gabriele/Animal-AI/models_arenas/arenas_paper/box_reason_1/c2_0821.yaml,0,1001,0,0,0,0.25490195,0.0
0.0,501,34527.574998,0,3,1000,/workspace7/Unity3D/gabriele/Animal-AI/models_arenas/arenas_paper/box_reason_1/c2_0391.yaml,0,1001,0,0,0,0.20624153,0.0
0.0,501,34548.279639,0,3,1000,/workspace7/Unity3D/gabriele/Animal-AI/models_arenas/arenas_paper/box_reason_1/c2_0411.yaml,0,1001,0,0,0,0.19870748,0.0
0.0,501,34565.871248,0,3,1000,/workspace7/Unity3D/gabriele/Animal-AI/models_arenas/arenas_paper/box_reason_1/c2_0264.yaml,0,1001,0,0,0,0.22168295,0.0
2.996,156,34571.161125,2.996000051498413,3,1000,/workspace7/Unity3D/gabriele/Animal-AI/models_arenas/arenas_paper/box_reason_1/c2_0062.yaml,0,0,0,0,0,0.0,0.0
0.0,501,34591.998549,0,3,1000,/workspace7/Unity3D/gabriele/Animal-AI/models_arenas/arenas_paper/box_reason_1/c2_0848.yaml,0,1001,0,0,0,0.21376255,0.0
0.0,501,34609.696508,0,3,1000,/workspace7/Unity3D/gabriele/Animal-AI/models_arenas/arenas_paper/box_reason_1/c2_0738.yaml,0,1001,0,0,0,0.21573335,0.0
0.0,501,34630.516703,0,3,1000,/workspace7/Unity3D/gabriele/Animal-AI/models_arenas/arenas_paper/box_reason_1/c2_0978.yaml,0,1001,0,0,0,0.23029946,0.0
0.0,501,34647.246036,0,3,1000,/workspace7/Unity3D/gabriele/Animal-AI/models_arenas/arenas_paper/box_reason_1/c2_0631.yaml,0,1001,0,0,0,0.22596689,0.0
0.0,501,34668.040271,0,3,1000,/workspace7/Unity3D/gabriele/Animal-AI/models_arenas/arenas_paper/box_reason_1/c2_0249.yaml,0,1001,0,0,0,0.17296308,0.0
0.0,501,34685.697164,0,3,1000,/workspace7/Unity3D/gabriele/Animal-AI/models_arenas/arenas_paper/box_reason_1/c2_0820.yaml,0,1001,0,0,0,0.27237162,0.0
2.996,156,34690.766922,2.996000051498413,3,1000,/workspace7/Unity3D/gabriele/Animal-AI/models_arenas/arenas_paper/box_reason_1/c2_0930.yaml,0,0,0,0,0,0.0,0.0
0.0,501,34711.941497,0,3,1000,/workspace7/Unity3D/gabriele/Animal-AI/models_arenas/arenas_paper/box_reason_1/c2_0471.yaml,0,1001,0,0,0,0.235007,0.0
0.0,501,34729.338533,0,3,1000,/workspace7/Unity3D/gabriele/Animal-AI/models_arenas/arenas_paper/box_reason_1/c2_0545.yaml,0,1001,0,0,0,0.25952312,0.0
0.0,501,34750.227634,0,3,1000,/workspace7/Unity3D/gabriele/Animal-AI/models_arenas/arenas_paper/box_reason_1/c2_0572.yaml,0,1001,0,0,0,0.2966331,0.0
0.0,501,34767.849513,0,3,1000,/workspace7/Unity3D/gabriele/Animal-AI/models_arenas/arenas_paper/box_reason_1/c2_0974.yaml,0,1001,0,0,0,0.26877654,0.0
0.0,501,34788.598622,0,3,1000,/workspace7/Unity3D/gabriele/Animal-AI/models_arenas/arenas_paper/box_reason_1/c2_0325.yaml,0,1001,0,0,0,0.21615225,0.0
0.0,501,34805.935313,0,3,1000,/workspace7/Unity3D/gabriele/Animal-AI/models_arenas/arenas_paper/box_reason_1/c2_0464.yaml,0,1001,0,0,0,0.2275343,0.0
0.0,501,34826.729161,0,3,1000,/workspace7/Unity3D/gabriele/Animal-AI/models_arenas/arenas_paper/box_reason_1/c2_0222.yaml,0,1001,0,0,0,0.22460741,0.0
0.0,501,34843.874404,0,3,1000,/workspace7/Unity3D/gabriele/Animal-AI/models_arenas/arenas_paper/box_reason_1/c2_0623.yaml,0,1001,0,0,0,0.22979602,0.0
0.0,501,34864.909854,0,3,1000,/workspace7/Unity3D/gabriele/Animal-AI/models_arenas/arenas_paper/box_reason_1/c2_0031.yaml,0,1001,0,0,0,0.2416361,0.0
0.0,501,34881.498432,0,3,1000,/workspace7/Unity3D/gabriele/Animal-AI/models_arenas/arenas_paper/box_reason_1/c2_0572.yaml,0,1001,0,0,0,0.25749147,0.0
0.0,501,34901.982597,0,3,1000,/workspace7/Unity3D/gabriele/Animal-AI/models_arenas/arenas_paper/box_reason_1/c2_0484.yaml,0,1001,0,0,0,0.21933572,0.0
2.996,156,34906.957059,2.996000051498413,3,1000,/workspace7/Unity3D/gabriele/Animal-AI/models_arenas/arenas_paper/box_reason_1/c2_0415.yaml,0,0,0,0,0,0.0,0.0
0.0,501,34927.831343,0,3,1000,/workspace7/Unity3D/gabriele/Animal-AI/models_arenas/arenas_paper/box_reason_1/c2_0863.yaml,0,1001,0,0,0,0.18467753,0.0
0.0,501,34944.289059,0,3,1000,/workspace7/Unity3D/gabriele/Animal-AI/models_arenas/arenas_paper/box_reason_1/c2_0937.yaml,0,1001,0,0,0,0.20706764,0.0
0.0,501,34965.1101,0,3,1000,/workspace7/Unity3D/gabriele/Animal-AI/models_arenas/arenas_paper/box_reason_1/c2_0021.yaml,0,1001,0,0,0,0.19565114,0.0
0.0,501,34982.37994,0,3,1000,/workspace7/Unity3D/gabriele/Animal-AI/models_arenas/arenas_paper/box_reason_1/c2_0017.yaml,0,1001,0,0,0,0.2579831,0.0
0.0,501,35003.50148,0,3,1000,/workspace7/Unity3D/gabriele/Animal-AI/models_arenas/arenas_paper/box_reason_1/c2_0466.yaml,0,1001,0,0,0,0.39017367,0.0
0.0,501,35020.602154,0,3,1000,/workspace7/Unity3D/gabriele/Animal-AI/models_arenas/arenas_paper/box_reason_1/c2_0352.yaml,0,1001,0,0,0,0.22627038,0.0
0.0,501,35041.630913,0,3,1000,/workspace7/Unity3D/gabriele/Animal-AI/models_arenas/arenas_paper/box_reason_1/c2_0070.yaml,0,1001,0,0,0,0.279991,0.0
0.0,501,35059.250925,0,3,1000,/workspace7/Unity3D/gabriele/Animal-AI/models_arenas/arenas_paper/box_reason_1/c2_0101.yaml,0,1001,0,0,0,0.33595777,0.0
0.0,501,35080.26768,0,3,1000,/workspace7/Unity3D/gabriele/Animal-AI/models_arenas/arenas_paper/box_reason_1/c2_0583.yaml,0,1001,0,0,0,0.60158443,0.0
0.0,501,35096.35722,0,3,1000,/workspace7/Unity3D/gabriele/Animal-AI/models_arenas/arenas_paper/box_reason_1/c2_0584.yaml,0,1001,0,0,0,0.21816742,0.0
0.0,501,35117.217511,0,3,1000,/workspace7/Unity3D/gabriele/Animal-AI/models_arenas/arenas_paper/box_reason_1/c2_0684.yaml,0,1001,0,0,0,0.7132585,0.0
0.0,501,35134.84254,0,3,1000,/workspace7/Unity3D/gabriele/Animal-AI/models_arenas/arenas_paper/box_reason_1/c2_0914.yaml,0,1001,0,0,0,0.28196386,0.0
0.0,501,35155.622491,0,3,1000,/workspace7/Unity3D/gabriele/Animal-AI/models_arenas/arenas_paper/box_reason_1/c2_0671.yaml,0,1001,0,0,0,0.3580988,0.0
0.0,501,35172.620428,0,3,1000,/workspace7/Unity3D/gabriele/Animal-AI/models_arenas/arenas_paper/box_reason_1/c2_0878.yaml,0,1001,0,0,0,0.2346396,0.0
0.0,501,35193.347024,0,3,1000,/workspace7/Unity3D/gabriele/Animal-AI/models_arenas/arenas_paper/box_reason_1/c2_0113.yaml,0,1001,0,0,0,0.25562933,0.0
0.0,501,35210.45171,0,3,1000,/workspace7/Unity3D/gabriele/Animal-AI/models_arenas/arenas_paper/box_reason_1/c2_0774.yaml,0,1001,0,0,0,0.24514635,0.0
0.0,501,35231.044403,0,3,1000,/workspace7/Unity3D/gabriele/Animal-AI/models_arenas/arenas_paper/box_reason_1/c2_0397.yaml,0,1001,0,0,0,0.23666358,0.0
0.0,501,35248.184013,0,3,1000,/workspace7/Unity3D/gabriele/Animal-AI/models_arenas/arenas_paper/box_reason_1/c2_0795.yaml,0,1001,0,0,0,0.18804678,0.0
0.0,501,35269.10106,0,3,1000,/workspace7/Unity3D/gabriele/Animal-AI/models_arenas/arenas_paper/box_reason_1/c2_0366.yaml,0,1001,0,0,0,0.1939308,0.0
0.0,501,35285.862027,0,3,1000,/workspace7/Unity3D/gabriele/Animal-AI/models_arenas/arenas_paper/box_reason_1/c2_0912.yaml,0,1001,0,0,0,0.16639432,0.0
0.0,501,35306.517348,0,3,1000,/workspace7/Unity3D/gabriele/Animal-AI/models_arenas/arenas_paper/box_reason_1/c2_0105.yaml,0,1001,0,0,0,0.16473909,0.0
0.0,501,35323.411735,0,3,1000,/workspace7/Unity3D/gabriele/Animal-AI/models_arenas/arenas_paper/box_reason_1/c2_0134.yaml,0,1001,0,0,0,0.21767244,0.0
0.0,501,35344.548421,0,3,1000,/workspace7/Unity3D/gabriele/Animal-AI/models_arenas/arenas_paper/box_reason_1/c2_0148.yaml,0,1001,0,0,0,0.2561729,0.0
0.0,501,35362.037759,0,3,1000,/workspace7/Unity3D/gabriele/Animal-AI/models_arenas/arenas_paper/box_reason_1/c2_0077.yaml,0,1001,0,0,0,0.19789432,0.0
2.996,156,35367.270791,2.996000051498413,3,1000,/workspace7/Unity3D/gabriele/Animal-AI/models_arenas/arenas_paper/box_reason_1/c2_0929.yaml,0,0,0,0,0,0.0,0.0
0.0,501,35388.377148,0,3,1000,/workspace7/Unity3D/gabriele/Animal-AI/models_arenas/arenas_paper/box_reason_1/c2_0647.yaml,0,1001,0,0,0,0.75833434,0.0
0.0,501,35405.495392,0,3,1000,/workspace7/Unity3D/gabriele/Animal-AI/models_arenas/arenas_paper/box_reason_1/c2_0981.yaml,0,1001,0,0,0,0.21251802,0.0
0.0,501,35425.867996,0,3,1000,/workspace7/Unity3D/gabriele/Animal-AI/models_arenas/arenas_paper/box_reason_1/c2_0403.yaml,0,1001,0,0,0,0.23222306,0.0
0.0,501,35443.327966,0,3,1000,/workspace7/Unity3D/gabriele/Animal-AI/models_arenas/arenas_paper/box_reason_1/c2_0974.yaml,0,1001,0,0,0,0.2008662,0.0
0.0,501,35464.04185,0,3,1000,/workspace7/Unity3D/gabriele/Animal-AI/models_arenas/arenas_paper/box_reason_1/c2_0589.yaml,0,1001,0,0,0,0.22338086,0.0
0.0,501,35481.591001,0,3,1000,/workspace7/Unity3D/gabriele/Animal-AI/models_arenas/arenas_paper/box_reason_1/c2_0600.yaml,0,1001,0,0,0,0.16755533,0.0
0.0,501,35502.176304,0,3,1000,/workspace7/Unity3D/gabriele/Animal-AI/models_arenas/arenas_paper/box_reason_1/c2_0519.yaml,0,1001,0,0,0,0.25587985,0.0
2.996,156,35506.794499,2.996000051498413,3,1000,/workspace7/Unity3D/gabriele/Animal-AI/models_arenas/arenas_paper/box_reason_1/c2_0954.yaml,0,0,0,0,0,0.0,0.0
0.0,501,35523.89484,0,3,1000,/workspace7/Unity3D/gabriele/Animal-AI/models_arenas/arenas_paper/box_reason_1/c2_0135.yaml,0,1001,0,0,0,0.18972237,0.0
0.0,501,35544.952175,0,3,1000,/workspace7/Unity3D/gabriele/Animal-AI/models_arenas/arenas_paper/box_reason_1/c2_0184.yaml,0,1001,0,0,0,0.24759011,0.0
0.0,501,35562.5018,0,3,1000,/workspace7/Unity3D/gabriele/Animal-AI/models_arenas/arenas_paper/box_reason_1/c2_0232.yaml,0,1001,0,0,0,0.22870904,0.0
2.996,156,35571.250817,2.996000051498413,3,1000,/workspace7/Unity3D/gabriele/Animal-AI/models_arenas/arenas_paper/box_reason_1/c2_0552.yaml,0,0,0,0,0,0.0,0.0
0.0,501,35588.20346,0,3,1000,/workspace7/Unity3D/gabriele/Animal-AI/models_arenas/arenas_paper/box_reason_1/c2_0766.yaml,0,1001,0,0,0,0.2542241,0.0
2.996,156,35593.402518,2.996000051498413,3,1000,/workspace7/Unity3D/gabriele/Animal-AI/models_arenas/arenas_paper/box_reason_1/c2_0351.yaml,0,0,0,0,0,0.0,0.0
2.996,156,35598.430861,2.996000051498413,3,1000,/workspace7/Unity3D/gabriele/Animal-AI/models_arenas/arenas_paper/box_reason_1/c2_0089.yaml,0,0,0,0,0,0.0,0.0
2.996,156,35606.981892,2.996000051498413,3,1000,/workspace7/Unity3D/gabriele/Animal-AI/models_arenas/arenas_paper/box_reason_1/c2_0794.yaml,0,0,0,0,0,0.0,0.0
0.0,501,35624.240549,0,3,1000,/workspace7/Unity3D/gabriele/Animal-AI/models_arenas/arenas_paper/box_reason_1/c2_0027.yaml,0,1001,0,0,0,0.2822432,0.0
0.0,501,35644.812971,0,3,1000,/workspace7/Unity3D/gabriele/Animal-AI/models_arenas/arenas_paper/box_reason_1/c2_0793.yaml,0,1001,0,0,0,0.29514527,0.0
0.0,501,35661.826025,0,3,1000,/workspace7/Unity3D/gabriele/Animal-AI/models_arenas/arenas_paper/box_reason_1/c2_0502.yaml,0,1001,0,0,0,0.26815766,0.0
0.0,501,35681.844885,0,3,1000,/workspace7/Unity3D/gabriele/Animal-AI/models_arenas/arenas_paper/box_reason_1/c2_0292.yaml,0,1001,0,0,0,0.28787774,0.0
0.0,501,35698.818669,0,3,1000,/workspace7/Unity3D/gabriele/Animal-AI/models_arenas/arenas_paper/box_reason_1/c2_0942.yaml,0,1001,0,0,0,0.20497623,0.0
0.0,501,35719.890002,0,3,1000,/workspace7/Unity3D/gabriele/Animal-AI/models_arenas/arenas_paper/box_reason_1/c2_0515.yaml,0,1001,0,0,0,0.20744443,0.0
0.0,501,35737.391331,0,3,1000,/workspace7/Unity3D/gabriele/Animal-AI/models_arenas/arenas_paper/box_reason_1/c2_0964.yaml,0,1001,0,0,0,0.16809148,0.0
0.0,501,35757.595195,0,3,1000,/workspace7/Unity3D/gabriele/Animal-AI/models_arenas/arenas_paper/box_reason_1/c2_0262.yaml,0,1001,0,0,0,0.3137087,0.0
0.0,501,35775.076103,0,3,1000,/workspace7/Unity3D/gabriele/Animal-AI/models_arenas/arenas_paper/box_reason_1/c2_0532.yaml,0,1001,0,0,0,0.19664058,0.0
0.0,501,35796.162535,0,3,1000,/workspace7/Unity3D/gabriele/Animal-AI/models_arenas/arenas_paper/box_reason_1/c2_0442.yaml,0,1001,0,0,0,0.3168061,0.0
2.996,156,35801.453624,2.996000051498413,3,1000,/workspace7/Unity3D/gabriele/Animal-AI/models_arenas/arenas_paper/box_reason_1/c2_0856.yaml,0,0,0,0,0,0.0,0.0
0.0,501,35818.725388,0,3,1000,/workspace7/Unity3D/gabriele/Animal-AI/models_arenas/arenas_paper/box_reason_1/c2_0946.yaml,0,1001,0,0,0,0.25822195,0.0
0.0,501,35839.516191,0,3,1000,/workspace7/Unity3D/gabriele/Animal-AI/models_arenas/arenas_paper/box_reason_1/c2_0568.yaml,0,1001,0,0,0,0.89131176,0.0
0.0,501,35856.531569,0,3,1000,/workspace7/Unity3D/gabriele/Animal-AI/models_arenas/arenas_paper/box_reason_1/c2_0160.yaml,0,1001,0,0,0,0.22923204,0.0
0.0,501,35877.905175,0,3,1000,/workspace7/Unity3D/gabriele/Animal-AI/models_arenas/arenas_paper/box_reason_1/c2_0064.yaml,0,1001,0,0,0,0.20237109,0.0
0.0,501,35893.963916,0,3,1000,/workspace7/Unity3D/gabriele/Animal-AI/models_arenas/arenas_paper/box_reason_1/c2_0414.yaml,0,1001,0,0,0,0.26570752,0.0
0.0,501,35914.834205,0,3,1000,/workspace7/Unity3D/gabriele/Animal-AI/models_arenas/arenas_paper/box_reason_1/c2_0464.yaml,0,1001,0,0,0,0.40749982,0.0
0.0,501,35931.751469,0,3,1000,/workspace7/Unity3D/gabriele/Animal-AI/models_arenas/arenas_paper/box_reason_1/c2_0742.yaml,0,1001,0,0,0,0.42185664,0.0
0.0,501,35951.927204,0,3,1000,/workspace7/Unity3D/gabriele/Animal-AI/models_arenas/arenas_paper/box_reason_1/c2_0286.yaml,0,1001,0,0,0,0.40317175,0.0
0.0,501,35969.228359,0,3,1000,/workspace7/Unity3D/gabriele/Animal-AI/models_arenas/arenas_paper/box_reason_1/c2_0973.yaml,0,1001,0,0,0,0.2646311,0.0
2.996,156,35974.312928,2.996000051498413,3,1000,/workspace7/Unity3D/gabriele/Animal-AI/models_arenas/arenas_paper/box_reason_1/c2_0981.yaml,0,0,0,0,0,0.0,0.0
0.0,501,35995.248726,0,3,1000,/workspace7/Unity3D/gabriele/Animal-AI/models_arenas/arenas_paper/box_reason_1/c2_0911.yaml,0,1001,0,0,0,0.19897813,0.0
0.0,501,36012.46885,0,3,1000,/workspace7/Unity3D/gabriele/Animal-AI/models_arenas/arenas_paper/box_reason_1/c2_0201.yaml,0,1001,0,0,0,0.9485307,0.0
0.0,501,36032.91087,0,3,1000,/workspace7/Unity3D/gabriele/Animal-AI/models_arenas/arenas_paper/box_reason_1/c2_0789.yaml,0,1001,0,0,0,0.4137094,0.0
0.0,501,36050.383585,0,3,1000,/workspace7/Unity3D/gabriele/Animal-AI/models_arenas/arenas_paper/box_reason_1/c2_0222.yaml,0,1001,0,0,0,0.41987133,0.0
0.0,501,36070.98047,0,3,1000,/workspace7/Unity3D/gabriele/Animal-AI/models_arenas/arenas_paper/box_reason_1/c2_0451.yaml,0,1001,0,0,0,0.26040962,0.0
2.996,156,36076.104404,2.996000051498413,3,1000,/workspace7/Unity3D/gabriele/Animal-AI/models_arenas/arenas_paper/box_reason_1/c2_0797.yaml,0,0,0,0,0,0.0,0.0
2.996,156,36080.962892,2.996000051498413,3,1000,/workspace7/Unity3D/gabriele/Animal-AI/models_arenas/arenas_paper/box_reason_1/c2_0495.yaml,0,0,0,0,0,0.0,0.0
0.0,501,36101.712479,0,3,1000,/workspace7/Unity3D/gabriele/Animal-AI/models_arenas/arenas_paper/box_reason_1/c2_0922.yaml,0,1001,0,0,0,0.4194516,0.0
0.0,501,36118.989483,0,3,1000,/workspace7/Unity3D/gabriele/Animal-AI/models_arenas/arenas_paper/box_reason_1/c2_0013.yaml,0,1001,0,0,0,0.2883441,0.0
0.0,501,36139.969406,0,3,1000,/workspace7/Unity3D/gabriele/Animal-AI/models_arenas/arenas_paper/box_reason_1/c2_0879.yaml,0,1001,0,0,0,0.2614478,0.0
0.0,501,36157.502773,0,3,1000,/workspace7/Unity3D/gabriele/Animal-AI/models_arenas/arenas_paper/box_reason_1/c2_0086.yaml,0,1001,0,0,0,0.25677276,0.0
0.0,501,36178.431899,0,3,1000,/workspace7/Unity3D/gabriele/Animal-AI/models_arenas/arenas_paper/box_reason_1/c2_0049.yaml,0,1001,0,0,0,0.27068263,0.0
0.0,501,36195.667009,0,3,1000,/workspace7/Unity3D/gabriele/Animal-AI/models_arenas/arenas_paper/box_reason_1/c2_0516.yaml,0,1001,0,0,0,0.21116343,0.0
0.0,501,36216.681508,0,3,1000,/workspace7/Unity3D/gabriele/Animal-AI/models_arenas/arenas_paper/box_reason_1/c2_0951.yaml,0,1001,0,0,0,0.22327599,0.0
0.0,501,36232.653747,0,3,1000,/workspace7/Unity3D/gabriele/Animal-AI/models_arenas/arenas_paper/box_reason_1/c2_0475.yaml,0,1001,0,0,0,0.2089963,0.0
0.0,501,36253.315073,0,3,1000,/workspace7/Unity3D/gabriele/Animal-AI/models_arenas/arenas_paper/box_reason_1/c2_0202.yaml,0,1001,0,0,0,0.19981784,0.0
0.0,501,36270.222318,0,3,1000,/workspace7/Unity3D/gabriele/Animal-AI/models_arenas/arenas_paper/box_reason_1/c2_0209.yaml,0,1001,0,0,0,0.29882103,0.0
0.0,501,36291.206861,0,3,1000,/workspace7/Unity3D/gabriele/Animal-AI/models_arenas/arenas_paper/box_reason_1/c2_0771.yaml,0,1001,0,0,0,0.28784388,0.0
0.0,501,36308.534456,0,3,1000,/workspace7/Unity3D/gabriele/Animal-AI/models_arenas/arenas_paper/box_reason_1/c2_0945.yaml,0,1001,0,0,0,0.26599908,0.0
0.0,501,36329.203977,0,3,1000,/workspace7/Unity3D/gabriele/Animal-AI/models_arenas/arenas_paper/box_reason_1/c2_0224.yaml,0,1001,0,0,0,0.25143945,0.0
0.0,501,36346.482605,0,3,1000,/workspace7/Unity3D/gabriele/Animal-AI/models_arenas/arenas_paper/box_reason_1/c2_0720.yaml,0,1001,0,0,0,0.2282494,0.0
0.0,501,36367.079122,0,3,1000,/workspace7/Unity3D/gabriele/Animal-AI/models_arenas/arenas_paper/box_reason_1/c2_0611.yaml,0,1001,0,0,0,0.22723031,0.0
0.0,501,36384.501899,0,3,1000,/workspace7/Unity3D/gabriele/Animal-AI/models_arenas/arenas_paper/box_reason_1/c2_0904.yaml,0,1001,0,0,0,0.19348568,0.0
0.0,501,36405.134529,0,3,1000,/workspace7/Unity3D/gabriele/Animal-AI/models_arenas/arenas_paper/box_reason_1/c2_0464.yaml,0,1001,0,0,0,0.19184166,0.0
0.0,501,36422.63154,0,3,1000,/workspace7/Unity3D/gabriele/Animal-AI/models_arenas/arenas_paper/box_reason_1/c2_0210.yaml,0,1001,0,0,0,0.19699857,0.0
0.0,501,36443.408774,0,3,1000,/workspace7/Unity3D/gabriele/Animal-AI/models_arenas/arenas_paper/box_reason_1/c2_0562.yaml,0,1001,0,0,0,0.19006363,0.0
0.0,501,36459.812076,0,3,1000,/workspace7/Unity3D/gabriele/Animal-AI/models_arenas/arenas_paper/box_reason_1/c2_0096.yaml,0,1001,0,0,0,0.19317217,0.0
2.996,156,36464.967294,2.996000051498413,3,1000,/workspace7/Unity3D/gabriele/Animal-AI/models_arenas/arenas_paper/box_reason_1/c2_0622.yaml,0,0,0,0,0,0.0,0.0
0.0,501,36486.140556,0,3,1000,/workspace7/Unity3D/gabriele/Animal-AI/models_arenas/arenas_paper/box_reason_1/c2_0671.yaml,0,1001,0,0,0,0.1802051,0.0
0.0,501,36503.411426,0,3,1000,/workspace7/Unity3D/gabriele/Animal-AI/models_arenas/arenas_paper/box_reason_1/c2_0167.yaml,0,1001,0,0,0,0.23625669,0.0
0.0,501,36524.129216,0,3,1000,/workspace7/Unity3D/gabriele/Animal-AI/models_arenas/arenas_paper/box_reason_1/c2_0584.yaml,0,1001,0,0,0,0.30941784,0.0
0.0,501,36541.077825,0,3,1000,/workspace7/Unity3D/gabriele/Animal-AI/models_arenas/arenas_paper/box_reason_1/c2_0403.yaml,0,1001,0,0,0,0.3763315,0.0
0.0,501,36560.816245,0,3,1000,/workspace7/Unity3D/gabriele/Animal-AI/models_arenas/arenas_paper/box_reason_1/c2_0336.yaml,0,1001,0,0,0,0.6797632,0.0
0.0,501,36578.016678,0,3,1000,/workspace7/Unity3D/gabriele/Animal-AI/models_arenas/arenas_paper/box_reason_1/c2_0919.yaml,0,1001,0,0,0,0.26278687,0.0
0.0,501,36598.872277,0,3,1000,/workspace7/Unity3D/gabriele/Animal-AI/models_arenas/arenas_paper/box_reason_1/c2_0109.yaml,0,1001,0,0,0,0.4221388,0.0
0.0,501,36615.757021,0,3,1000,/workspace7/Unity3D/gabriele/Animal-AI/models_arenas/arenas_paper/box_reason_1/c2_0019.yaml,0,1001,0,0,0,0.28210118,0.0
0.0,501,36636.872707,0,3,1000,/workspace7/Unity3D/gabriele/Animal-AI/models_arenas/arenas_paper/box_reason_1/c2_0505.yaml,0,1001,0,0,0,0.23717535,0.0
0.0,501,36654.427675,0,3,1000,/workspace7/Unity3D/gabriele/Animal-AI/models_arenas/arenas_paper/box_reason_1/c2_0984.yaml,0,1001,0,0,0,0.19320865,0.0
0.0,501,36675.414419,0,3,1000,/workspace7/Unity3D/gabriele/Animal-AI/models_arenas/arenas_paper/box_reason_1/c2_0033.yaml,0,1001,0,0,0,0.24583319,0.0
0.0,501,36692.815664,0,3,1000,/workspace7/Unity3D/gabriele/Animal-AI/models_arenas/arenas_paper/box_reason_1/c2_0817.yaml,0,1001,0,0,0,0.363283,0.0
0.0,501,36713.888456,0,3,1000,/workspace7/Unity3D/gabriele/Animal-AI/models_arenas/arenas_paper/box_reason_1/c2_0051.yaml,0,1001,0,0,0,0.14902848,0.0
0.0,501,36731.255786,0,3,1000,/workspace7/Unity3D/gabriele/Animal-AI/models_arenas/arenas_paper/box_reason_1/c2_0108.yaml,0,1001,0,0,0,0.16408598,0.0
2.996,156,36739.817421,2.996000051498413,3,1000,/workspace7/Unity3D/gabriele/Animal-AI/models_arenas/arenas_paper/box_reason_1/c2_0198.yaml,0,0,0,0,0,0.0,0.0
0.0,501,36756.651508,0,3,1000,/workspace7/Unity3D/gabriele/Animal-AI/models_arenas/arenas_paper/box_reason_1/c2_0715.yaml,0,1001,0,0,0,0.18706971,0.0
0.0,501,36777.156048,0,3,1000,/workspace7/Unity3D/gabriele/Animal-AI/models_arenas/arenas_paper/box_reason_1/c2_0173.yaml,0,1001,0,0,0,0.18371814,0.0
0.0,501,36794.523717,0,3,1000,/workspace7/Unity3D/gabriele/Animal-AI/models_arenas/arenas_paper/box_reason_1/c2_0653.yaml,0,1001,0,0,0,0.42750925,0.0
0.0,501,36814.73579,0,3,1000,/workspace7/Unity3D/gabriele/Animal-AI/models_arenas/arenas_paper/box_reason_1/c2_0136.yaml,0,1001,0,0,0,0.42910117,0.0
0.0,501,36831.759042,0,3,1000,/workspace7/Unity3D/gabriele/Animal-AI/models_arenas/arenas_paper/box_reason_1/c2_0749.yaml,0,1001,0,0,0,0.49351034,0.0
0.0,501,36852.276892,0,3,1000,/workspace7/Unity3D/gabriele/Animal-AI/models_arenas/arenas_paper/box_reason_1/c2_0401.yaml,0,1001,0,0,0,0.13495938,0.0
0.0,501,36869.419359,0,3,1000,/workspace7/Unity3D/gabriele/Animal-AI/models_arenas/arenas_paper/box_reason_1/c2_0918.yaml,0,1001,0,0,0,0.29948604,0.0
0.0,501,36890.056577,0,3,1000,/workspace7/Unity3D/gabriele/Animal-AI/models_arenas/arenas_paper/box_reason_1/c2_0701.yaml,0,1001,0,0,0,0.09744617,0.0
0.0,501,36906.464024,0,3,1000,/workspace7/Unity3D/gabriele/Animal-AI/models_arenas/arenas_paper/box_reason_1/c2_0943.yaml,0,1001,0,0,0,0.18494402,0.0
2.996,156,36911.502523,2.996000051498413,3,1000,/workspace7/Unity3D/gabriele/Animal-AI/models_arenas/arenas_paper/box_reason_1/c2_0733.yaml,0,0,0,0,0,0.0,0.0
0.0,501,36932.289301,0,3,1000,/workspace7/Unity3D/gabriele/Animal-AI/models_arenas/arenas_paper/box_reason_1/c2_0234.yaml,0,1001,0,0,0,0.35436672,0.0
0.0,501,36949.588346,0,3,1000,/workspace7/Unity3D/gabriele/Animal-AI/models_arenas/arenas_paper/box_reason_1/c2_0474.yaml,0,1001,0,0,0,0.118259475,0.0
0.0,501,36969.542264,0,3,1000,/workspace7/Unity3D/gabriele/Animal-AI/models_arenas/arenas_paper/box_reason_1/c2_0859.yaml,0,1001,0,0,0,0.33134443,0.0
0.0,501,36986.520182,0,3,1000,/workspace7/Unity3D/gabriele/Animal-AI/models_arenas/arenas_paper/box_reason_1/c2_0430.yaml,0,1001,0,0,0,0.22976008,0.0
0.0,501,37006.645207,0,3,1000,/workspace7/Unity3D/gabriele/Animal-AI/models_arenas/arenas_paper/box_reason_1/c2_0121.yaml,0,1001,0,0,0,0.17795427,0.0
0.0,501,37024.028327,0,3,1000,/workspace7/Unity3D/gabriele/Animal-AI/models_arenas/arenas_paper/box_reason_1/c2_0483.yaml,0,1001,0,0,0,0.13926391,0.0
0.0,501,37044.440012,0,3,1000,/workspace7/Unity3D/gabriele/Animal-AI/models_arenas/arenas_paper/box_reason_1/c2_0757.yaml,0,1001,0,0,0,0.28063586,0.0
0.0,501,37061.539106,0,3,1000,/workspace7/Unity3D/gabriele/Animal-AI/models_arenas/arenas_paper/box_reason_1/c2_0694.yaml,0,1001,0,0,0,0.18786427,0.0
0.0,501,37081.599954,0,3,1000,/workspace7/Unity3D/gabriele/Animal-AI/models_arenas/arenas_paper/box_reason_1/c2_0921.yaml,0,1001,0,0,0,0.18192796,0.0
0.0,501,37098.940533,0,3,1000,/workspace7/Unity3D/gabriele/Animal-AI/models_arenas/arenas_paper/box_reason_1/c2_0234.yaml,0,1001,0,0,0,0.5369636,0.0
0.0,501,37119.848727,0,3,1000,/workspace7/Unity3D/gabriele/Animal-AI/models_arenas/arenas_paper/box_reason_1/c2_0483.yaml,0,1001,0,0,0,0.14981407,0.0
0.0,501,37136.57038,0,3,1000,/workspace7/Unity3D/gabriele/Animal-AI/models_arenas/arenas_paper/box_reason_1/c2_0840.yaml,0,1001,0,0,0,0.18114316,0.0
0.0,501,37156.349653,0,3,1000,/workspace7/Unity3D/gabriele/Animal-AI/models_arenas/arenas_paper/box_reason_1/c2_0626.yaml,0,1001,0,0,0,0.15698819,0.0
0.0,501,37173.785441,0,3,1000,/workspace7/Unity3D/gabriele/Animal-AI/models_arenas/arenas_paper/box_reason_1/c2_0786.yaml,0,1001,0,0,0,0.21383256,0.0
0.0,501,37194.745507,0,3,1000,/workspace7/Unity3D/gabriele/Animal-AI/models_arenas/arenas_paper/box_reason_1/c2_0567.yaml,0,1001,0,0,0,0.33810657,0.0
0.0,501,37211.944146,0,3,1000,/workspace7/Unity3D/gabriele/Animal-AI/models_arenas/arenas_paper/box_reason_1/c2_0520.yaml,0,1001,0,0,0,0.24295084,0.0
2.996,156,37217.131597,2.996000051498413,3,1000,/workspace7/Unity3D/gabriele/Animal-AI/models_arenas/arenas_paper/box_reason_1/c2_0651.yaml,0,0,0,0,0,0.0,0.0
0.0,501,37237.996897,0,3,1000,/workspace7/Unity3D/gabriele/Animal-AI/models_arenas/arenas_paper/box_reason_1/c2_0900.yaml,0,1001,0,0,0,0.19573343,0.0
0.0,501,37254.463403,0,3,1000,/workspace7/Unity3D/gabriele/Animal-AI/models_arenas/arenas_paper/box_reason_1/c2_0759.yaml,0,1001,0,0,0,0.13067004,0.0
0.0,501,37275.483155,0,3,1000,/workspace7/Unity3D/gabriele/Animal-AI/models_arenas/arenas_paper/box_reason_1/c2_0802.yaml,0,1001,0,0,0,0.10732758,0.0
0.0,501,37292.787544,0,3,1000,/workspace7/Unity3D/gabriele/Animal-AI/models_arenas/arenas_paper/box_reason_1/c2_0082.yaml,0,1001,0,0,0,0.32312244,0.0
0.0,501,37312.678329,0,3,1000,/workspace7/Unity3D/gabriele/Animal-AI/models_arenas/arenas_paper/box_reason_1/c2_0987.yaml,0,1001,0,0,0,0.13300651,0.0
0.0,501,37328.427694,0,3,1000,/workspace7/Unity3D/gabriele/Animal-AI/models_arenas/arenas_paper/box_reason_1/c2_0054.yaml,0,1001,0,0,0,0.16875999,0.0
0.0,501,37349.153744,0,3,1000,/workspace7/Unity3D/gabriele/Animal-AI/models_arenas/arenas_paper/box_reason_1/c2_0973.yaml,0,1001,0,0,0,0.7062261,0.0
0.0,501,37366.191392,0,3,1000,/workspace7/Unity3D/gabriele/Animal-AI/models_arenas/arenas_paper/box_reason_1/c2_0530.yaml,0,1001,0,0,0,0.65402704,0.0
0.0,501,37387.167962,0,3,1000,/workspace7/Unity3D/gabriele/Animal-AI/models_arenas/arenas_paper/box_reason_1/c2_0946.yaml,0,1001,0,0,0,0.28830594,0.0
2.996,156,37392.148566,2.996000051498413,3,1000,/workspace7/Unity3D/gabriele/Animal-AI/models_arenas/arenas_paper/box_reason_1/c2_0008.yaml,0,0,0,0,0,0.0,0.0
0.0,501,37412.543976,0,3,1000,/workspace7/Unity3D/gabriele/Animal-AI/models_arenas/arenas_paper/box_reason_1/c2_0487.yaml,0,1001,0,0,0,0.16708365,0.0
0.0,501,37429.620477,0,3,1000,/workspace7/Unity3D/gabriele/Animal-AI/models_arenas/arenas_paper/box_reason_1/c2_0804.yaml,0,1001,0,0,0,0.17348306,0.0
0.0,501,37450.284028,0,3,1000,/workspace7/Unity3D/gabriele/Animal-AI/models_arenas/arenas_paper/box_reason_1/c2_0767.yaml,0,1001,0,0,0,0.20956352,0.0
0.0,501,37467.716516,0,3,1000,/workspace7/Unity3D/gabriele/Animal-AI/models_arenas/arenas_paper/box_reason_1/c2_0490.yaml,0,1001,0,0,0,0.41605234,0.0
0.0,501,37488.134936,0,3,1000,/workspace7/Unity3D/gabriele/Animal-AI/models_arenas/arenas_paper/box_reason_1/c2_0648.yaml,0,1001,0,0,0,0.25816196,0.0
0.0,501,37505.342273,0,3,1000,/workspace7/Unity3D/gabriele/Animal-AI/models_arenas/arenas_paper/box_reason_1/c2_0086.yaml,0,1001,0,0,0,0.11857214,0.0
0.0,501,37526.169627,0,3,1000,/workspace7/Unity3D/gabriele/Animal-AI/models_arenas/arenas_paper/box_reason_1/c2_0078.yaml,0,1001,0,0,0,0.15027076,0.0
2.996,156,37530.986024,2.996000051498413,3,1000,/workspace7/Unity3D/gabriele/Animal-AI/models_arenas/arenas_paper/box_reason_1/c2_0004.yaml,0,0,0,0,0,0.0,0.0
2.996,156,37535.965939,2.996000051498413,3,1000,/workspace7/Unity3D/gabriele/Animal-AI/models_arenas/arenas_paper/box_reason_1/c2_0765.yaml,0,0,0,0,0,0.0,0.0
0.0,501,37552.818309,0,3,1000,/workspace7/Unity3D/gabriele/Animal-AI/models_arenas/arenas_paper/box_reason_1/c2_0915.yaml,0,1001,0,0,0,0.17260478,0.0
0.0,501,37573.28176,0,3,1000,/workspace7/Unity3D/gabriele/Animal-AI/models_arenas/arenas_paper/box_reason_1/c2_0801.yaml,0,1001,0,0,0,0.15758435,0.0
0.0,501,37590.434837,0,3,1000,/workspace7/Unity3D/gabriele/Animal-AI/models_arenas/arenas_paper/box_reason_1/c2_0281.yaml,0,1001,0,0,0,0.1909905,0.0
0.0,501,37611.254684,0,3,1000,/workspace7/Unity3D/gabriele/Animal-AI/models_arenas/arenas_paper/box_reason_1/c2_0539.yaml,0,1001,0,0,0,0.15516974,0.0
0.0,501,37628.264498,0,3,1000,/workspace7/Unity3D/gabriele/Animal-AI/models_arenas/arenas_paper/box_reason_1/c2_0567.yaml,0,1001,0,0,0,0.7782704,0.0
0.0,501,37648.995011,0,3,1000,/workspace7/Unity3D/gabriele/Animal-AI/models_arenas/arenas_paper/box_reason_1/c2_0406.yaml,0,1001,0,0,0,0.14009185,0.0
2.996,156,37653.98925,2.996000051498413,3,1000,/workspace7/Unity3D/gabriele/Animal-AI/models_arenas/arenas_paper/box_reason_1/c2_0344.yaml,0,0,0,0,0,0.0,0.0
2.996,156,37659.748994,2.996000051498413,3,1000,/workspace7/Unity3D/gabriele/Animal-AI/models_arenas/arenas_paper/box_reason_1/c2_0527.yaml,0,0,0,0,0,0.0,0.0
0.0,501,37680.80888,0,3,1000,/workspace7/Unity3D/gabriele/Animal-AI/models_arenas/arenas_paper/box_reason_1/c2_0728.yaml,0,1001,0,0,0,0.16739723,0.0
0.0,501,37698.10196,0,3,1000,/workspace7/Unity3D/gabriele/Animal-AI/models_arenas/arenas_paper/box_reason_1/c2_0057.yaml,0,1001,0,0,0,0.17305702,0.0
2.996,156,37702.873618,2.996000051498413,3,1000,/workspace7/Unity3D/gabriele/Animal-AI/models_arenas/arenas_paper/box_reason_1/c2_0720.yaml,0,0,0,0,0,0.0,0.0
0.0,501,37722.82868,0,3,1000,/workspace7/Unity3D/gabriele/Animal-AI/models_arenas/arenas_paper/box_reason_1/c2_0464.yaml,0,1001,0,0,0,0.46555233,0.0
0.0,501,37739.030714,0,3,1000,/workspace7/Unity3D/gabriele/Animal-AI/models_arenas/arenas_paper/box_reason_1/c2_0714.yaml,0,1001,0,0,0,0.17046292,0.0
0.0,501,37760.043802,0,3,1000,/workspace7/Unity3D/gabriele/Animal-AI/models_arenas/arenas_paper/box_reason_1/c2_0537.yaml,0,1001,0,0,0,0.34805477,0.0
0.0,501,37777.259249,0,3,1000,/workspace7/Unity3D/gabriele/Animal-AI/models_arenas/arenas_paper/box_reason_1/c2_0808.yaml,0,1001,0,0,0,1.299351,0.0
0.0,501,37797.822036,0,3,1000,/workspace7/Unity3D/gabriele/Animal-AI/models_arenas/arenas_paper/box_reason_1/c2_0119.yaml,0,1001,0,0,0,0.16600563,0.0
0.0,501,37814.706176,0,3,1000,/workspace7/Unity3D/gabriele/Animal-AI/models_arenas/arenas_paper/box_reason_1/c2_0320.yaml,0,1001,0,0,0,0.18080202,0.0
2.996,156,37823.365661,2.996000051498413,3,1000,/workspace7/Unity3D/gabriele/Animal-AI/models_arenas/arenas_paper/box_reason_1/c2_0854.yaml,0,0,0,0,0,0.0,0.0
0.0,501,37840.82178,0,3,1000,/workspace7/Unity3D/gabriele/Animal-AI/models_arenas/arenas_paper/box_reason_1/c2_0002.yaml,0,1001,0,0,0,0.22052689,0.0
0.0,501,37862.217811,0,3,1000,/workspace7/Unity3D/gabriele/Animal-AI/models_arenas/arenas_paper/box_reason_1/c2_0896.yaml,0,1001,0,0,0,0.9201724,0.0
0.0,501,37879.449499,0,3,1000,/workspace7/Unity3D/gabriele/Animal-AI/models_arenas/arenas_paper/box_reason_1/c2_0446.yaml,0,1001,0,0,0,0.15208013,0.0
0.0,501,37900.141582,0,3,1000,/workspace7/Unity3D/gabriele/Animal-AI/models_arenas/arenas_paper/box_reason_1/c2_0040.yaml,0,1001,0,0,0,0.3330144,0.0
0.0,501,37917.419599,0,3,1000,/workspace7/Unity3D/gabriele/Animal-AI/models_arenas/arenas_paper/box_reason_1/c2_0380.yaml,0,1001,0,0,0,0.12780942,0.0
2.996,156,37922.675574,2.996000051498413,3,1000,/workspace7/Unity3D/gabriele/Animal-AI/models_arenas/arenas_paper/box_reason_1/c2_0709.yaml,0,0,0,0,0,0.0,0.0
0.0,501,37943.261529,0,3,1000,/workspace7/Unity3D/gabriele/Animal-AI/models_arenas/arenas_paper/box_reason_1/c2_0958.yaml,0,1001,0,0,0,0.522631,0.0
0.0,501,37960.006405,0,3,1000,/workspace7/Unity3D/gabriele/Animal-AI/models_arenas/arenas_paper/box_reason_1/c2_0397.yaml,0,1001,0,0,0,0.11991432,0.0
0.0,501,37979.881766,0,3,1000,/workspace7/Unity3D/gabriele/Animal-AI/models_arenas/arenas_paper/box_reason_1/c2_0422.yaml,0,1001,0,0,0,0.22884345,0.0
2.996,156,37984.828335,2.996000051498413,3,1000,/workspace7/Unity3D/gabriele/Animal-AI/models_arenas/arenas_paper/box_reason_1/c2_0818.yaml,0,0,0,0,0,0.0,0.0
0.0,501,38002.018986,0,3,1000,/workspace7/Unity3D/gabriele/Animal-AI/models_arenas/arenas_paper/box_reason_1/c2_0944.yaml,0,1001,0,0,0,0.1434775,0.0
0.0,501,38022.687452,0,3,1000,/workspace7/Unity3D/gabriele/Animal-AI/models_arenas/arenas_paper/box_reason_1/c2_0168.yaml,0,1001,0,0,0,0.14433067,0.0
0.0,501,38039.87396,0,3,1000,/workspace7/Unity3D/gabriele/Animal-AI/models_arenas/arenas_paper/box_reason_1/c2_0546.yaml,0,1001,0,0,0,0.22852574,0.0
0.0,501,38060.592368,0,3,1000,/workspace7/Unity3D/gabriele/Animal-AI/models_arenas/arenas_paper/box_reason_1/c2_0914.yaml,0,1001,0,0,0,0.528579,0.0
0.0,501,38077.759983,0,3,1000,/workspace7/Unity3D/gabriele/Animal-AI/models_arenas/arenas_paper/box_reason_1/c2_0125.yaml,0,1001,0,0,0,0.80120575,0.0
0.0,501,38098.193561,0,3,1000,/workspace7/Unity3D/gabriele/Animal-AI/models_arenas/arenas_paper/box_reason_1/c2_0434.yaml,0,1001,0,0,0,0.13141029,0.0
2.996,156,38103.483209,2.996000051498413,3,1000,/workspace7/Unity3D/gabriele/Animal-AI/models_arenas/arenas_paper/box_reason_1/c2_0144.yaml,0,0,0,0,0,0.0,0.0
0.0,501,38124.314194,0,3,1000,/workspace7/Unity3D/gabriele/Animal-AI/models_arenas/arenas_paper/box_reason_1/c2_0140.yaml,0,1001,0,0,0,0.21905467,0.0
0.0,501,38141.803556,0,3,1000,/workspace7/Unity3D/gabriele/Animal-AI/models_arenas/arenas_paper/box_reason_1/c2_0474.yaml,0,1001,0,0,0,0.1480163,0.0
0.0,501,38162.335986,0,3,1000,/workspace7/Unity3D/gabriele/Animal-AI/models_arenas/arenas_paper/box_reason_1/c2_0573.yaml,0,1001,0,0,0,0.15850504,0.0
0.0,501,38179.516987,0,3,1000,/workspace7/Unity3D/gabriele/Animal-AI/models_arenas/arenas_paper/box_reason_1/c2_0711.yaml,0,1001,0,0,0,0.15733127,0.0
0.0,501,38200.171092,0,3,1000,/workspace7/Unity3D/gabriele/Animal-AI/models_arenas/arenas_paper/box_reason_1/c2_0895.yaml,0,1001,0,0,0,0.24154726,0.0
0.0,501,38216.833459,0,3,1000,/workspace7/Unity3D/gabriele/Animal-AI/models_arenas/arenas_paper/box_reason_1/c2_0743.yaml,0,1001,0,0,0,0.15518726,0.0
0.0,501,38237.398782,0,3,1000,/workspace7/Unity3D/gabriele/Animal-AI/models_arenas/arenas_paper/box_reason_1/c2_0902.yaml,0,1001,0,0,0,0.1255731,0.0
2.996,156,38242.603184,2.996000051498413,3,1000,/workspace7/Unity3D/gabriele/Animal-AI/models_arenas/arenas_paper/box_reason_1/c2_0032.yaml,0,0,0,0,0,0.0,0.0
0.0,501,38260.00265,0,3,1000,/workspace7/Unity3D/gabriele/Animal-AI/models_arenas/arenas_paper/box_reason_1/c2_0922.yaml,0,1001,0,0,0,0.13606328,0.0
0.0,501,38280.875308,0,3,1000,/workspace7/Unity3D/gabriele/Animal-AI/models_arenas/arenas_paper/box_reason_1/c2_0746.yaml,0,1001,0,0,0,0.17065254,0.0
0.0,501,38297.949857,0,3,1000,/workspace7/Unity3D/gabriele/Animal-AI/models_arenas/arenas_paper/box_reason_1/c2_0373.yaml,0,1001,0,0,0,0.22984824,0.0
0.0,501,38318.860483,0,3,1000,/workspace7/Unity3D/gabriele/Animal-AI/models_arenas/arenas_paper/box_reason_1/c2_0078.yaml,0,1001,0,0,0,0.113109946,0.0
0.0,501,38336.169179,0,3,1000,/workspace7/Unity3D/gabriele/Animal-AI/models_arenas/arenas_paper/box_reason_1/c2_0789.yaml,0,1001,0,0,0,0.28279337,0.0
0.0,501,38357.350672,0,3,1000,/workspace7/Unity3D/gabriele/Animal-AI/models_arenas/arenas_paper/box_reason_1/c2_0641.yaml,0,1001,0,0,0,0.21061203,0.0
0.0,501,38374.418499,0,3,1000,/workspace7/Unity3D/gabriele/Animal-AI/models_arenas/arenas_paper/box_reason_1/c2_0100.yaml,0,1001,0,0,0,0.1281821,0.0
0.0,501,38394.690465,0,3,1000,/workspace7/Unity3D/gabriele/Animal-AI/models_arenas/arenas_paper/box_reason_1/c2_0338.yaml,0,1001,0,0,0,0.16406916,0.0
0.0,501,38412.143807,0,3,1000,/workspace7/Unity3D/gabriele/Animal-AI/models_arenas/arenas_paper/box_reason_1/c2_0269.yaml,0,1001,0,0,0,0.13144228,0.0
0.0,501,38433.120861,0,3,1000,/workspace7/Unity3D/gabriele/Animal-AI/models_arenas/arenas_paper/box_reason_1/c2_0167.yaml,0,1001,0,0,0,0.116808586,0.0
0.0,501,38450.564403,0,3,1000,/workspace7/Unity3D/gabriele/Animal-AI/models_arenas/arenas_paper/box_reason_1/c2_0339.yaml,0,1001,0,0,0,0.08477971,0.0
0.0,501,38471.555419,0,3,1000,/workspace7/Unity3D/gabriele/Animal-AI/models_arenas/arenas_paper/box_reason_1/c2_0326.yaml,0,1001,0,0,0,0.10425564,0.0
0.0,501,38488.951997,0,3,1000,/workspace7/Unity3D/gabriele/Animal-AI/models_arenas/arenas_paper/box_reason_1/c2_0033.yaml,0,1001,0,0,0,0.120770514,0.0
0.0,501,38509.773523,0,3,1000,/workspace7/Unity3D/gabriele/Animal-AI/models_arenas/arenas_paper/box_reason_1/c2_0237.yaml,0,1001,0,0,0,0.1260819,0.0
0.0,501,38526.495049,0,3,1000,/workspace7/Unity3D/gabriele/Animal-AI/models_arenas/arenas_paper/box_reason_1/c2_0525.yaml,0,1001,0,0,0,0.073265545,0.0
0.0,501,38546.758255,0,3,1000,/workspace7/Unity3D/gabriele/Animal-AI/models_arenas/arenas_paper/box_reason_1/c2_0635.yaml,0,1001,0,0,0,0.10224733,0.0
0.0,501,38563.168382,0,3,1000,/workspace7/Unity3D/gabriele/Animal-AI/models_arenas/arenas_paper/box_reason_1/c2_0349.yaml,0,1001,0,0,0,0.09304733,0.0
0.0,501,38583.976615,0,3,1000,/workspace7/Unity3D/gabriele/Animal-AI/models_arenas/arenas_paper/box_reason_1/c2_0128.yaml,0,1001,0,0,0,0.24006012,0.0
0.0,501,38601.57309,0,3,1000,/workspace7/Unity3D/gabriele/Animal-AI/models_arenas/arenas_paper/box_reason_1/c2_0905.yaml,0,1001,0,0,0,0.20636947,0.0
0.0,501,38622.761536,0,3,1000,/workspace7/Unity3D/gabriele/Animal-AI/models_arenas/arenas_paper/box_reason_1/c2_0971.yaml,0,1001,0,0,0,0.21223769,0.0
0.0,501,38640.080309,0,3,1000,/workspace7/Unity3D/gabriele/Animal-AI/models_arenas/arenas_paper/box_reason_1/c2_0046.yaml,0,1001,0,0,0,0.1113876,0.0
0.0,501,38661.275891,0,3,1000,/workspace7/Unity3D/gabriele/Animal-AI/models_arenas/arenas_paper/box_reason_1/c2_0320.yaml,0,1001,0,0,0,0.105221346,0.0
0.0,501,38678.563612,0,3,1000,/workspace7/Unity3D/gabriele/Animal-AI/models_arenas/arenas_paper/box_reason_1/c2_0194.yaml,0,1001,0,0,0,0.14544573,0.0
2.996,156,38683.803918,2.996000051498413,3,1000,/workspace7/Unity3D/gabriele/Animal-AI/models_arenas/arenas_paper/box_reason_1/c2_0330.yaml,0,0,0,0,0,0.0,0.0
0.0,501,38704.916612,0,3,1000,/workspace7/Unity3D/gabriele/Animal-AI/models_arenas/arenas_paper/box_reason_1/c2_0508.yaml,0,1001,0,0,0,0.1249383,0.0
0.0,501,38722.230429,0,3,1000,/workspace7/Unity3D/gabriele/Animal-AI/models_arenas/arenas_paper/box_reason_1/c2_0207.yaml,0,1001,0,0,0,0.13274091,0.0
0.0,501,38743.218432,0,3,1000,/workspace7/Unity3D/gabriele/Animal-AI/models_arenas/arenas_paper/box_reason_1/c2_0215.yaml,0,1001,0,0,0,0.12339947,0.0
0.0,501,38760.368106,0,3,1000,/workspace7/Unity3D/gabriele/Animal-AI/models_arenas/arenas_paper/box_reason_1/c2_0049.yaml,0,1001,0,0,0,0.13684994,0.0
0.0,501,38779.630283,0,3,1000,/workspace7/Unity3D/gabriele/Animal-AI/models_arenas/arenas_paper/box_reason_1/c2_0449.yaml,0,1001,0,0,0,0.09601272,0.0
0.0,501,38796.254247,0,3,1000,/workspace7/Unity3D/gabriele/Animal-AI/models_arenas/arenas_paper/box_reason_1/c2_0583.yaml,0,1001,0,0,0,0.06804518,0.0
0.0,501,38816.52826,0,3,1000,/workspace7/Unity3D/gabriele/Animal-AI/models_arenas/arenas_paper/box_reason_1/c2_0043.yaml,0,1001,0,0,0,0.12263431,0.0
0.0,501,38833.754463,0,3,1000,/workspace7/Unity3D/gabriele/Animal-AI/models_arenas/arenas_paper/box_reason_1/c2_0726.yaml,0,1001,0,0,0,0.1557514,0.0
0.0,501,38854.475692,0,3,1000,/workspace7/Unity3D/gabriele/Animal-AI/models_arenas/arenas_paper/box_reason_1/c2_0995.yaml,0,1001,0,0,0,0.12367669,0.0
0.0,501,38871.862777,0,3,1000,/workspace7/Unity3D/gabriele/Animal-AI/models_arenas/arenas_paper/box_reason_1/c2_0288.yaml,0,1001,0,0,0,0.23398152,0.0
0.0,501,38892.751801,0,3,1000,/workspace7/Unity3D/gabriele/Animal-AI/models_arenas/arenas_paper/box_reason_1/c2_0711.yaml,0,1001,0,0,0,0.18223375,0.0
0.0,501,38909.574538,0,3,1000,/workspace7/Unity3D/gabriele/Animal-AI/models_arenas/arenas_paper/box_reason_1/c2_0963.yaml,0,1001,0,0,0,0.22164725,0.0
0.0,501,38930.200174,0,3,1000,/workspace7/Unity3D/gabriele/Animal-AI/models_arenas/arenas_paper/box_reason_1/c2_0778.yaml,0,1001,0,0,0,0.21213385,0.0
0.0,501,38947.707348,0,3,1000,/workspace7/Unity3D/gabriele/Animal-AI/models_arenas/arenas_paper/box_reason_1/c2_0250.yaml,0,1001,0,0,0,0.25985676,0.0
0.0,501,38968.587012,0,3,1000,/workspace7/Unity3D/gabriele/Animal-AI/models_arenas/arenas_paper/box_reason_1/c2_0360.yaml,0,1001,0,0,0,0.2554381,0.0
0.0,501,38985.821857,0,3,1000,/workspace7/Unity3D/gabriele/Animal-AI/models_arenas/arenas_paper/box_reason_1/c2_0291.yaml,0,1001,0,0,0,0.25198033,0.0
0.0,501,39006.861828,0,3,1000,/workspace7/Unity3D/gabriele/Animal-AI/models_arenas/arenas_paper/box_reason_1/c2_0247.yaml,0,1001,0,0,0,0.25277632,0.0
0.0,501,39024.130623,0,3,1000,/workspace7/Unity3D/gabriele/Animal-AI/models_arenas/arenas_paper/box_reason_1/c2_0065.yaml,0,1001,0,0,0,0.21850124,0.0
0.0,501,39045.115863,0,3,1000,/workspace7/Unity3D/gabriele/Animal-AI/models_arenas/arenas_paper/box_reason_1/c2_0272.yaml,0,1001,0,0,0,0.21381319,0.0
0.0,501,39062.385338,0,3,1000,/workspace7/Unity3D/gabriele/Animal-AI/models_arenas/arenas_paper/box_reason_1/c2_0832.yaml,0,1001,0,0,0,0.20154576,0.0
0.0,501,39083.39705,0,3,1000,/workspace7/Unity3D/gabriele/Animal-AI/models_arenas/arenas_paper/box_reason_1/c2_0192.yaml,0,1001,0,0,0,0.20222726,0.0
0.0,501,39100.644265,0,3,1000,/workspace7/Unity3D/gabriele/Animal-AI/models_arenas/arenas_paper/box_reason_1/c2_0134.yaml,0,1001,0,0,0,0.1856773,0.0
0.0,501,39120.318352,0,3,1000,/workspace7/Unity3D/gabriele/Animal-AI/models_arenas/arenas_paper/box_reason_1/c2_0343.yaml,0,1001,0,0,0,0.61452556,0.0
0.0,501,39137.432169,0,3,1000,/workspace7/Unity3D/gabriele/Animal-AI/models_arenas/arenas_paper/box_reason_1/c2_0422.yaml,0,1001,0,0,0,0.20428467,0.0
0.0,501,39158.119523,0,3,1000,/workspace7/Unity3D/gabriele/Animal-AI/models_arenas/arenas_paper/box_reason_1/c2_0170.yaml,0,1001,0,0,0,0.19501914,0.0
0.0,501,39175.523498,0,3,1000,/workspace7/Unity3D/gabriele/Animal-AI/models_arenas/arenas_paper/box_reason_1/c2_0336.yaml,0,1001,0,0,0,1.0285972,0.0
0.0,501,39195.932267,0,3,1000,/workspace7/Unity3D/gabriele/Animal-AI/models_arenas/arenas_paper/box_reason_1/c2_0723.yaml,0,1001,0,0,0,0.2508182,0.0
0.0,501,39212.675392,0,3,1000,/workspace7/Unity3D/gabriele/Animal-AI/models_arenas/arenas_paper/box_reason_1/c2_0572.yaml,0,1001,0,0,0,0.21615723,0.0
0.0,501,39233.102397,0,3,1000,/workspace7/Unity3D/gabriele/Animal-AI/models_arenas/arenas_paper/box_reason_1/c2_0697.yaml,0,1001,0,0,0,0.20477119,0.0
0.0,501,39249.438397,0,3,1000,/workspace7/Unity3D/gabriele/Animal-AI/models_arenas/arenas_paper/box_reason_1/c2_0014.yaml,0,1001,0,0,0,0.19640839,0.0
0.0,501,39269.868271,0,3,1000,/workspace7/Unity3D/gabriele/Animal-AI/models_arenas/arenas_paper/box_reason_1/c2_0695.yaml,0,1001,0,0,0,0.09941551,0.0
0.0,501,39286.81894,0,3,1000,/workspace7/Unity3D/gabriele/Animal-AI/models_arenas/arenas_paper/box_reason_1/c2_0141.yaml,0,1001,0,0,0,0.22047377,0.0
2.996,156,39295.589035,2.996000051498413,3,1000,/workspace7/Unity3D/gabriele/Animal-AI/models_arenas/arenas_paper/box_reason_1/c2_0086.yaml,0,0,0,0,0,0.0,0.0
0.0,501,39312.330123,0,3,1000,/workspace7/Unity3D/gabriele/Animal-AI/models_arenas/arenas_paper/box_reason_1/c2_0573.yaml,0,1001,0,0,0,0.2151459,0.0
0.0,501,39333.094233,0,3,1000,/workspace7/Unity3D/gabriele/Animal-AI/models_arenas/arenas_paper/box_reason_1/c2_0426.yaml,0,1001,0,0,0,0.24778803,0.0
0.0,501,39350.294225,0,3,1000,/workspace7/Unity3D/gabriele/Animal-AI/models_arenas/arenas_paper/box_reason_1/c2_0766.yaml,0,1001,0,0,0,0.24831095,0.0
0.0,501,39370.496157,0,3,1000,/workspace7/Unity3D/gabriele/Animal-AI/models_arenas/arenas_paper/box_reason_1/c2_0043.yaml,0,1001,0,0,0,0.4103216,0.0
0.0,501,39387.700295,0,3,1000,/workspace7/Unity3D/gabriele/Animal-AI/models_arenas/arenas_paper/box_reason_1/c2_0082.yaml,0,1001,0,0,0,0.26470587,0.0
0.0,501,39408.285752,0,3,1000,/workspace7/Unity3D/gabriele/Animal-AI/models_arenas/arenas_paper/box_reason_1/c2_0714.yaml,0,1001,0,0,0,0.2724053,0.0
0.0,501,39424.953746,0,3,1000,/workspace7/Unity3D/gabriele/Animal-AI/models_arenas/arenas_paper/box_reason_1/c2_0256.yaml,0,1001,0,0,0,0.17397973,0.0
0.0,501,39445.735729,0,3,1000,/workspace7/Unity3D/gabriele/Animal-AI/models_arenas/arenas_paper/box_reason_1/c2_0447.yaml,0,1001,0,0,0,0.29752147,0.0
0.0,501,39463.645328,0,3,1000,/workspace7/Unity3D/gabriele/Animal-AI/models_arenas/arenas_paper/box_reason_1/c2_0212.yaml,0,1001,0,0,0,0.2894597,0.0
0.0,501,39483.573923,0,3,1000,/workspace7/Unity3D/gabriele/Animal-AI/models_arenas/arenas_paper/box_reason_1/c2_0784.yaml,0,1001,0,0,0,0.26570624,0.0
0.0,501,39500.964233,0,3,1000,/workspace7/Unity3D/gabriele/Animal-AI/models_arenas/arenas_paper/box_reason_1/c2_0584.yaml,0,1001,0,0,0,0.17144415,0.0
0.0,501,39521.795156,0,3,1000,/workspace7/Unity3D/gabriele/Animal-AI/models_arenas/arenas_paper/box_reason_1/c2_0259.yaml,0,1001,0,0,0,0.14529565,0.0
0.0,501,39538.968668,0,3,1000,/workspace7/Unity3D/gabriele/Animal-AI/models_arenas/arenas_paper/box_reason_1/c2_0667.yaml,0,1001,0,0,0,0.263156,0.0
0.0,501,39559.843038,0,3,1000,/workspace7/Unity3D/gabriele/Animal-AI/models_arenas/arenas_paper/box_reason_1/c2_0312.yaml,0,1001,0,0,0,0.20914796,0.0
0.0,501,39576.550591,0,3,1000,/workspace7/Unity3D/gabriele/Animal-AI/models_arenas/arenas_paper/box_reason_1/c2_0128.yaml,0,1001,0,0,0,0.23824987,0.0
0.0,501,39596.914774,0,3,1000,/workspace7/Unity3D/gabriele/Animal-AI/models_arenas/arenas_paper/box_reason_1/c2_0205.yaml,0,1001,0,0,0,0.28004467,0.0
0.0,501,39614.07062,0,3,1000,/workspace7/Unity3D/gabriele/Animal-AI/models_arenas/arenas_paper/box_reason_1/c2_0200.yaml,0,1001,0,0,0,0.15219274,0.0
0.0,501,39634.364473,0,3,1000,/workspace7/Unity3D/gabriele/Animal-AI/models_arenas/arenas_paper/box_reason_1/c2_0173.yaml,0,1001,0,0,0,0.16286746,0.0
0.0,501,39651.63035,0,3,1000,/workspace7/Unity3D/gabriele/Animal-AI/models_arenas/arenas_paper/box_reason_1/c2_0918.yaml,0,1001,0,0,0,0.3345226,0.0
0.0,501,39671.878869,0,3,1000,/workspace7/Unity3D/gabriele/Animal-AI/models_arenas/arenas_paper/box_reason_1/c2_0696.yaml,0,1001,0,0,0,0.31167483,0.0
2.996,156,39676.896744,2.996000051498413,3,1000,/workspace7/Unity3D/gabriele/Animal-AI/models_arenas/arenas_paper/box_reason_1/c2_0283.yaml,0,0,0,0,0,0.0,0.0
2.996,156,39681.857716,2.996000051498413,3,1000,/workspace7/Unity3D/gabriele/Animal-AI/models_arenas/arenas_paper/box_reason_1/c2_0222.yaml,0,0,0,0,0,0.0,0.0
0.0,501,39698.807808,0,3,1000,/workspace7/Unity3D/gabriele/Animal-AI/models_arenas/arenas_paper/box_reason_1/c2_0659.yaml,0,1001,0,0,0,0.36922377,0.0
0.0,501,39719.033105,0,3,1000,/workspace7/Unity3D/gabriele/Animal-AI/models_arenas/arenas_paper/box_reason_1/c2_0026.yaml,0,1001,0,0,0,0.34064975,0.0
0.0,501,39736.019188,0,3,1000,/workspace7/Unity3D/gabriele/Animal-AI/models_arenas/arenas_paper/box_reason_1/c2_0132.yaml,0,1001,0,0,0,0.3310722,0.0
0.0,501,39756.741378,0,3,1000,/workspace7/Unity3D/gabriele/Animal-AI/models_arenas/arenas_paper/box_reason_1/c2_0745.yaml,0,1001,0,0,0,0.30504474,0.0
0.0,501,39773.498001,0,3,1000,/workspace7/Unity3D/gabriele/Animal-AI/models_arenas/arenas_paper/box_reason_1/c2_0735.yaml,0,1001,0,0,0,0.23509601,0.0
0.0,501,39794.031162,0,3,1000,/workspace7/Unity3D/gabriele/Animal-AI/models_arenas/arenas_paper/box_reason_1/c2_0511.yaml,0,1001,0,0,0,0.2628239,0.0
0.0,501,39810.385536,0,3,1000,/workspace7/Unity3D/gabriele/Animal-AI/models_arenas/arenas_paper/box_reason_1/c2_0562.yaml,0,1001,0,0,0,0.20646827,0.0
0.0,501,39830.903578,0,3,1000,/workspace7/Unity3D/gabriele/Animal-AI/models_arenas/arenas_paper/box_reason_1/c2_0032.yaml,0,1001,0,0,0,0.22698689,0.0
0.0,501,39847.729574,0,3,1000,/workspace7/Unity3D/gabriele/Animal-AI/models_arenas/arenas_paper/box_reason_1/c2_0660.yaml,0,1001,0,0,0,0.22078869,0.0
0.0,501,39868.104668,0,3,1000,/workspace7/Unity3D/gabriele/Animal-AI/models_arenas/arenas_paper/box_reason_1/c2_0248.yaml,0,1001,0,0,0,0.9928938,0.0
0.0,501,39885.325272,0,3,1000,/workspace7/Unity3D/gabriele/Animal-AI/models_arenas/arenas_paper/box_reason_1/c2_0501.yaml,0,1001,0,0,0,0.2472512,0.0
0.0,501,39906.364756,0,3,1000,/workspace7/Unity3D/gabriele/Animal-AI/models_arenas/arenas_paper/box_reason_1/c2_0251.yaml,0,1001,0,0,0,0.24993744,0.0
0.0,501,39923.607941,0,3,1000,/workspace7/Unity3D/gabriele/Animal-AI/models_arenas/arenas_paper/box_reason_1/c2_0257.yaml,0,1001,0,0,0,0.19198045,0.0
0.0,501,39944.184346,0,3,1000,/workspace7/Unity3D/gabriele/Animal-AI/models_arenas/arenas_paper/box_reason_1/c2_0320.yaml,0,1001,0,0,0,0.22088104,0.0
0.0,501,39961.412126,0,3,1000,/workspace7/Unity3D/gabriele/Animal-AI/models_arenas/arenas_paper/box_reason_1/c2_0718.yaml,0,1001,0,0,0,0.15123801,0.0
0.0,501,39982.212309,0,3,1000,/workspace7/Unity3D/gabriele/Animal-AI/models_arenas/arenas_paper/box_reason_1/c2_0828.yaml,0,1001,0,0,0,0.28381088,0.0
2.996,156,39987.47124,2.996000051498413,3,1000,/workspace7/Unity3D/gabriele/Animal-AI/models_arenas/arenas_paper/box_reason_1/c2_0298.yaml,0,0,0,0,0,0.0,0.0
2.996,156,39992.691341,2.996000051498413,3,1000,/workspace7/Unity3D/gabriele/Animal-AI/models_arenas/arenas_paper/box_reason_1/c2_0244.yaml,0,0,0,0,0,0.0,0.0
0.0,501,40013.620062,0,3,1000,/workspace7/Unity3D/gabriele/Animal-AI/models_arenas/arenas_paper/box_reason_1/c2_0661.yaml,0,1001,0,0,0,0.14714658,0.0
0.0,501,40030.943419,0,3,1000,/workspace7/Unity3D/gabriele/Animal-AI/models_arenas/arenas_paper/box_reason_1/c2_0313.yaml,0,1001,0,0,0,0.2176098,0.0
0.0,501,40051.935254,0,3,1000,/workspace7/Unity3D/gabriele/Animal-AI/models_arenas/arenas_paper/box_reason_1/c2_0988.yaml,0,1001,0,0,0,0.46082354,0.0
0.0,501,40069.260792,0,3,1000,/workspace7/Unity3D/gabriele/Animal-AI/models_arenas/arenas_paper/box_reason_1/c2_0119.yaml,0,1001,0,0,0,0.1354841,0.0
0.0,501,40090.042815,0,3,1000,/workspace7/Unity3D/gabriele/Animal-AI/models_arenas/arenas_paper/box_reason_1/c2_0377.yaml,0,1001,0,0,0,0.22571483,0.0
0.0,501,40106.991874,0,3,1000,/workspace7/Unity3D/gabriele/Animal-AI/models_arenas/arenas_paper/box_reason_1/c2_0003.yaml,0,1001,0,0,0,0.1670441,0.0
0.0,501,40127.623636,0,3,1000,/workspace7/Unity3D/gabriele/Animal-AI/models_arenas/arenas_paper/box_reason_1/c2_0755.yaml,0,1001,0,0,0,0.2167854,0.0
2.996,156,40132.863468,2.996000051498413,3,1000,/workspace7/Unity3D/gabriele/Animal-AI/models_arenas/arenas_paper/box_reason_1/c2_0122.yaml,0,0,0,0,0,0.0,0.0
0.0,501,40150.185079,0,3,1000,/workspace7/Unity3D/gabriele/Animal-AI/models_arenas/arenas_paper/box_reason_1/c2_0911.yaml,0,1001,0,0,0,0.20906475,0.0
0.0,501,40171.253082,0,3,1000,/workspace7/Unity3D/gabriele/Animal-AI/models_arenas/arenas_paper/box_reason_1/c2_0445.yaml,0,1001,0,0,0,0.1990479,0.0
0.0,501,40188.634763,0,3,1000,/workspace7/Unity3D/gabriele/Animal-AI/models_arenas/arenas_paper/box_reason_1/c2_0577.yaml,0,1001,0,0,0,0.1797848,0.0
0.0,501,40208.956194,0,3,1000,/workspace7/Unity3D/gabriele/Animal-AI/models_arenas/arenas_paper/box_reason_1/c2_0844.yaml,0,1001,0,0,0,0.1801835,0.0
0.0,501,40226.242409,0,3,1000,/workspace7/Unity3D/gabriele/Animal-AI/models_arenas/arenas_paper/box_reason_1/c2_0970.yaml,0,1001,0,0,0,0.15504399,0.0
0.0,501,40246.463296,0,3,1000,/workspace7/Unity3D/gabriele/Animal-AI/models_arenas/arenas_paper/box_reason_1/c2_0485.yaml,0,1001,0,0,0,0.19019856,0.0
0.0,501,40263.76764,0,3,1000,/workspace7/Unity3D/gabriele/Animal-AI/models_arenas/arenas_paper/box_reason_1/c2_0255.yaml,0,1001,0,0,0,0.22074953,0.0
0.0,501,40284.679369,0,3,1000,/workspace7/Unity3D/gabriele/Animal-AI/models_arenas/arenas_paper/box_reason_1/c2_0508.yaml,0,1001,0,0,0,0.24654566,0.0
0.0,501,40302.079519,0,3,1000,/workspace7/Unity3D/gabriele/Animal-AI/models_arenas/arenas_paper/box_reason_1/c2_0873.yaml,0,1001,0,0,0,0.15289101,0.0
0.0,501,40323.151648,0,3,1000,/workspace7/Unity3D/gabriele/Animal-AI/models_arenas/arenas_paper/box_reason_1/c2_0729.yaml,0,1001,0,0,0,0.15137531,0.0
0.0,501,40340.565485,0,3,1000,/workspace7/Unity3D/gabriele/Animal-AI/models_arenas/arenas_paper/box_reason_1/c2_0297.yaml,0,1001,0,0,0,0.17906018,0.0
0.0,501,40360.932148,0,3,1000,/workspace7/Unity3D/gabriele/Animal-AI/models_arenas/arenas_paper/box_reason_1/c2_0558.yaml,0,1001,0,0,0,0.16873732,0.0
0.0,501,40377.610147,0,3,1000,/workspace7/Unity3D/gabriele/Animal-AI/models_arenas/arenas_paper/box_reason_1/c2_0580.yaml,0,1001,0,0,0,0.11428044,0.0
2.996,156,40386.43219,2.996000051498413,3,1000,/workspace7/Unity3D/gabriele/Animal-AI/models_arenas/arenas_paper/box_reason_1/c2_0345.yaml,0,0,0,0,0,0.0,0.0
0.0,501,40403.490952,0,3,1000,/workspace7/Unity3D/gabriele/Animal-AI/models_arenas/arenas_paper/box_reason_1/c2_0454.yaml,0,1001,0,0,0,0.16517653,0.0
0.0,501,40423.186283,0,3,1000,/workspace7/Unity3D/gabriele/Animal-AI/models_arenas/arenas_paper/box_reason_1/c2_0181.yaml,0,1001,0,0,0,0.31768632,0.0
2.996,156,40428.016374,2.996000051498413,3,1000,/workspace7/Unity3D/gabriele/Animal-AI/models_arenas/arenas_paper/box_reason_1/c2_0719.yaml,0,0,0,0,0,0.0,0.0
0.0,501,40444.540972,0,3,1000,/workspace7/Unity3D/gabriele/Animal-AI/models_arenas/arenas_paper/box_reason_1/c2_0601.yaml,0,1001,0,0,0,0.36795813,0.0
0.0,501,40464.960095,0,3,1000,/workspace7/Unity3D/gabriele/Animal-AI/models_arenas/arenas_paper/box_reason_1/c2_0966.yaml,0,1001,0,0,0,0.29244632,0.0
0.0,501,40482.34867,0,3,1000,/workspace7/Unity3D/gabriele/Animal-AI/models_arenas/arenas_paper/box_reason_1/c2_0718.yaml,0,1001,0,0,0,0.27596897,0.0
0.0,501,40503.079129,0,3,1000,/workspace7/Unity3D/gabriele/Animal-AI/models_arenas/arenas_paper/box_reason_1/c2_0961.yaml,0,1001,0,0,0,0.61465025,0.0
0.0,501,40520.380953,0,3,1000,/workspace7/Unity3D/gabriele/Animal-AI/models_arenas/arenas_paper/box_reason_1/c2_0324.yaml,0,1001,0,0,0,0.2618061,0.0
0.0,501,40541.240623,0,3,1000,/workspace7/Unity3D/gabriele/Animal-AI/models_arenas/arenas_paper/box_reason_1/c2_0800.yaml,0,1001,0,0,0,0.1437823,0.0
0.0,501,40558.70324,0,3,1000,/workspace7/Unity3D/gabriele/Animal-AI/models_arenas/arenas_paper/box_reason_1/c2_0263.yaml,0,1001,0,0,0,0.15833876,0.0
0.0,501,40579.355051,0,3,1000,/workspace7/Unity3D/gabriele/Animal-AI/models_arenas/arenas_paper/box_reason_1/c2_0475.yaml,0,1001,0,0,0,0.18972638,0.0
0.0,501,40596.42821,0,3,1000,/workspace7/Unity3D/gabriele/Animal-AI/models_arenas/arenas_paper/box_reason_1/c2_0776.yaml,0,1001,0,0,0,0.1440559,0.0
0.0,501,40616.861641,0,3,1000,/workspace7/Unity3D/gabriele/Animal-AI/models_arenas/arenas_paper/box_reason_1/c2_0627.yaml,0,1001,0,0,0,0.4656918,0.0
0.0,501,40634.370101,0,3,1000,/workspace7/Unity3D/gabriele/Animal-AI/models_arenas/arenas_paper/box_reason_1/c2_0343.yaml,0,1001,0,0,0,0.11707376,0.0
0.0,501,40655.183259,0,3,1000,/workspace7/Unity3D/gabriele/Animal-AI/models_arenas/arenas_paper/box_reason_1/c2_0096.yaml,0,1001,0,0,0,0.62029195,0.0
0.0,501,40672.544703,0,3,1000,/workspace7/Unity3D/gabriele/Animal-AI/models_arenas/arenas_paper/box_reason_1/c2_0284.yaml,0,1001,0,0,0,0.17158616,0.0
0.0,501,40693.384834,0,3,1000,/workspace7/Unity3D/gabriele/Animal-AI/models_arenas/arenas_paper/box_reason_1/c2_0321.yaml,0,1001,0,0,0,0.23917681,0.0
0.0,501,40710.211745,0,3,1000,/workspace7/Unity3D/gabriele/Animal-AI/models_arenas/arenas_paper/box_reason_1/c2_0025.yaml,0,1001,0,0,0,0.18209557,0.0
0.0,501,40730.511988,0,3,1000,/workspace7/Unity3D/gabriele/Animal-AI/models_arenas/arenas_paper/box_reason_1/c2_0361.yaml,0,1001,0,0,0,0.12184924,0.0
0.0,501,40746.726985,0,3,1000,/workspace7/Unity3D/gabriele/Animal-AI/models_arenas/arenas_paper/box_reason_1/c2_0990.yaml,0,1001,0,0,0,0.19906442,0.0
0.0,501,40766.953072,0,3,1000,/workspace7/Unity3D/gabriele/Animal-AI/models_arenas/arenas_paper/box_reason_1/c2_0518.yaml,0,1001,0,0,0,0.22065014,0.0
0.0,501,40783.99921,0,3,1000,/workspace7/Unity3D/gabriele/Animal-AI/models_arenas/arenas_paper/box_reason_1/c2_0202.yaml,0,1001,0,0,0,0.24381712,0.0
0.0,501,40804.883192,0,3,1000,/workspace7/Unity3D/gabriele/Animal-AI/models_arenas/arenas_paper/box_reason_1/c2_0154.yaml,0,1001,0,0,0,0.20625238,0.0
0.0,501,40821.634023,0,3,1000,/workspace7/Unity3D/gabriele/Animal-AI/models_arenas/arenas_paper/box_reason_1/c2_0326.yaml,0,1001,0,0,0,0.216109,0.0
0.0,501,40842.139767,0,3,1000,/workspace7/Unity3D/gabriele/Animal-AI/models_arenas/arenas_paper/box_reason_1/c2_0392.yaml,0,1001,0,0,0,0.3055821,0.0
0.0,501,40859.659815,0,3,1000,/workspace7/Unity3D/gabriele/Animal-AI/models_arenas/arenas_paper/box_reason_1/c2_0311.yaml,0,1001,0,0,0,0.29194295,0.0
0.0,501,40880.694498,0,3,1000,/workspace7/Unity3D/gabriele/Animal-AI/models_arenas/arenas_paper/box_reason_1/c2_0293.yaml,0,1001,0,0,0,0.2163294,0.0
0.0,501,40898.178606,0,3,1000,/workspace7/Unity3D/gabriele/Animal-AI/models_arenas/arenas_paper/box_reason_1/c2_0736.yaml,0,1001,0,0,0,0.14041163,0.0
0.0,501,40918.545714,0,3,1000,/workspace7/Unity3D/gabriele/Animal-AI/models_arenas/arenas_paper/box_reason_1/c2_0280.yaml,0,1001,0,0,0,0.29657307,0.0
0.0,501,40935.916255,0,3,1000,/workspace7/Unity3D/gabriele/Animal-AI/models_arenas/arenas_paper/box_reason_1/c2_0444.yaml,0,1001,0,0,0,0.14338234,0.0
0.0,501,40956.974297,0,3,1000,/workspace7/Unity3D/gabriele/Animal-AI/models_arenas/arenas_paper/box_reason_1/c2_0682.yaml,0,1001,0,0,0,0.83151317,0.0
0.0,501,40974.331323,0,3,1000,/workspace7/Unity3D/gabriele/Animal-AI/models_arenas/arenas_paper/box_reason_1/c2_0766.yaml,0,1001,0,0,0,0.16968834,0.0
0.0,501,40994.865773,0,3,1000,/workspace7/Unity3D/gabriele/Animal-AI/models_arenas/arenas_paper/box_reason_1/c2_0711.yaml,0,1001,0,0,0,0.1556178,0.0
0.0,501,41012.303626,0,3,1000,/workspace7/Unity3D/gabriele/Animal-AI/models_arenas/arenas_paper/box_reason_1/c2_0275.yaml,0,1001,0,0,0,0.21426757,0.0
2.996,156,41017.529509,2.996000051498413,3,1000,/workspace7/Unity3D/gabriele/Animal-AI/models_arenas/arenas_paper/box_reason_1/c2_0753.yaml,0,0,0,0,0,0.0,0.0
2.996,156,41026.302382,2.996000051498413,3,1000,/workspace7/Unity3D/gabriele/Animal-AI/models_arenas/arenas_paper/box_reason_1/c2_0173.yaml,0,0,0,0,0,0.0,0.0
0.0,501,41043.748744,0,3,1000,/workspace7/Unity3D/gabriele/Animal-AI/models_arenas/arenas_paper/box_reason_1/c2_0074.yaml,0,1001,0,0,0,0.22463194,0.0
2.996,156,41048.996576,2.996000051498413,3,1000,/workspace7/Unity3D/gabriele/Animal-AI/models_arenas/arenas_paper/box_reason_1/c2_0820.yaml,0,0,0,0,0,0.0,0.0
0.0,501,41068.729865,0,3,1000,/workspace7/Unity3D/gabriele/Animal-AI/models_arenas/arenas_paper/box_reason_1/c2_0109.yaml,0,1001,0,0,0,0.13392915,0.0
0.0,501,41086.112594,0,3,1000,/workspace7/Unity3D/gabriele/Animal-AI/models_arenas/arenas_paper/box_reason_1/c2_0841.yaml,0,1001,0,0,0,0.19147545,0.0
0.0,501,41106.125951,0,3,1000,/workspace7/Unity3D/gabriele/Animal-AI/models_arenas/arenas_paper/box_reason_1/c2_0249.yaml,0,1001,0,0,0,0.11723788,0.0
0.0,501,41123.221273,0,3,1000,/workspace7/Unity3D/gabriele/Animal-AI/models_arenas/arenas_paper/box_reason_1/c2_0919.yaml,0,1001,0,0,0,0.13045019,0.0
0.0,501,41143.886284,0,3,1000,/workspace7/Unity3D/gabriele/Animal-AI/models_arenas/arenas_paper/box_reason_1/c2_0296.yaml,0,1001,0,0,0,0.17364952,0.0
0.0,501,41161.050477,0,3,1000,/workspace7/Unity3D/gabriele/Animal-AI/models_arenas/arenas_paper/box_reason_1/c2_0068.yaml,0,1001,0,0,0,0.15311706,0.0
0.0,501,41181.79372,0,3,1000,/workspace7/Unity3D/gabriele/Animal-AI/models_arenas/arenas_paper/box_reason_1/c2_0845.yaml,0,1001,0,0,0,0.16076586,0.0
0.0,501,41199.242119,0,3,1000,/workspace7/Unity3D/gabriele/Animal-AI/models_arenas/arenas_paper/box_reason_1/c2_0543.yaml,0,1001,0,0,0,0.82719135,0.0
0.0,501,41220.201518,0,3,1000,/workspace7/Unity3D/gabriele/Animal-AI/models_arenas/arenas_paper/box_reason_1/c2_0274.yaml,0,1001,0,0,0,0.127197,0.0
0.0,501,41237.401496,0,3,1000,/workspace7/Unity3D/gabriele/Animal-AI/models_arenas/arenas_paper/box_reason_1/c2_0832.yaml,0,1001,0,0,0,0.13455336,0.0
0.0,501,41258.504368,0,3,1000,/workspace7/Unity3D/gabriele/Animal-AI/models_arenas/arenas_paper/box_reason_1/c2_0710.yaml,0,1001,0,0,0,0.1386908,0.0
0.0,501,41276.167507,0,3,1000,/workspace7/Unity3D/gabriele/Animal-AI/models_arenas/arenas_paper/box_reason_1/c2_0128.yaml,0,1001,0,0,0,0.118296355,0.0
0.0,501,41296.76231,0,3,1000,/workspace7/Unity3D/gabriele/Animal-AI/models_arenas/arenas_paper/box_reason_1/c2_0356.yaml,0,1001,0,0,0,0.18022071,0.0
0.0,501,41314.100282,0,3,1000,/workspace7/Unity3D/gabriele/Animal-AI/models_arenas/arenas_paper/box_reason_1/c2_0240.yaml,0,1001,0,0,0,0.16889662,0.0
0.0,501,41334.897146,0,3,1000,/workspace7/Unity3D/gabriele/Animal-AI/models_arenas/arenas_paper/box_reason_1/c2_0618.yaml,0,1001,0,0,0,0.17191732,0.0
0.0,501,41351.91119,0,3,1000,/workspace7/Unity3D/gabriele/Animal-AI/models_arenas/arenas_paper/box_reason_1/c2_0256.yaml,0,1001,0,0,0,0.38296825,0.0
0.0,501,41372.499748,0,3,1000,/workspace7/Unity3D/gabriele/Animal-AI/models_arenas/arenas_paper/box_reason_1/c2_0338.yaml,0,1001,0,0,0,0.26438135,0.0
0.0,501,41389.486293,0,3,1000,/workspace7/Unity3D/gabriele/Animal-AI/models_arenas/arenas_paper/box_reason_1/c2_0645.yaml,0,1001,0,0,0,0.88274044,0.0
0.0,501,41410.205478,0,3,1000,/workspace7/Unity3D/gabriele/Animal-AI/models_arenas/arenas_paper/box_reason_1/c2_0558.yaml,0,1001,0,0,0,0.107429266,0.0
0.0,501,41426.554011,0,3,1000,/workspace7/Unity3D/gabriele/Animal-AI/models_arenas/arenas_paper/box_reason_1/c2_0589.yaml,0,1001,0,0,0,0.17173481,0.0
0.0,501,41447.161188,0,3,1000,/workspace7/Unity3D/gabriele/Animal-AI/models_arenas/arenas_paper/box_reason_1/c2_0628.yaml,0,1001,0,0,0,0.16400684,0.0
0.0,501,41464.200303,0,3,1000,/workspace7/Unity3D/gabriele/Animal-AI/models_arenas/arenas_paper/box_reason_1/c2_0420.yaml,0,1001,0,0,0,0.16476123,0.0
0.0,501,41484.545408,0,3,1000,/workspace7/Unity3D/gabriele/Animal-AI/models_arenas/arenas_paper/box_reason_1/c2_0140.yaml,0,1001,0,0,0,0.17628895,0.0
0.0,501,41501.814229,0,3,1000,/workspace7/Unity3D/gabriele/Animal-AI/models_arenas/arenas_paper/box_reason_1/c2_0075.yaml,0,1001,0,0,0,0.18296331,0.0
0.0,501,41522.394675,0,3,1000,/workspace7/Unity3D/gabriele/Animal-AI/models_arenas/arenas_paper/box_reason_1/c2_0014.yaml,0,1001,0,0,0,0.1953388,0.0
0.0,501,41539.331444,0,3,1000,/workspace7/Unity3D/gabriele/Animal-AI/models_arenas/arenas_paper/box_reason_1/c2_0763.yaml,0,1001,0,0,0,0.8707582,0.0
0.0,501,41559.664164,0,3,1000,/workspace7/Unity3D/gabriele/Animal-AI/models_arenas/arenas_paper/box_reason_1/c2_0186.yaml,0,1001,0,0,0,0.368127,0.0
0.0,501,41576.792806,0,3,1000,/workspace7/Unity3D/gabriele/Animal-AI/models_arenas/arenas_paper/box_reason_1/c2_0349.yaml,0,1001,0,0,0,0.13716052,0.0
0.0,501,41597.212321,0,3,1000,/workspace7/Unity3D/gabriele/Animal-AI/models_arenas/arenas_paper/box_reason_1/c2_0828.yaml,0,1001,0,0,0,0.101028875,0.0
0.0,501,41613.90486,0,3,1000,/workspace7/Unity3D/gabriele/Animal-AI/models_arenas/arenas_paper/box_reason_1/c2_0620.yaml,0,1001,0,0,0,0.15774322,0.0
0.0,501,41634.842576,0,3,1000,/workspace7/Unity3D/gabriele/Animal-AI/models_arenas/arenas_paper/box_reason_1/c2_0113.yaml,0,1001,0,0,0,1.7244323,0.0
0.0,501,41651.993341,0,3,1000,/workspace7/Unity3D/gabriele/Animal-AI/models_arenas/arenas_paper/box_reason_1/c2_0162.yaml,0,1001,0,0,0,0.16637506,0.0
0.0,501,41672.482603,0,3,1000,/workspace7/Unity3D/gabriele/Animal-AI/models_arenas/arenas_paper/box_reason_1/c2_0353.yaml,0,1001,0,0,0,0.37218174,0.0
0.0,501,41689.676651,0,3,1000,/workspace7/Unity3D/gabriele/Animal-AI/models_arenas/arenas_paper/box_reason_1/c2_0317.yaml,0,1001,0,0,0,0.1440276,0.0
0.0,501,41710.673352,0,3,1000,/workspace7/Unity3D/gabriele/Animal-AI/models_arenas/arenas_paper/box_reason_1/c2_0429.yaml,0,1001,0,0,0,0.14153978,0.0
0.0,501,41727.742339,0,3,1000,/workspace7/Unity3D/gabriele/Animal-AI/models_arenas/arenas_paper/box_reason_1/c2_0427.yaml,0,1001,0,0,0,0.1617339,0.0
0.0,501,41748.387072,0,3,1000,/workspace7/Unity3D/gabriele/Animal-AI/models_arenas/arenas_paper/box_reason_1/c2_0071.yaml,0,1001,0,0,0,0.12901422,0.0
0.0,501,41765.369634,0,3,1000,/workspace7/Unity3D/gabriele/Animal-AI/models_arenas/arenas_paper/box_reason_1/c2_0439.yaml,0,1001,0,0,0,0.14672732,0.0
0.0,501,41785.518787,0,3,1000,/workspace7/Unity3D/gabriele/Animal-AI/models_arenas/arenas_paper/box_reason_1/c2_0327.yaml,0,1001,0,0,0,0.2454299,0.0
0.0,501,41802.301772,0,3,1000,/workspace7/Unity3D/gabriele/Animal-AI/models_arenas/arenas_paper/box_reason_1/c2_0641.yaml,0,1001,0,0,0,0.86558056,0.0
0.0,501,41823.124288,0,3,1000,/workspace7/Unity3D/gabriele/Animal-AI/models_arenas/arenas_paper/box_reason_1/c2_0219.yaml,0,1001,0,0,0,0.13669018,0.0
0.0,501,41840.221698,0,3,1000,/workspace7/Unity3D/gabriele/Animal-AI/models_arenas/arenas_paper/box_reason_1/c2_0064.yaml,0,1001,0,0,0,0.14448242,0.0
0.0,501,41861.24448,0,3,1000,/workspace7/Unity3D/gabriele/Animal-AI/models_arenas/arenas_paper/box_reason_1/c2_0146.yaml,0,1001,0,0,0,0.13352272,0.0
2.996,156,41866.454803,2.996000051498413,3,1000,/workspace7/Unity3D/gabriele/Animal-AI/models_arenas/arenas_paper/box_reason_1/c2_0973.yaml,0,0,0,0,0,0.0,0.0
0.0,501,41883.855964,0,3,1000,/workspace7/Unity3D/gabriele/Animal-AI/models_arenas/arenas_paper/box_reason_1/c2_0979.yaml,0,1001,0,0,0,0.1510426,0.0
0.0,501,41904.789072,0,3,1000,/workspace7/Unity3D/gabriele/Animal-AI/models_arenas/arenas_paper/box_reason_1/c2_0549.yaml,0,1001,0,0,0,0.21835832,0.0
0.0,501,41921.409981,0,3,1000,/workspace7/Unity3D/gabriele/Animal-AI/models_arenas/arenas_paper/box_reason_1/c2_0960.yaml,0,1001,0,0,0,0.12672642,0.0
0.0,501,41941.896463,0,3,1000,/workspace7/Unity3D/gabriele/Animal-AI/models_arenas/arenas_paper/box_reason_1/c2_0236.yaml,0,1001,0,0,0,0.3016733,0.0
0.0,501,41959.157967,0,3,1000,/workspace7/Unity3D/gabriele/Animal-AI/models_arenas/arenas_paper/box_reason_1/c2_0839.yaml,0,1001,0,0,0,0.17794001,0.0
0.0,501,41979.439706,0,3,1000,/workspace7/Unity3D/gabriele/Animal-AI/models_arenas/arenas_paper/box_reason_1/c2_0260.yaml,0,1001,0,0,0,0.16297606,0.0
0.0,501,41995.955767,0,3,1000,/workspace7/Unity3D/gabriele/Animal-AI/models_arenas/arenas_paper/box_reason_1/c2_0097.yaml,0,1001,0,0,0,0.17613077,0.0
2.996,156,42004.67045,2.996000051498413,3,1000,/workspace7/Unity3D/gabriele/Animal-AI/models_arenas/arenas_paper/box_reason_1/c2_0155.yaml,0,0,0,0,0,0.0,0.0
0.0,501,42021.77588,0,3,1000,/workspace7/Unity3D/gabriele/Animal-AI/models_arenas/arenas_paper/box_reason_1/c2_0245.yaml,0,1001,0,0,0,0.14861861,0.0
0.0,501,42042.427683,0,3,1000,/workspace7/Unity3D/gabriele/Animal-AI/models_arenas/arenas_paper/box_reason_1/c2_0971.yaml,0,1001,0,0,0,1.0890616,0.0
0.0,501,42059.133842,0,3,1000,/workspace7/Unity3D/gabriele/Animal-AI/models_arenas/arenas_paper/box_reason_1/c2_0877.yaml,0,1001,0,0,0,0.16492915,0.0
0.0,501,42079.95828,0,3,1000,/workspace7/Unity3D/gabriele/Animal-AI/models_arenas/arenas_paper/box_reason_1/c2_0887.yaml,0,1001,0,0,0,0.120364875,0.0
0.0,501,42096.700917,0,3,1000,/workspace7/Unity3D/gabriele/Animal-AI/models_arenas/arenas_paper/box_reason_1/c2_0091.yaml,0,1001,0,0,0,0.1691454,0.0
0.0,501,42117.674325,0,3,1000,/workspace7/Unity3D/gabriele/Animal-AI/models_arenas/arenas_paper/box_reason_1/c2_0222.yaml,0,1001,0,0,0,0.1693558,0.0
0.0,501,42135.049585,0,3,1000,/workspace7/Unity3D/gabriele/Animal-AI/models_arenas/arenas_paper/box_reason_1/c2_0036.yaml,0,1001,0,0,0,0.14172696,0.0
0.0,501,42155.443472,0,3,1000,/workspace7/Unity3D/gabriele/Animal-AI/models_arenas/arenas_paper/box_reason_1/c2_0675.yaml,0,1001,0,0,0,0.26239645,0.0
0.0,501,42171.877963,0,3,1000,/workspace7/Unity3D/gabriele/Animal-AI/models_arenas/arenas_paper/box_reason_1/c2_0928.yaml,0,1001,0,0,0,0.2138913,0.0
0.0,501,42192.509356,0,3,1000,/workspace7/Unity3D/gabriele/Animal-AI/models_arenas/arenas_paper/box_reason_1/c2_0320.yaml,0,1001,0,0,0,0.16921961,0.0
0.0,501,42209.050527,0,3,1000,/workspace7/Unity3D/gabriele/Animal-AI/models_arenas/arenas_paper/box_reason_1/c2_0992.yaml,0,1001,0,0,0,0.23727402,0.0
0.0,501,42229.569919,0,3,1000,/workspace7/Unity3D/gabriele/Animal-AI/models_arenas/arenas_paper/box_reason_1/c2_0648.yaml,0,1001,0,0,0,0.50321877,0.0
0.0,501,42246.948072,0,3,1000,/workspace7/Unity3D/gabriele/Animal-AI/models_arenas/arenas_paper/box_reason_1/c2_0607.yaml,0,1001,0,0,0,0.1961034,0.0
0.0,501,42267.522582,0,3,1000,/workspace7/Unity3D/gabriele/Animal-AI/models_arenas/arenas_paper/box_reason_1/c2_0567.yaml,0,1001,0,0,0,0.1535041,0.0
2.996,156,42272.563872,2.996000051498413,3,1000,/workspace7/Unity3D/gabriele/Animal-AI/models_arenas/arenas_paper/box_reason_1/c2_0108.yaml,0,0,0,0,0,0.0,0.0
0.0,501,42289.779766,0,3,1000,/workspace7/Unity3D/gabriele/Animal-AI/models_arenas/arenas_paper/box_reason_1/c2_0400.yaml,0,1001,0,0,0,0.18419877,0.0
0.0,501,42310.832146,0,3,1000,/workspace7/Unity3D/gabriele/Animal-AI/models_arenas/arenas_paper/box_reason_1/c2_0232.yaml,0,1001,0,0,0,0.19364928,0.0
0.0,501,42328.298483,0,3,1000,/workspace7/Unity3D/gabriele/Animal-AI/models_arenas/arenas_paper/box_reason_1/c2_0717.yaml,0,1001,0,0,0,0.14092335,0.0
0.0,501,42348.776795,0,3,1000,/workspace7/Unity3D/gabriele/Animal-AI/models_arenas/arenas_paper/box_reason_1/c2_0011.yaml,0,1001,0,0,0,0.15739433,0.0
0.0,501,42365.972707,0,3,1000,/workspace7/Unity3D/gabriele/Animal-AI/models_arenas/arenas_paper/box_reason_1/c2_0810.yaml,0,1001,0,0,0,0.29076222,0.0
0.0,501,42386.830393,0,3,1000,/workspace7/Unity3D/gabriele/Animal-AI/models_arenas/arenas_paper/box_reason_1/c2_0352.yaml,0,1001,0,0,0,0.16340612,0.0
0.0,501,42403.658511,0,3,1000,/workspace7/Unity3D/gabriele/Animal-AI/models_arenas/arenas_paper/box_reason_1/c2_0410.yaml,0,1001,0,0,0,0.32711136,0.0
0.0,501,42424.117781,0,3,1000,/workspace7/Unity3D/gabriele/Animal-AI/models_arenas/arenas_paper/box_reason_1/c2_0885.yaml,0,1001,0,0,0,0.15795584,0.0
0.0,501,42441.413741,0,3,1000,/workspace7/Unity3D/gabriele/Animal-AI/models_arenas/arenas_paper/box_reason_1/c2_0164.yaml,0,1001,0,0,0,0.18703872,0.0
0.0,501,42462.266605,0,3,1000,/workspace7/Unity3D/gabriele/Animal-AI/models_arenas/arenas_paper/box_reason_1/c2_0115.yaml,0,1001,0,0,0,0.14370215,0.0
0.0,501,42479.367684,0,3,1000,/workspace7/Unity3D/gabriele/Animal-AI/models_arenas/arenas_paper/box_reason_1/c2_0021.yaml,0,1001,0,0,0,0.19369069,0.0
0.0,501,42500.069105,0,3,1000,/workspace7/Unity3D/gabriele/Animal-AI/models_arenas/arenas_paper/box_reason_1/c2_0938.yaml,0,1001,0,0,0,0.17584604,0.0
0.0,501,42516.871712,0,3,1000,/workspace7/Unity3D/gabriele/Animal-AI/models_arenas/arenas_paper/box_reason_1/c2_0034.yaml,0,1001,0,0,0,0.18917745,0.0
0.0,501,42537.654392,0,3,1000,/workspace7/Unity3D/gabriele/Animal-AI/models_arenas/arenas_paper/box_reason_1/c2_0277.yaml,0,1001,0,0,0,0.16713378,0.0
0.0,501,42554.947598,0,3,1000,/workspace7/Unity3D/gabriele/Animal-AI/models_arenas/arenas_paper/box_reason_1/c2_0870.yaml,0,1001,0,0,0,0.16572765,0.0
0.0,501,42576.057845,0,3,1000,/workspace7/Unity3D/gabriele/Animal-AI/models_arenas/arenas_paper/box_reason_1/c2_0758.yaml,0,1001,0,0,0,0.19753207,0.0
0.0,501,42593.545066,0,3,1000,/workspace7/Unity3D/gabriele/Animal-AI/models_arenas/arenas_paper/box_reason_1/c2_0474.yaml,0,1001,0,0,0,0.15035155,0.0
0.0,501,42614.085749,0,3,1000,/workspace7/Unity3D/gabriele/Animal-AI/models_arenas/arenas_paper/box_reason_1/c2_0036.yaml,0,1001,0,0,0,0.16604966,0.0
0.0,501,42631.128787,0,3,1000,/workspace7/Unity3D/gabriele/Animal-AI/models_arenas/arenas_paper/box_reason_1/c2_0222.yaml,0,1001,0,0,0,0.11674783,0.0
0.0,501,42651.888625,0,3,1000,/workspace7/Unity3D/gabriele/Animal-AI/models_arenas/arenas_paper/box_reason_1/c2_0430.yaml,0,1001,0,0,0,0.90579194,0.0
0.0,501,42668.907729,0,3,1000,/workspace7/Unity3D/gabriele/Animal-AI/models_arenas/arenas_paper/box_reason_1/c2_0660.yaml,0,1001,0,0,0,0.27664852,0.0
0.0,501,42689.698842,0,3,1000,/workspace7/Unity3D/gabriele/Animal-AI/models_arenas/arenas_paper/box_reason_1/c2_0151.yaml,0,1001,0,0,0,0.21098262,0.0
0.0,501,42707.0467,0,3,1000,/workspace7/Unity3D/gabriele/Animal-AI/models_arenas/arenas_paper/box_reason_1/c2_0882.yaml,0,1001,0,0,0,0.21845579,0.0
0.0,501,42728.185341,0,3,1000,/workspace7/Unity3D/gabriele/Animal-AI/models_arenas/arenas_paper/box_reason_1/c2_0314.yaml,0,1001,0,0,0,0.264696,0.0
0.0,501,42745.207311,0,3,1000,/workspace7/Unity3D/gabriele/Animal-AI/models_arenas/arenas_paper/box_reason_1/c2_0398.yaml,0,1001,0,0,0,0.1604119,0.0
0.0,501,42765.831299,0,3,1000,/workspace7/Unity3D/gabriele/Animal-AI/models_arenas/arenas_paper/box_reason_1/c2_0001.yaml,0,1001,0,0,0,0.22864261,0.0
0.0,501,42781.260201,0,3,1000,/workspace7/Unity3D/gabriele/Animal-AI/models_arenas/arenas_paper/box_reason_1/c2_0950.yaml,0,1001,0,0,0,0.19039911,0.0
0.0,501,42802.103689,0,3,1000,/workspace7/Unity3D/gabriele/Animal-AI/models_arenas/arenas_paper/box_reason_1/c2_0236.yaml,0,1001,0,0,0,0.6594933,0.0
0.0,501,42819.613532,0,3,1000,/workspace7/Unity3D/gabriele/Animal-AI/models_arenas/arenas_paper/box_reason_1/c2_0811.yaml,0,1001,0,0,0,0.2070769,0.0
0.0,501,42840.565617,0,3,1000,/workspace7/Unity3D/gabriele/Animal-AI/models_arenas/arenas_paper/box_reason_1/c2_0196.yaml,0,1001,0,0,0,0.1401556,0.0
0.0,501,42856.97844,0,3,1000,/workspace7/Unity3D/gabriele/Animal-AI/models_arenas/arenas_paper/box_reason_1/c2_0599.yaml,0,1001,0,0,0,0.14877881,0.0
0.0,501,42877.531997,0,3,1000,/workspace7/Unity3D/gabriele/Animal-AI/models_arenas/arenas_paper/box_reason_1/c2_0816.yaml,0,1001,0,0,0,0.29013625,0.0
0.0,501,42894.842922,0,3,1000,/workspace7/Unity3D/gabriele/Animal-AI/models_arenas/arenas_paper/box_reason_1/c2_0799.yaml,0,1001,0,0,0,0.25091636,0.0
0.0,501,42915.557092,0,3,1000,/workspace7/Unity3D/gabriele/Animal-AI/models_arenas/arenas_paper/box_reason_1/c2_0486.yaml,0,1001,0,0,0,0.3357326,0.0
0.0,501,42932.21191,0,3,1000,/workspace7/Unity3D/gabriele/Animal-AI/models_arenas/arenas_paper/box_reason_1/c2_0696.yaml,0,1001,0,0,0,0.17877404,0.0
0.0,501,42953.070539,0,3,1000,/workspace7/Unity3D/gabriele/Animal-AI/models_arenas/arenas_paper/box_reason_1/c2_0937.yaml,0,1001,0,0,0,0.27553898,0.0
0.0,501,42970.321614,0,3,1000,/workspace7/Unity3D/gabriele/Animal-AI/models_arenas/arenas_paper/box_reason_1/c2_0901.yaml,0,1001,0,0,0,0.12551008,0.0
0.0,501,42991.344452,0,3,1000,/workspace7/Unity3D/gabriele/Animal-AI/models_arenas/arenas_paper/box_reason_1/c2_0353.yaml,0,1001,0,0,0,0.10355698,0.0
0.0,501,43008.701958,0,3,1000,/workspace7/Unity3D/gabriele/Animal-AI/models_arenas/arenas_paper/box_reason_1/c2_0538.yaml,0,1001,0,0,0,0.087908626,0.0
0.0,501,43029.405185,0,3,1000,/workspace7/Unity3D/gabriele/Animal-AI/models_arenas/arenas_paper/box_reason_1/c2_0730.yaml,0,1001,0,0,0,0.32232967,0.0
0.0,501,43046.863836,0,3,1000,/workspace7/Unity3D/gabriele/Animal-AI/models_arenas/arenas_paper/box_reason_1/c2_0871.yaml,0,1001,0,0,0,0.11947172,0.0
0.0,501,43067.898742,0,3,1000,/workspace7/Unity3D/gabriele/Animal-AI/models_arenas/arenas_paper/box_reason_1/c2_0568.yaml,0,1001,0,0,0,0.699096,0.0
0.0,501,43085.154175,0,3,1000,/workspace7/Unity3D/gabriele/Animal-AI/models_arenas/arenas_paper/box_reason_1/c2_0646.yaml,0,1001,0,0,0,0.13266638,0.0
0.0,501,43105.603083,0,3,1000,/workspace7/Unity3D/gabriele/Animal-AI/models_arenas/arenas_paper/box_reason_1/c2_0490.yaml,0,1001,0,0,0,0.6294619,0.0
0.0,501,43122.886947,0,3,1000,/workspace7/Unity3D/gabriele/Animal-AI/models_arenas/arenas_paper/box_reason_1/c2_0816.yaml,0,1001,0,0,0,0.29255152,0.0
0.0,501,43143.671793,0,3,1000,/workspace7/Unity3D/gabriele/Animal-AI/models_arenas/arenas_paper/box_reason_1/c2_0923.yaml,0,1001,0,0,0,0.16400577,0.0
0.0,501,43161.049493,0,3,1000,/workspace7/Unity3D/gabriele/Animal-AI/models_arenas/arenas_paper/box_reason_1/c2_0343.yaml,0,1001,0,0,0,0.108942315,0.0
0.0,501,43182.07346,0,3,1000,/workspace7/Unity3D/gabriele/Animal-AI/models_arenas/arenas_paper/box_reason_1/c2_0845.yaml,0,1001,0,0,0,0.06676323,0.0
0.0,501,43199.41981,0,3,1000,/workspace7/Unity3D/gabriele/Animal-AI/models_arenas/arenas_paper/box_reason_1/c2_0063.yaml,0,1001,0,0,0,0.12132777,0.0
0.0,501,43219.936909,0,3,1000,/workspace7/Unity3D/gabriele/Animal-AI/models_arenas/arenas_paper/box_reason_1/c2_0368.yaml,0,1001,0,0,0,0.29238188,0.0
0.0,501,43236.923836,0,3,1000,/workspace7/Unity3D/gabriele/Animal-AI/models_arenas/arenas_paper/box_reason_1/c2_0938.yaml,0,1001,0,0,0,0.266391,0.0
0.0,501,43257.832383,0,3,1000,/workspace7/Unity3D/gabriele/Animal-AI/models_arenas/arenas_paper/box_reason_1/c2_0609.yaml,0,1001,0,0,0,0.43234313,0.0
0.0,501,43274.487315,0,3,1000,/workspace7/Unity3D/gabriele/Animal-AI/models_arenas/arenas_paper/box_reason_1/c2_0344.yaml,0,1001,0,0,0,0.26080504,0.0
0.0,501,43295.442573,0,3,1000,/workspace7/Unity3D/gabriele/Animal-AI/models_arenas/arenas_paper/box_reason_1/c2_0483.yaml,0,1001,0,0,0,0.84789646,0.0
0.0,501,43312.6972,0,3,1000,/workspace7/Unity3D/gabriele/Animal-AI/models_arenas/arenas_paper/box_reason_1/c2_0571.yaml,0,1001,0,0,0,0.10729922,0.0
0.0,501,43333.7262,0,3,1000,/workspace7/Unity3D/gabriele/Animal-AI/models_arenas/arenas_paper/box_reason_1/c2_0178.yaml,0,1001,0,0,0,0.14868025,0.0
0.0,501,43351.190936,0,3,1000,/workspace7/Unity3D/gabriele/Animal-AI/models_arenas/arenas_paper/box_reason_1/c2_0387.yaml,0,1001,0,0,0,0.15704115,0.0
0.0,501,43371.157122,0,3,1000,/workspace7/Unity3D/gabriele/Animal-AI/models_arenas/arenas_paper/box_reason_1/c2_0429.yaml,0,1001,0,0,0,0.103001766,0.0
0.0,501,43388.212523,0,3,1000,/workspace7/Unity3D/gabriele/Animal-AI/models_arenas/arenas_paper/box_reason_1/c2_0986.yaml,0,1001,0,0,0,0.19694889,0.0
0.0,501,43408.210494,0,3,1000,/workspace7/Unity3D/gabriele/Animal-AI/models_arenas/arenas_paper/box_reason_1/c2_0437.yaml,0,1001,0,0,0,0.3568164,0.0
0.0,501,43425.362752,0,3,1000,/workspace7/Unity3D/gabriele/Animal-AI/models_arenas/arenas_paper/box_reason_1/c2_0696.yaml,0,1001,0,0,0,0.1388753,0.0
0.0,501,43446.26808,0,3,1000,/workspace7/Unity3D/gabriele/Animal-AI/models_arenas/arenas_paper/box_reason_1/c2_0196.yaml,0,1001,0,0,0,0.12687993,0.0
0.0,501,43463.739864,0,3,1000,/workspace7/Unity3D/gabriele/Animal-AI/models_arenas/arenas_paper/box_reason_1/c2_0965.yaml,0,1001,0,0,0,0.2548628,0.0
0.0,501,43484.730033,0,3,1000,/workspace7/Unity3D/gabriele/Animal-AI/models_arenas/arenas_paper/box_reason_1/c2_0852.yaml,0,1001,0,0,0,0.14065416,0.0
0.0,501,43502.182593,0,3,1000,/workspace7/Unity3D/gabriele/Animal-AI/models_arenas/arenas_paper/box_reason_1/c2_0625.yaml,0,1001,0,0,0,0.16087198,0.0
0.0,501,43523.085792,0,3,1000,/workspace7/Unity3D/gabriele/Animal-AI/models_arenas/arenas_paper/box_reason_1/c2_0239.yaml,0,1001,0,0,0,0.12215971,0.0
0.0,501,43540.552235,0,3,1000,/workspace7/Unity3D/gabriele/Animal-AI/models_arenas/arenas_paper/box_reason_1/c2_0637.yaml,0,1001,0,0,0,0.1346893,0.0
0.0,501,43561.145995,0,3,1000,/workspace7/Unity3D/gabriele/Animal-AI/models_arenas/arenas_paper/box_reason_1/c2_0666.yaml,0,1001,0,0,0,0.09983476,0.0
0.0,501,43578.206856,0,3,1000,/workspace7/Unity3D/gabriele/Animal-AI/models_arenas/arenas_paper/box_reason_1/c2_0624.yaml,0,1001,0,0,0,0.43242207,0.0
0.0,501,43598.997983,0,3,1000,/workspace7/Unity3D/gabriele/Animal-AI/models_arenas/arenas_paper/box_reason_1/c2_0373.yaml,0,1001,0,0,0,0.15872425,0.0
0.0,501,43615.904149,0,3,1000,/workspace7/Unity3D/gabriele/Animal-AI/models_arenas/arenas_paper/box_reason_1/c2_0278.yaml,0,1001,0,0,0,0.34798783,0.0
0.0,501,43636.955425,0,3,1000,/workspace7/Unity3D/gabriele/Animal-AI/models_arenas/arenas_paper/box_reason_1/c2_0799.yaml,0,1001,0,0,0,0.123275384,0.0
0.0,501,43654.562559,0,3,1000,/workspace7/Unity3D/gabriele/Animal-AI/models_arenas/arenas_paper/box_reason_1/c2_0893.yaml,0,1001,0,0,0,0.118925385,0.0
0.0,501,43675.478588,0,3,1000,/workspace7/Unity3D/gabriele/Animal-AI/models_arenas/arenas_paper/box_reason_1/c2_0691.yaml,0,1001,0,0,0,0.119838834,0.0
0.0,501,43692.220636,0,3,1000,/workspace7/Unity3D/gabriele/Animal-AI/models_arenas/arenas_paper/box_reason_1/c2_0628.yaml,0,1001,0,0,0,0.102430485,0.0
0.0,501,43713.301819,0,3,1000,/workspace7/Unity3D/gabriele/Animal-AI/models_arenas/arenas_paper/box_reason_1/c2_0340.yaml,0,1001,0,0,0,0.11850785,0.0
0.0,501,43730.62466,0,3,1000,/workspace7/Unity3D/gabriele/Animal-AI/models_arenas/arenas_paper/box_reason_1/c2_0600.yaml,0,1001,0,0,0,0.10900367,0.0
0.0,501,43751.673976,0,3,1000,/workspace7/Unity3D/gabriele/Animal-AI/models_arenas/arenas_paper/box_reason_1/c2_0620.yaml,0,1001,0,0,0,0.11972712,0.0
0.0,501,43768.668405,0,3,1000,/workspace7/Unity3D/gabriele/Animal-AI/models_arenas/arenas_paper/box_reason_1/c2_0680.yaml,0,1001,0,0,0,0.17867021,0.0
0.0,501,43789.662479,0,3,1000,/workspace7/Unity3D/gabriele/Animal-AI/models_arenas/arenas_paper/box_reason_1/c2_0490.yaml,0,1001,0,0,0,0.30278707,0.0
0.0,501,43806.87685,0,3,1000,/workspace7/Unity3D/gabriele/Animal-AI/models_arenas/arenas_paper/box_reason_1/c2_0027.yaml,0,1001,0,0,0,0.29570413,0.0
2.996,156,43812.066685,2.996000051498413,3,1000,/workspace7/Unity3D/gabriele/Animal-AI/models_arenas/arenas_paper/box_reason_1/c2_0236.yaml,0,0,0,0,0,0.0,0.0
0.0,501,43833.072516,0,3,1000,/workspace7/Unity3D/gabriele/Animal-AI/models_arenas/arenas_paper/box_reason_1/c2_0109.yaml,0,1001,0,0,0,0.16360107,0.0
0.0,501,43849.665566,0,3,1000,/workspace7/Unity3D/gabriele/Animal-AI/models_arenas/arenas_paper/box_reason_1/c2_0646.yaml,0,1001,0,0,0,0.1562818,0.0
0.0,501,43870.698224,0,3,1000,/workspace7/Unity3D/gabriele/Animal-AI/models_arenas/arenas_paper/box_reason_1/c2_0996.yaml,0,1001,0,0,0,0.2200711,0.0
0.0,501,43886.479374,0,3,1000,/workspace7/Unity3D/gabriele/Animal-AI/models_arenas/arenas_paper/box_reason_1/c2_0136.yaml,0,1001,0,0,0,0.30983898,0.0
0.0,501,43906.576757,0,3,1000,/workspace7/Unity3D/gabriele/Animal-AI/models_arenas/arenas_paper/box_reason_1/c2_0552.yaml,0,1001,0,0,0,0.16893727,0.0
2.996,156,43911.551384,2.996000051498413,3,1000,/workspace7/Unity3D/gabriele/Animal-AI/models_arenas/arenas_paper/box_reason_1/c2_0600.yaml,0,0,0,0,0,0.0,0.0
0.0,501,43932.70285,0,3,1000,/workspace7/Unity3D/gabriele/Animal-AI/models_arenas/arenas_paper/box_reason_1/c2_0121.yaml,0,1001,0,0,0,0.7530335,0.0
0.0,501,43950.173845,0,3,1000,/workspace7/Unity3D/gabriele/Animal-AI/models_arenas/arenas_paper/box_reason_1/c2_0341.yaml,0,1001,0,0,0,0.326028,0.0
0.0,501,43970.961746,0,3,1000,/workspace7/Unity3D/gabriele/Animal-AI/models_arenas/arenas_paper/box_reason_1/c2_0600.yaml,0,1001,0,0,0,0.16630729,0.0
2.996,156,43976.219752,2.996000051498413,3,1000,/workspace7/Unity3D/gabriele/Animal-AI/models_arenas/arenas_paper/box_reason_1/c2_0771.yaml,0,0,0,0,0,0.0,0.0
0.0,501,43993.753896,0,3,1000,/workspace7/Unity3D/gabriele/Animal-AI/models_arenas/arenas_paper/box_reason_1/c2_0390.yaml,0,1001,0,0,0,0.14273207,0.0
2.996,156,43999.000691,2.996000051498413,3,1000,/workspace7/Unity3D/gabriele/Animal-AI/models_arenas/arenas_paper/box_reason_1/c2_0226.yaml,0,0,0,0,0,0.0,0.0
0.0,501,44018.894683,0,3,1000,/workspace7/Unity3D/gabriele/Animal-AI/models_arenas/arenas_paper/box_reason_1/c2_0295.yaml,0,1001,0,0,0,0.18136309,0.0
2.996,156,44023.798143,2.996000051498413,3,1000,/workspace7/Unity3D/gabriele/Animal-AI/models_arenas/arenas_paper/box_reason_1/c2_0400.yaml,0,0,0,0,0,0.0,0.0
0.0,501,44044.420242,0,3,1000,/workspace7/Unity3D/gabriele/Animal-AI/models_arenas/arenas_paper/box_reason_1/c2_0539.yaml,0,1001,0,0,0,0.31438896,0.0
0.0,501,44061.62325,0,3,1000,/workspace7/Unity3D/gabriele/Animal-AI/models_arenas/arenas_paper/box_reason_1/c2_0403.yaml,0,1001,0,0,0,0.27195206,0.0
0.0,501,44081.979398,0,3,1000,/workspace7/Unity3D/gabriele/Animal-AI/models_arenas/arenas_paper/box_reason_1/c2_0408.yaml,0,1001,0,0,0,0.40425467,0.0
0.0,501,44099.29242,0,3,1000,/workspace7/Unity3D/gabriele/Animal-AI/models_arenas/arenas_paper/box_reason_1/c2_0319.yaml,0,1001,0,0,0,0.22828417,0.0
0.0,501,44120.022419,0,3,1000,/workspace7/Unity3D/gabriele/Animal-AI/models_arenas/arenas_paper/box_reason_1/c2_0597.yaml,0,1001,0,0,0,0.18410133,0.0
0.0,501,44136.922659,0,3,1000,/workspace7/Unity3D/gabriele/Animal-AI/models_arenas/arenas_paper/box_reason_1/c2_0013.yaml,0,1001,0,0,0,0.14008711,0.0
0.0,501,44157.750016,0,3,1000,/workspace7/Unity3D/gabriele/Animal-AI/models_arenas/arenas_paper/box_reason_1/c2_0180.yaml,0,1001,0,0,0,0.35682863,0.0
0.0,501,44175.248788,0,3,1000,/workspace7/Unity3D/gabriele/Animal-AI/models_arenas/arenas_paper/box_reason_1/c2_0393.yaml,0,1001,0,0,0,0.14881302,0.0
0.0,501,44196.120406,0,3,1000,/workspace7/Unity3D/gabriele/Animal-AI/models_arenas/arenas_paper/box_reason_1/c2_0872.yaml,0,1001,0,0,0,0.1457556,0.0
0.0,501,44213.601696,0,3,1000,/workspace7/Unity3D/gabriele/Animal-AI/models_arenas/arenas_paper/box_reason_1/c2_0348.yaml,0,1001,0,0,0,0.14779355,0.0
0.0,501,44234.478786,0,3,1000,/workspace7/Unity3D/gabriele/Animal-AI/models_arenas/arenas_paper/box_reason_1/c2_0665.yaml,0,1001,0,0,0,0.108207986,0.0
0.0,501,44251.202233,0,3,1000,/workspace7/Unity3D/gabriele/Animal-AI/models_arenas/arenas_paper/box_reason_1/c2_0249.yaml,0,1001,0,0,0,0.06413681,0.0
0.0,501,44271.587661,0,3,1000,/workspace7/Unity3D/gabriele/Animal-AI/models_arenas/arenas_paper/box_reason_1/c2_0663.yaml,0,1001,0,0,0,0.13872294,0.0
0.0,501,44287.731828,0,3,1000,/workspace7/Unity3D/gabriele/Animal-AI/models_arenas/arenas_paper/box_reason_1/c2_0442.yaml,0,1001,0,0,0,0.089688465,0.0
0.0,501,44307.766783,0,3,1000,/workspace7/Unity3D/gabriele/Animal-AI/models_arenas/arenas_paper/box_reason_1/c2_0013.yaml,0,1001,0,0,0,0.20911595,0.0
0.0,501,44324.975602,0,3,1000,/workspace7/Unity3D/gabriele/Animal-AI/models_arenas/arenas_paper/box_reason_1/c2_0807.yaml,0,1001,0,0,0,0.119936176,0.0
0.0,501,44345.956973,0,3,1000,/workspace7/Unity3D/gabriele/Animal-AI/models_arenas/arenas_paper/box_reason_1/c2_0840.yaml,0,1001,0,0,0,0.11653456,0.0
2.996,156,44350.989231,2.996000051498413,3,1000,/workspace7/Unity3D/gabriele/Animal-AI/models_arenas/arenas_paper/box_reason_1/c2_0875.yaml,0,0,0,0,0,0.0,0.0
0.0,501,44366.801576,0,3,1000,/workspace7/Unity3D/gabriele/Animal-AI/models_arenas/arenas_paper/box_reason_1/c2_0922.yaml,0,1001,0,0,0,0.11829542,0.0
0.0,501,44387.37262,0,3,1000,/workspace7/Unity3D/gabriele/Animal-AI/models_arenas/arenas_paper/box_reason_1/c2_0738.yaml,0,1001,0,0,0,0.17444408,0.0
0.0,501,44404.576326,0,3,1000,/workspace7/Unity3D/gabriele/Animal-AI/models_arenas/arenas_paper/box_reason_1/c2_0658.yaml,0,1001,0,0,0,0.2926355,0.0
2.996,156,44409.616523,2.996000051498413,3,1000,/workspace7/Unity3D/gabriele/Animal-AI/models_arenas/arenas_paper/box_reason_1/c2_0136.yaml,0,0,0,0,0,0.0,0.0
0.0,501,44430.429603,0,3,1000,/workspace7/Unity3D/gabriele/Animal-AI/models_arenas/arenas_paper/box_reason_1/c2_0293.yaml,0,1001,0,0,0,0.17279823,0.0
0.0,501,44446.948112,0,3,1000,/workspace7/Unity3D/gabriele/Animal-AI/models_arenas/arenas_paper/box_reason_1/c2_0504.yaml,0,1001,0,0,0,0.17987825,0.0
0.0,501,44467.794668,0,3,1000,/workspace7/Unity3D/gabriele/Animal-AI/models_arenas/arenas_paper/box_reason_1/c2_0976.yaml,0,1001,0,0,0,0.37600982,0.0
0.0,501,44483.816915,0,3,1000,/workspace7/Unity3D/gabriele/Animal-AI/models_arenas/arenas_paper/box_reason_1/c2_0135.yaml,0,1001,0,0,0,0.20030135,0.0
2.996,156,44492.144465,2.996000051498413,3,1000,/workspace7/Unity3D/gabriele/Animal-AI/models_arenas/arenas_paper/box_reason_1/c2_0875.yaml,0,0,0,0,0,0.0,0.0
0.0,501,44508.577837,0,3,1000,/workspace7/Unity3D/gabriele/Animal-AI/models_arenas/arenas_paper/box_reason_1/c2_0243.yaml,0,1001,0,0,0,0.13348283,0.0
0.0,501,44529.429741,0,3,1000,/workspace7/Unity3D/gabriele/Animal-AI/models_arenas/arenas_paper/box_reason_1/c2_0522.yaml,0,1001,0,0,0,0.93979406,0.0
0.0,501,44546.732985,0,3,1000,/workspace7/Unity3D/gabriele/Animal-AI/models_arenas/arenas_paper/box_reason_1/c2_0093.yaml,0,1001,0,0,0,0.18483892,0.0
2.996,156,44551.959605,2.996000051498413,3,1000,/workspace7/Unity3D/gabriele/Animal-AI/models_arenas/arenas_paper/box_reason_1/c2_0129.yaml,0,0,0,0,0,0.0,0.0
0.0,501,44572.87721,0,3,1000,/workspace7/Unity3D/gabriele/Animal-AI/models_arenas/arenas_paper/box_reason_1/c2_0015.yaml,0,1001,0,0,0,0.12075116,0.0
0.0,501,44589.987202,0,3,1000,/workspace7/Unity3D/gabriele/Animal-AI/models_arenas/arenas_paper/box_reason_1/c2_0359.yaml,0,1001,0,0,0,0.15652975,0.0
0.0,501,44610.560527,0,3,1000,/workspace7/Unity3D/gabriele/Animal-AI/models_arenas/arenas_paper/box_reason_1/c2_0739.yaml,0,1001,0,0,0,1.6742368,0.0
0.0,501,44627.359587,0,3,1000,/workspace7/Unity3D/gabriele/Animal-AI/models_arenas/arenas_paper/box_reason_1/c2_0610.yaml,0,1001,0,0,0,0.20477842,0.0
0.0,501,44647.856719,0,3,1000,/workspace7/Unity3D/gabriele/Animal-AI/models_arenas/arenas_paper/box_reason_1/c2_0620.yaml,0,1001,0,0,0,0.19783974,0.0
0.0,501,44664.906074,0,3,1000,/workspace7/Unity3D/gabriele/Animal-AI/models_arenas/arenas_paper/box_reason_1/c2_0241.yaml,0,1001,0,0,0,0.15658271,0.0
0.0,501,44685.696825,0,3,1000,/workspace7/Unity3D/gabriele/Animal-AI/models_arenas/arenas_paper/box_reason_1/c2_0290.yaml,0,1001,0,0,0,0.9302262,0.0
0.0,501,44702.285013,0,3,1000,/workspace7/Unity3D/gabriele/Animal-AI/models_arenas/arenas_paper/box_reason_1/c2_0875.yaml,0,1001,0,0,0,0.14926493,0.0
0.0,501,44722.668577,0,3,1000,/workspace7/Unity3D/gabriele/Animal-AI/models_arenas/arenas_paper/box_reason_1/c2_0632.yaml,0,1001,0,0,0,0.66311294,0.0
0.0,501,44739.872159,0,3,1000,/workspace7/Unity3D/gabriele/Animal-AI/models_arenas/arenas_paper/box_reason_1/c2_0778.yaml,0,1001,0,0,0,0.15623745,0.0
0.0,501,44760.675035,0,3,1000,/workspace7/Unity3D/gabriele/Animal-AI/models_arenas/arenas_paper/box_reason_1/c2_0535.yaml,0,1001,0,0,0,0.20949745,0.0
0.0,501,44778.215501,0,3,1000,/workspace7/Unity3D/gabriele/Animal-AI/models_arenas/arenas_paper/box_reason_1/c2_0385.yaml,0,1001,0,0,0,0.19224015,0.0
0.0,501,44798.782505,0,3,1000,/workspace7/Unity3D/gabriele/Animal-AI/models_arenas/arenas_paper/box_reason_1/c2_0004.yaml,0,1001,0,0,0,0.2058898,0.0
0.0,501,44815.823964,0,3,1000,/workspace7/Unity3D/gabriele/Animal-AI/models_arenas/arenas_paper/box_reason_1/c2_0199.yaml,0,1001,0,0,0,0.8819453,0.0
0.0,501,44836.150666,0,3,1000,/workspace7/Unity3D/gabriele/Animal-AI/models_arenas/arenas_paper/box_reason_1/c2_0456.yaml,0,1001,0,0,0,0.2399924,0.0
0.0,501,44852.47054,0,3,1000,/workspace7/Unity3D/gabriele/Animal-AI/models_arenas/arenas_paper/box_reason_1/c2_0043.yaml,0,1001,0,0,0,0.18280222,0.0
2.996,156,44857.531434,2.996000051498413,3,1000,/workspace7/Unity3D/gabriele/Animal-AI/models_arenas/arenas_paper/box_reason_1/c2_0103.yaml,0,0,0,0,0,0.0,0.0
0.0,501,44879.112235,0,3,1000,/workspace7/Unity3D/gabriele/Animal-AI/models_arenas/arenas_paper/box_reason_1/c2_0195.yaml,0,1001,0,0,0,0.29185325,0.0
0.0,501,44896.448947,0,3,1000,/workspace7/Unity3D/gabriele/Animal-AI/models_arenas/arenas_paper/box_reason_1/c2_0725.yaml,0,1001,0,0,0,0.8385031,0.0
0.0,501,44916.415726,0,3,1000,/workspace7/Unity3D/gabriele/Animal-AI/models_arenas/arenas_paper/box_reason_1/c2_0356.yaml,0,1001,0,0,0,0.9142272,0.0
0.0,501,44933.69139,0,3,1000,/workspace7/Unity3D/gabriele/Animal-AI/models_arenas/arenas_paper/box_reason_1/c2_0061.yaml,0,1001,0,0,0,0.24198249,0.0
0.0,501,44954.871404,0,3,1000,/workspace7/Unity3D/gabriele/Animal-AI/models_arenas/arenas_paper/box_reason_1/c2_0445.yaml,0,1001,0,0,0,0.13420817,0.0
0.0,501,44971.970238,0,3,1000,/workspace7/Unity3D/gabriele/Animal-AI/models_arenas/arenas_paper/box_reason_1/c2_0595.yaml,0,1001,0,0,0,0.09430994,0.0
0.0,501,44993.239261,0,3,1000,/workspace7/Unity3D/gabriele/Animal-AI/models_arenas/arenas_paper/box_reason_1/c2_0748.yaml,0,1001,0,0,0,0.25781882,0.0
0.0,501,45010.416404,0,3,1000,/workspace7/Unity3D/gabriele/Animal-AI/models_arenas/arenas_paper/box_reason_1/c2_0238.yaml,0,1001,0,0,0,0.19388726,0.0
0.0,501,45029.851915,0,3,1000,/workspace7/Unity3D/gabriele/Animal-AI/models_arenas/arenas_paper/box_reason_1/c2_0606.yaml,0,1001,0,0,0,0.15958071,0.0
0.0,501,45046.653933,0,3,1000,/workspace7/Unity3D/gabriele/Animal-AI/models_arenas/arenas_paper/box_reason_1/c2_0820.yaml,0,1001,0,0,0,0.8637396,0.0
0.0,501,45067.376452,0,3,1000,/workspace7/Unity3D/gabriele/Animal-AI/models_arenas/arenas_paper/box_reason_1/c2_0655.yaml,0,1001,0,0,0,0.14469905,0.0
0.0,501,45084.248282,0,3,1000,/workspace7/Unity3D/gabriele/Animal-AI/models_arenas/arenas_paper/box_reason_1/c2_0602.yaml,0,1001,0,0,0,0.13701038,0.0
0.0,501,45105.007857,0,3,1000,/workspace7/Unity3D/gabriele/Animal-AI/models_arenas/arenas_paper/box_reason_1/c2_0086.yaml,0,1001,0,0,0,0.20447695,0.0
0.0,501,45122.58793,0,3,1000,/workspace7/Unity3D/gabriele/Animal-AI/models_arenas/arenas_paper/box_reason_1/c2_0086.yaml,0,1001,0,0,0,0.20854484,0.0
0.0,501,45143.47973,0,3,1000,/workspace7/Unity3D/gabriele/Animal-AI/models_arenas/arenas_paper/box_reason_1/c2_0763.yaml,0,1001,0,0,0,0.77249825,0.0
0.0,501,45160.320567,0,3,1000,/workspace7/Unity3D/gabriele/Animal-AI/models_arenas/arenas_paper/box_reason_1/c2_0754.yaml,0,1001,0,0,0,0.10179591,0.0
0.0,501,45181.379678,0,3,1000,/workspace7/Unity3D/gabriele/Animal-AI/models_arenas/arenas_paper/box_reason_1/c2_0422.yaml,0,1001,0,0,0,0.17329368,0.0
0.0,501,45197.820322,0,3,1000,/workspace7/Unity3D/gabriele/Animal-AI/models_arenas/arenas_paper/box_reason_1/c2_0797.yaml,0,1001,0,0,0,0.16686606,0.0
0.0,501,45218.643436,0,3,1000,/workspace7/Unity3D/gabriele/Animal-AI/models_arenas/arenas_paper/box_reason_1/c2_0463.yaml,0,1001,0,0,0,0.93708956,0.0
0.0,501,45234.789439,0,3,1000,/workspace7/Unity3D/gabriele/Animal-AI/models_arenas/arenas_paper/box_reason_1/c2_0657.yaml,0,1001,0,0,0,0.18973336,0.0
0.0,501,45255.640567,0,3,1000,/workspace7/Unity3D/gabriele/Animal-AI/models_arenas/arenas_paper/box_reason_1/c2_0797.yaml,0,1001,0,0,0,0.1901172,0.0
0.0,501,45272.947369,0,3,1000,/workspace7/Unity3D/gabriele/Animal-AI/models_arenas/arenas_paper/box_reason_1/c2_0520.yaml,0,1001,0,0,0,0.10504317,0.0
0.0,501,45293.999117,0,3,1000,/workspace7/Unity3D/gabriele/Animal-AI/models_arenas/arenas_paper/box_reason_1/c2_0262.yaml,0,1001,0,0,0,0.88540137,0.0
0.0,501,45311.145128,0,3,1000,/workspace7/Unity3D/gabriele/Animal-AI/models_arenas/arenas_paper/box_reason_1/c2_0754.yaml,0,1001,0,0,0,0.6436498,0.0
0.0,501,45331.905869,0,3,1000,/workspace7/Unity3D/gabriele/Animal-AI/models_arenas/arenas_paper/box_reason_1/c2_0781.yaml,0,1001,0,0,0,0.54837286,0.0
0.0,501,45348.935159,0,3,1000,/workspace7/Unity3D/gabriele/Animal-AI/models_arenas/arenas_paper/box_reason_1/c2_0328.yaml,0,1001,0,0,0,0.28262743,0.0
0.0,501,45369.451824,0,3,1000,/workspace7/Unity3D/gabriele/Animal-AI/models_arenas/arenas_paper/box_reason_1/c2_0304.yaml,0,1001,0,0,0,0.11181915,0.0
0.0,501,45386.244905,0,3,1000,/workspace7/Unity3D/gabriele/Animal-AI/models_arenas/arenas_paper/box_reason_1/c2_0930.yaml,0,1001,0,0,0,0.16349252,0.0
0.0,501,45406.953654,0,3,1000,/workspace7/Unity3D/gabriele/Animal-AI/models_arenas/arenas_paper/box_reason_1/c2_0855.yaml,0,1001,0,0,0,0.14466508,0.0
0.0,501,45424.22785,0,3,1000,/workspace7/Unity3D/gabriele/Animal-AI/models_arenas/arenas_paper/box_reason_1/c2_0478.yaml,0,1001,0,0,0,0.13200894,0.0
0.0,501,45444.478427,0,3,1000,/workspace7/Unity3D/gabriele/Animal-AI/models_arenas/arenas_paper/box_reason_1/c2_0398.yaml,0,1001,0,0,0,1.4480141,0.0
0.0,501,45461.074498,0,3,1000,/workspace7/Unity3D/gabriele/Animal-AI/models_arenas/arenas_paper/box_reason_1/c2_0863.yaml,0,1001,0,0,0,0.7273764,0.0
0.0,501,45481.586641,0,3,1000,/workspace7/Unity3D/gabriele/Animal-AI/models_arenas/arenas_paper/box_reason_1/c2_0699.yaml,0,1001,0,0,0,0.10657335,0.0
0.0,501,45497.611878,0,3,1000,/workspace7/Unity3D/gabriele/Animal-AI/models_arenas/arenas_paper/box_reason_1/c2_0732.yaml,0,1001,0,0,0,0.18172975,0.0
0.0,501,45518.024298,0,3,1000,/workspace7/Unity3D/gabriele/Animal-AI/models_arenas/arenas_paper/box_reason_1/c2_0880.yaml,0,1001,0,0,0,0.254935,0.0
2.996,156,45522.612449,2.996000051498413,3,1000,/workspace7/Unity3D/gabriele/Animal-AI/models_arenas/arenas_paper/box_reason_1/c2_0434.yaml,0,0,0,0,0,0.0,0.0
0.0,501,45542.190585,0,3,1000,/workspace7/Unity3D/gabriele/Animal-AI/models_arenas/arenas_paper/box_reason_1/c2_0011.yaml,0,1001,0,0,0,0.2667574,0.0
0.0,501,45558.709592,0,3,1000,/workspace7/Unity3D/gabriele/Animal-AI/models_arenas/arenas_paper/box_reason_1/c2_0211.yaml,0,1001,0,0,0,0.15619723,0.0
0.0,501,45579.63357,0,3,1000,/workspace7/Unity3D/gabriele/Animal-AI/models_arenas/arenas_paper/box_reason_1/c2_0441.yaml,0,1001,0,0,0,1.0013106,0.0
0.0,501,45597.108318,0,3,1000,/workspace7/Unity3D/gabriele/Animal-AI/models_arenas/arenas_paper/box_reason_1/c2_0656.yaml,0,1001,0,0,0,0.27696615,0.0
2.996,156,45602.213888,2.996000051498413,3,1000,/workspace7/Unity3D/gabriele/Animal-AI/models_arenas/arenas_paper/box_reason_1/c2_0047.yaml,0,0,0,0,0,0.0,0.0
0.0,501,45623.001255,0,3,1000,/workspace7/Unity3D/gabriele/Animal-AI/models_arenas/arenas_paper/box_reason_1/c2_0789.yaml,0,1001,0,0,0,0.22709337,0.0
2.996,156,45628.003027,2.996000051498413,3,1000,/workspace7/Unity3D/gabriele/Animal-AI/models_arenas/arenas_paper/box_reason_1/c2_0326.yaml,0,0,0,0,0,0.0,0.0
0.0,501,45645.3114,0,3,1000,/workspace7/Unity3D/gabriele/Animal-AI/models_arenas/arenas_paper/box_reason_1/c2_0010.yaml,0,1001,0,0,0,0.20474544,0.0
0.0,501,45665.967612,0,3,1000,/workspace7/Unity3D/gabriele/Animal-AI/models_arenas/arenas_paper/box_reason_1/c2_0899.yaml,0,1001,0,0,0,0.7954004,0.0
0.0,501,45683.159198,0,3,1000,/workspace7/Unity3D/gabriele/Animal-AI/models_arenas/arenas_paper/box_reason_1/c2_0909.yaml,0,1001,0,0,0,0.29170677,0.0
0.0,501,45703.833686,0,3,1000,/workspace7/Unity3D/gabriele/Animal-AI/models_arenas/arenas_paper/box_reason_1/c2_0889.yaml,0,1001,0,0,0,0.20284028,0.0
0.0,501,45721.291295,0,3,1000,/workspace7/Unity3D/gabriele/Animal-AI/models_arenas/arenas_paper/box_reason_1/c2_0328.yaml,0,1001,0,0,0,0.2645686,0.0
0.0,501,45741.631787,0,3,1000,/workspace7/Unity3D/gabriele/Animal-AI/models_arenas/arenas_paper/box_reason_1/c2_0011.yaml,0,1001,0,0,0,0.21537861,0.0
0.0,501,45759.076647,0,3,1000,/workspace7/Unity3D/gabriele/Animal-AI/models_arenas/arenas_paper/box_reason_1/c2_0063.yaml,0,1001,0,0,0,0.2429301,0.0
0.0,501,45780.097157,0,3,1000,/workspace7/Unity3D/gabriele/Animal-AI/models_arenas/arenas_paper/box_reason_1/c2_0723.yaml,0,1001,0,0,0,0.25524196,0.0
0.0,501,45797.577676,0,3,1000,/workspace7/Unity3D/gabriele/Animal-AI/models_arenas/arenas_paper/box_reason_1/c2_0454.yaml,0,1001,0,0,0,0.17033315,0.0
0.0,501,45817.523603,0,3,1000,/workspace7/Unity3D/gabriele/Animal-AI/models_arenas/arenas_paper/box_reason_1/c2_0260.yaml,0,1001,0,0,0,0.5240359,0.0
0.0,501,45834.456928,0,3,1000,/workspace7/Unity3D/gabriele/Animal-AI/models_arenas/arenas_paper/box_reason_1/c2_0341.yaml,0,1001,0,0,0,1.1397284,0.0
0.0,501,45855.409538,0,3,1000,/workspace7/Unity3D/gabriele/Animal-AI/models_arenas/arenas_paper/box_reason_1/c2_0426.yaml,0,1001,0,0,0,1.2610074,0.0
0.0,501,45872.946807,0,3,1000,/workspace7/Unity3D/gabriele/Animal-AI/models_arenas/arenas_paper/box_reason_1/c2_0458.yaml,0,1001,0,0,0,0.180175,0.0
0.0,501,45893.346366,0,3,1000,/workspace7/Unity3D/gabriele/Animal-AI/models_arenas/arenas_paper/box_reason_1/c2_0049.yaml,0,1001,0,0,0,0.25704998,0.0
2.996,156,45898.537662,2.996000051498413,3,1000,/workspace7/Unity3D/gabriele/Animal-AI/models_arenas/arenas_paper/box_reason_1/c2_0336.yaml,0,0,0,0,0,0.0,0.0
0.0,501,45919.625778,0,3,1000,/workspace7/Unity3D/gabriele/Animal-AI/models_arenas/arenas_paper/box_reason_1/c2_0619.yaml,0,1001,0,0,0,0.1701936,0.0
0.0,501,45937.167531,0,3,1000,/workspace7/Unity3D/gabriele/Animal-AI/models_arenas/arenas_paper/box_reason_1/c2_0007.yaml,0,1001,0,0,0,0.20771864,0.0
2.996,156,45942.384558,2.996000051498413,3,1000,/workspace7/Unity3D/gabriele/Animal-AI/models_arenas/arenas_paper/box_reason_1/c2_0302.yaml,0,0,0,0,0,0.0,0.0
0.0,501,45962.733792,0,3,1000,/workspace7/Unity3D/gabriele/Animal-AI/models_arenas/arenas_paper/box_reason_1/c2_0109.yaml,0,1001,0,0,0,0.12301,0.0
0.0,501,45979.585988,0,3,1000,/workspace7/Unity3D/gabriele/Animal-AI/models_arenas/arenas_paper/box_reason_1/c2_0263.yaml,0,1001,0,0,0,0.14086685,0.0
0.0,501,46000.515933,0,3,1000,/workspace7/Unity3D/gabriele/Animal-AI/models_arenas/arenas_paper/box_reason_1/c2_0537.yaml,0,1001,0,0,0,0.18072027,0.0
0.0,501,46018.166379,0,3,1000,/workspace7/Unity3D/gabriele/Animal-AI/models_arenas/arenas_paper/box_reason_1/c2_0329.yaml,0,1001,0,0,0,0.33858663,0.0
0.0,501,46038.020291,0,3,1000,/workspace7/Unity3D/gabriele/Animal-AI/models_arenas/arenas_paper/box_reason_1/c2_0968.yaml,0,1001,0,0,0,0.18984674,0.0
0.0,501,46055.502802,0,3,1000,/workspace7/Unity3D/gabriele/Animal-AI/models_arenas/arenas_paper/box_reason_1/c2_0130.yaml,0,1001,0,0,0,0.11121409,0.0
0.0,501,46075.956714,0,3,1000,/workspace7/Unity3D/gabriele/Animal-AI/models_arenas/arenas_paper/box_reason_1/c2_0271.yaml,0,1001,0,0,0,0.13898805,0.0
0.0,501,46092.922105,0,3,1000,/workspace7/Unity3D/gabriele/Animal-AI/models_arenas/arenas_paper/box_reason_1/c2_0180.yaml,0,1001,0,0,0,0.3342315,0.0
0.0,501,46113.299254,0,3,1000,/workspace7/Unity3D/gabriele/Animal-AI/models_arenas/arenas_paper/box_reason_1/c2_0282.yaml,0,1001,0,0,0,0.16309361,0.0
0.0,501,46130.589818,0,3,1000,/workspace7/Unity3D/gabriele/Animal-AI/models_arenas/arenas_paper/box_reason_1/c2_0267.yaml,0,1001,0,0,0,0.12668312,0.0
0.0,501,46151.109344,0,3,1000,/workspace7/Unity3D/gabriele/Animal-AI/models_arenas/arenas_paper/box_reason_1/c2_0127.yaml,0,1001,0,0,0,0.20140195,0.0
0.0,501,46167.945463,0,3,1000,/workspace7/Unity3D/gabriele/Animal-AI/models_arenas/arenas_paper/box_reason_1/c2_0080.yaml,0,1001,0,0,0,0.18358529,0.0
0.0,501,46187.873208,0,3,1000,/workspace7/Unity3D/gabriele/Animal-AI/models_arenas/arenas_paper/box_reason_1/c2_0317.yaml,0,1001,0,0,0,0.10731588,0.0
0.0,501,46205.104452,0,3,1000,/workspace7/Unity3D/gabriele/Animal-AI/models_arenas/arenas_paper/box_reason_1/c2_0160.yaml,0,1001,0,0,0,0.17485519,0.0
0.0,501,46225.064422,0,3,1000,/workspace7/Unity3D/gabriele/Animal-AI/models_arenas/arenas_paper/box_reason_1/c2_0492.yaml,0,1001,0,0,0,0.11010234,0.0
0.0,501,46241.541465,0,3,1000,/workspace7/Unity3D/gabriele/Animal-AI/models_arenas/arenas_paper/box_reason_1/c2_0263.yaml,0,1001,0,0,0,1.34974,0.0
0.0,501,46261.814025,0,3,1000,/workspace7/Unity3D/gabriele/Animal-AI/models_arenas/arenas_paper/box_reason_1/c2_0299.yaml,0,1001,0,0,0,1.2704083,0.0
0.0,501,46278.957533,0,3,1000,/workspace7/Unity3D/gabriele/Animal-AI/models_arenas/arenas_paper/box_reason_1/c2_0162.yaml,0,1001,0,0,0,0.218425,0.0
0.0,501,46299.077166,0,3,1000,/workspace7/Unity3D/gabriele/Animal-AI/models_arenas/arenas_paper/box_reason_1/c2_0037.yaml,0,1001,0,0,0,0.27798146,0.0
0.0,501,46315.9729,0,3,1000,/workspace7/Unity3D/gabriele/Animal-AI/models_arenas/arenas_paper/box_reason_1/c2_0581.yaml,0,1001,0,0,0,0.9843731,0.0
0.0,501,46337.020031,0,3,1000,/workspace7/Unity3D/gabriele/Animal-AI/models_arenas/arenas_paper/box_reason_1/c2_0219.yaml,0,1001,0,0,0,0.17664343,0.0
0.0,501,46353.93283,0,3,1000,/workspace7/Unity3D/gabriele/Animal-AI/models_arenas/arenas_paper/box_reason_1/c2_0530.yaml,0,1001,0,0,0,0.19647886,0.0
0.0,501,46374.53734,0,3,1000,/workspace7/Unity3D/gabriele/Animal-AI/models_arenas/arenas_paper/box_reason_1/c2_0210.yaml,0,1001,0,0,0,0.30340692,0.0
0.0,501,46390.810875,0,3,1000,/workspace7/Unity3D/gabriele/Animal-AI/models_arenas/arenas_paper/box_reason_1/c2_0707.yaml,0,1001,0,0,0,0.18707359,0.0
0.0,501,46411.526697,0,3,1000,/workspace7/Unity3D/gabriele/Animal-AI/models_arenas/arenas_paper/box_reason_1/c2_0408.yaml,0,1001,0,0,0,0.3058157,0.0
0.0,501,46427.942317,0,3,1000,/workspace7/Unity3D/gabriele/Animal-AI/models_arenas/arenas_paper/box_reason_1/c2_0662.yaml,0,1001,0,0,0,0.43260852,0.0
0.0,501,46448.819912,0,3,1000,/workspace7/Unity3D/gabriele/Animal-AI/models_arenas/arenas_paper/box_reason_1/c2_0930.yaml,0,1001,0,0,0,1.0167933,0.0
0.0,501,46465.919641,0,3,1000,/workspace7/Unity3D/gabriele/Animal-AI/models_arenas/arenas_paper/box_reason_1/c2_0064.yaml,0,1001,0,0,0,0.16616167,0.0
0.0,501,46486.450024,0,3,1000,/workspace7/Unity3D/gabriele/Animal-AI/models_arenas/arenas_paper/box_reason_1/c2_0295.yaml,0,1001,0,0,0,0.37571362,0.0
0.0,501,46503.222285,0,3,1000,/workspace7/Unity3D/gabriele/Animal-AI/models_arenas/arenas_paper/box_reason_1/c2_0610.yaml,0,1001,0,0,0,0.20032123,0.0
0.0,501,46522.984838,0,3,1000,/workspace7/Unity3D/gabriele/Animal-AI/models_arenas/arenas_paper/box_reason_1/c2_0672.yaml,0,1001,0,0,0,0.19883049,0.0
0.0,501,46540.170088,0,3,1000,/workspace7/Unity3D/gabriele/Animal-AI/models_arenas/arenas_paper/box_reason_1/c2_0115.yaml,0,1001,0,0,0,0.18506822,0.0
0.0,501,46560.520648,0,3,1000,/workspace7/Unity3D/gabriele/Animal-AI/models_arenas/arenas_paper/box_reason_1/c2_0696.yaml,0,1001,0,0,0,0.24685127,0.0
0.0,501,46577.158993,0,3,1000,/workspace7/Unity3D/gabriele/Animal-AI/models_arenas/arenas_paper/box_reason_1/c2_0765.yaml,0,1001,0,0,0,0.13217314,0.0
0.0,501,46597.574667,0,3,1000,/workspace7/Unity3D/gabriele/Animal-AI/models_arenas/arenas_paper/box_reason_1/c2_0817.yaml,0,1001,0,0,0,0.65379465,0.0
0.0,501,46614.454538,0,3,1000,/workspace7/Unity3D/gabriele/Animal-AI/models_arenas/arenas_paper/box_reason_1/c2_0159.yaml,0,1001,0,0,0,0.19895418,0.0
0.0,501,46635.396391,0,3,1000,/workspace7/Unity3D/gabriele/Animal-AI/models_arenas/arenas_paper/box_reason_1/c2_0510.yaml,0,1001,0,0,0,0.30426508,0.0
0.0,501,46651.462548,0,3,1000,/workspace7/Unity3D/gabriele/Animal-AI/models_arenas/arenas_paper/box_reason_1/c2_0387.yaml,0,1001,0,0,0,0.1945153,0.0
0.0,501,46673.201853,0,3,1000,/workspace7/Unity3D/gabriele/Animal-AI/models_arenas/arenas_paper/box_reason_1/c2_0226.yaml,0,1001,0,0,0,0.16914411,0.0
0.0,501,46690.590372,0,3,1000,/workspace7/Unity3D/gabriele/Animal-AI/models_arenas/arenas_paper/box_reason_1/c2_0098.yaml,0,1001,0,0,0,0.13998148,0.0
0.0,501,46711.597629,0,3,1000,/workspace7/Unity3D/gabriele/Animal-AI/models_arenas/arenas_paper/box_reason_1/c2_0375.yaml,0,1001,0,0,0,0.79693866,0.0
0.0,501,46728.348753,0,3,1000,/workspace7/Unity3D/gabriele/Animal-AI/models_arenas/arenas_paper/box_reason_1/c2_0552.yaml,0,1001,0,0,0,0.25561804,0.0
0.0,501,46747.582336,0,3,1000,/workspace7/Unity3D/gabriele/Animal-AI/models_arenas/arenas_paper/box_reason_1/c2_0774.yaml,0,1001,0,0,0,0.27903408,0.0
0.0,501,46764.337656,0,3,1000,/workspace7/Unity3D/gabriele/Animal-AI/models_arenas/arenas_paper/box_reason_1/c2_0602.yaml,0,1001,0,0,0,0.20190926,0.0
0.0,501,46784.828159,0,3,1000,/workspace7/Unity3D/gabriele/Animal-AI/models_arenas/arenas_paper/box_reason_1/c2_0818.yaml,0,1001,0,0,0,0.47674584,0.0
0.0,501,46800.874463,0,3,1000,/workspace7/Unity3D/gabriele/Animal-AI/models_arenas/arenas_paper/box_reason_1/c2_0650.yaml,0,1001,0,0,0,1.7580786,0.0
0.0,501,46821.442096,0,3,1000,/workspace7/Unity3D/gabriele/Animal-AI/models_arenas/arenas_paper/box_reason_1/c2_0119.yaml,0,1001,0,0,0,0.26803362,0.0
0.0,501,46838.922116,0,3,1000,/workspace7/Unity3D/gabriele/Animal-AI/models_arenas/arenas_paper/box_reason_1/c2_0403.yaml,0,1001,0,0,0,0.5438149,0.0
0.0,501,46859.74649,0,3,1000,/workspace7/Unity3D/gabriele/Animal-AI/models_arenas/arenas_paper/box_reason_1/c2_0123.yaml,0,1001,0,0,0,0.2601933,0.0
0.0,501,46877.226713,0,3,1000,/workspace7/Unity3D/gabriele/Animal-AI/models_arenas/arenas_paper/box_reason_1/c2_0651.yaml,0,1001,0,0,0,0.34488904,0.0
0.0,501,46897.337532,0,3,1000,/workspace7/Unity3D/gabriele/Animal-AI/models_arenas/arenas_paper/box_reason_1/c2_0324.yaml,0,1001,0,0,0,0.21353087,0.0
0.0,501,46914.607065,0,3,1000,/workspace7/Unity3D/gabriele/Animal-AI/models_arenas/arenas_paper/box_reason_1/c2_0697.yaml,0,1001,0,0,0,0.22566275,0.0
0.0,501,46934.351291,0,3,1000,/workspace7/Unity3D/gabriele/Animal-AI/models_arenas/arenas_paper/box_reason_1/c2_0505.yaml,0,1001,0,0,0,0.9742633,0.0
2.996,156,46939.529632,2.996000051498413,3,1000,/workspace7/Unity3D/gabriele/Animal-AI/models_arenas/arenas_paper/box_reason_1/c2_0665.yaml,0,0,0,0,0,0.0,0.0
0.0,501,46956.940596,0,3,1000,/workspace7/Unity3D/gabriele/Animal-AI/models_arenas/arenas_paper/box_reason_1/c2_0877.yaml,0,1001,0,0,0,0.47499824,0.0
0.0,501,46976.480105,0,3,1000,/workspace7/Unity3D/gabriele/Animal-AI/models_arenas/arenas_paper/box_reason_1/c2_0288.yaml,0,1001,0,0,0,0.22814475,0.0
0.0,501,46992.709581,0,3,1000,/workspace7/Unity3D/gabriele/Animal-AI/models_arenas/arenas_paper/box_reason_1/c2_0069.yaml,0,1001,0,0,0,0.3734021,0.0
2.996,156,47001.50848,2.996000051498413,3,1000,/workspace7/Unity3D/gabriele/Animal-AI/models_arenas/arenas_paper/box_reason_1/c2_0938.yaml,0,0,0,0,0,0.0,0.0
0.0,501,47018.965719,0,3,1000,/workspace7/Unity3D/gabriele/Animal-AI/models_arenas/arenas_paper/box_reason_1/c2_0445.yaml,0,1001,0,0,0,0.6041879,0.0
0.0,501,47039.163023,0,3,1000,/workspace7/Unity3D/gabriele/Animal-AI/models_arenas/arenas_paper/box_reason_1/c2_0797.yaml,0,1001,0,0,0,0.30132675,0.0
0.0,501,47056.383192,0,3,1000,/workspace7/Unity3D/gabriele/Animal-AI/models_arenas/arenas_paper/box_reason_1/c2_0283.yaml,0,1001,0,0,0,1.0358671,0.0
0.0,501,47076.47818,0,3,1000,/workspace7/Unity3D/gabriele/Animal-AI/models_arenas/arenas_paper/box_reason_1/c2_0402.yaml,0,1001,0,0,0,1.5035398,0.0
2.996,156,47081.450113,2.996000051498413,3,1000,/workspace7/Unity3D/gabriele/Animal-AI/models_arenas/arenas_paper/box_reason_1/c2_0266.yaml,0,0,0,0,0,0.0,0.0
0.0,501,47097.912916,0,3,1000,/workspace7/Unity3D/gabriele/Animal-AI/models_arenas/arenas_paper/box_reason_1/c2_0392.yaml,0,1001,0,0,0,0.18205169,0.0
0.0,501,47117.964157,0,3,1000,/workspace7/Unity3D/gabriele/Animal-AI/models_arenas/arenas_paper/box_reason_1/c2_0178.yaml,0,1001,0,0,0,0.24442382,0.0
0.0,501,47135.487447,0,3,1000,/workspace7/Unity3D/gabriele/Animal-AI/models_arenas/arenas_paper/box_reason_1/c2_0344.yaml,0,1001,0,0,0,0.20898478,0.0
0.0,501,47156.384937,0,3,1000,/workspace7/Unity3D/gabriele/Animal-AI/models_arenas/arenas_paper/box_reason_1/c2_0550.yaml,0,1001,0,0,0,0.18433629,0.0
0.0,501,47173.419754,0,3,1000,/workspace7/Unity3D/gabriele/Animal-AI/models_arenas/arenas_paper/box_reason_1/c2_0566.yaml,0,1001,0,0,0,0.24309357,0.0
0.0,501,47194.058767,0,3,1000,/workspace7/Unity3D/gabriele/Animal-AI/models_arenas/arenas_paper/box_reason_1/c2_0666.yaml,0,1001,0,0,0,0.34488398,0.0
0.0,501,47211.528734,0,3,1000,/workspace7/Unity3D/gabriele/Animal-AI/models_arenas/arenas_paper/box_reason_1/c2_0602.yaml,0,1001,0,0,0,0.28944117,0.0
0.0,501,47231.898356,0,3,1000,/workspace7/Unity3D/gabriele/Animal-AI/models_arenas/arenas_paper/box_reason_1/c2_0276.yaml,0,1001,0,0,0,0.35471457,0.0
2.996,156,47237.079251,2.996000051498413,3,1000,/workspace7/Unity3D/gabriele/Animal-AI/models_arenas/arenas_paper/box_reason_1/c2_0776.yaml,0,0,0,0,0,0.0,0.0
0.0,501,47254.093028,0,3,1000,/workspace7/Unity3D/gabriele/Animal-AI/models_arenas/arenas_paper/box_reason_1/c2_0941.yaml,0,1001,0,0,0,0.2592797,0.0
0.0,501,47274.620511,0,3,1000,/workspace7/Unity3D/gabriele/Animal-AI/models_arenas/arenas_paper/box_reason_1/c2_0777.yaml,0,1001,0,0,0,0.18086797,0.0
2.996,156,47279.833966,2.996000051498413,3,1000,/workspace7/Unity3D/gabriele/Animal-AI/models_arenas/arenas_paper/box_reason_1/c2_0454.yaml,0,0,0,0,0,0.0,0.0
0.0,501,47300.378904,0,3,1000,/workspace7/Unity3D/gabriele/Animal-AI/models_arenas/arenas_paper/box_reason_1/c2_0566.yaml,0,1001,0,0,0,0.20755255,0.0
0.0,501,47317.233205,0,3,1000,/workspace7/Unity3D/gabriele/Animal-AI/models_arenas/arenas_paper/box_reason_1/c2_0863.yaml,0,1001,0,0,0,0.26502568,0.0
0.0,501,47338.317238,0,3,1000,/workspace7/Unity3D/gabriele/Animal-AI/models_arenas/arenas_paper/box_reason_1/c2_0889.yaml,0,1001,0,0,0,0.31266817,0.0
0.0,501,47354.488606,0,3,1000,/workspace7/Unity3D/gabriele/Animal-AI/models_arenas/arenas_paper/box_reason_1/c2_0774.yaml,0,1001,0,0,0,0.16736166,0.0
2.996,156,47359.586001,2.996000051498413,3,1000,/workspace7/Unity3D/gabriele/Animal-AI/models_arenas/arenas_paper/box_reason_1/c2_0037.yaml,0,0,0,0,0,0.0,0.0
0.0,501,47380.553353,0,3,1000,/workspace7/Unity3D/gabriele/Animal-AI/models_arenas/arenas_paper/box_reason_1/c2_0113.yaml,0,1001,0,0,0,0.4526243,0.0
2.996,156,47385.152742,2.996000051498413,3,1000,/workspace7/Unity3D/gabriele/Animal-AI/models_arenas/arenas_paper/box_reason_1/c2_0987.yaml,0,0,0,0,0,0.0,0.0
0.0,501,47401.843075,0,3,1000,/workspace7/Unity3D/gabriele/Animal-AI/models_arenas/arenas_paper/box_reason_1/c2_0097.yaml,0,1001,0,0,0,0.19123223,0.0
0.0,501,47422.89053,0,3,1000,/workspace7/Unity3D/gabriele/Animal-AI/models_arenas/arenas_paper/box_reason_1/c2_0287.yaml,0,1001,0,0,0,2.067713,0.0
0.0,501,47440.158275,0,3,1000,/workspace7/Unity3D/gabriele/Animal-AI/models_arenas/arenas_paper/box_reason_1/c2_0778.yaml,0,1001,0,0,0,0.24760443,0.0
0.0,501,47461.237967,0,3,1000,/workspace7/Unity3D/gabriele/Animal-AI/models_arenas/arenas_paper/box_reason_1/c2_0765.yaml,0,1001,0,0,0,0.23015603,0.0
0.0,501,47478.67175,0,3,1000,/workspace7/Unity3D/gabriele/Animal-AI/models_arenas/arenas_paper/box_reason_1/c2_0116.yaml,0,1001,0,0,0,0.24831276,0.0
0.0,501,47499.44217,0,3,1000,/workspace7/Unity3D/gabriele/Animal-AI/models_arenas/arenas_paper/box_reason_1/c2_0892.yaml,0,1001,0,0,0,0.23248658,0.0
0.0,501,47516.970256,0,3,1000,/workspace7/Unity3D/gabriele/Animal-AI/models_arenas/arenas_paper/box_reason_1/c2_0677.yaml,0,1001,0,0,0,0.16593485,0.0
0.0,501,47538.051742,0,3,1000,/workspace7/Unity3D/gabriele/Animal-AI/models_arenas/arenas_paper/box_reason_1/c2_0235.yaml,0,1001,0,0,0,0.9597712,0.0
0.0,501,47555.458823,0,3,1000,/workspace7/Unity3D/gabriele/Animal-AI/models_arenas/arenas_paper/box_reason_1/c2_0956.yaml,0,1001,0,0,0,0.29253727,0.0
0.0,501,47575.946645,0,3,1000,/workspace7/Unity3D/gabriele/Animal-AI/models_arenas/arenas_paper/box_reason_1/c2_0269.yaml,0,1001,0,0,0,0.24357115,0.0
0.0,501,47592.796893,0,3,1000,/workspace7/Unity3D/gabriele/Animal-AI/models_arenas/arenas_paper/box_reason_1/c2_0481.yaml,0,1001,0,0,0,0.2611249,0.0
0.0,501,47613.774551,0,3,1000,/workspace7/Unity3D/gabriele/Animal-AI/models_arenas/arenas_paper/box_reason_1/c2_0609.yaml,0,1001,0,0,0,0.19536754,0.0
0.0,501,47630.657099,0,3,1000,/workspace7/Unity3D/gabriele/Animal-AI/models_arenas/arenas_paper/box_reason_1/c2_0963.yaml,0,1001,0,0,0,0.21080834,0.0
0.0,501,47650.926639,0,3,1000,/workspace7/Unity3D/gabriele/Animal-AI/models_arenas/arenas_paper/box_reason_1/c2_0729.yaml,0,1001,0,0,0,0.17844743,0.0
0.0,501,47667.842,0,3,1000,/workspace7/Unity3D/gabriele/Animal-AI/models_arenas/arenas_paper/box_reason_1/c2_0565.yaml,0,1001,0,0,0,0.1285598,0.0
0.0,501,47687.611274,0,3,1000,/workspace7/Unity3D/gabriele/Animal-AI/models_arenas/arenas_paper/box_reason_1/c2_0846.yaml,0,1001,0,0,0,0.22031166,0.0
0.0,501,47704.663621,0,3,1000,/workspace7/Unity3D/gabriele/Animal-AI/models_arenas/arenas_paper/box_reason_1/c2_0094.yaml,0,1001,0,0,0,0.12729217,0.0
2.996,156,47713.21279,2.996000051498413,3,1000,/workspace7/Unity3D/gabriele/Animal-AI/models_arenas/arenas_paper/box_reason_1/c2_0010.yaml,0,0,0,0,0,0.0,0.0
0.0,501,47729.105649,0,3,1000,/workspace7/Unity3D/gabriele/Animal-AI/models_arenas/arenas_paper/box_reason_1/c2_0310.yaml,0,1001,0,0,0,0.14169377,0.0
0.0,501,47749.081508,0,3,1000,/workspace7/Unity3D/gabriele/Animal-AI/models_arenas/arenas_paper/box_reason_1/c2_0358.yaml,0,1001,0,0,0,0.12486532,0.0
0.0,501,47765.762649,0,3,1000,/workspace7/Unity3D/gabriele/Animal-AI/models_arenas/arenas_paper/box_reason_1/c2_0967.yaml,0,1001,0,0,0,0.24033962,0.0
0.0,501,47786.497184,0,3,1000,/workspace7/Unity3D/gabriele/Animal-AI/models_arenas/arenas_paper/box_reason_1/c2_0424.yaml,0,1001,0,0,0,0.2634438,0.0
0.0,501,47803.919456,0,3,1000,/workspace7/Unity3D/gabriele/Animal-AI/models_arenas/arenas_paper/box_reason_1/c2_0529.yaml,0,1001,0,0,0,0.26075348,0.0
0.0,501,47825.08308,0,3,1000,/workspace7/Unity3D/gabriele/Animal-AI/models_arenas/arenas_paper/box_reason_1/c2_0445.yaml,0,1001,0,0,0,0.47717053,0.0
0.0,501,47842.564448,0,3,1000,/workspace7/Unity3D/gabriele/Animal-AI/models_arenas/arenas_paper/box_reason_1/c2_0968.yaml,0,1001,0,0,0,0.20274803,0.0
0.0,501,47863.268751,0,3,1000,/workspace7/Unity3D/gabriele/Animal-AI/models_arenas/arenas_paper/box_reason_1/c2_0900.yaml,0,1001,0,0,0,0.21231219,0.0
0.0,501,47879.578897,0,3,1000,/workspace7/Unity3D/gabriele/Animal-AI/models_arenas/arenas_paper/box_reason_1/c2_0725.yaml,0,1001,0,0,0,0.16807967,0.0
0.0,501,47899.756793,0,3,1000,/workspace7/Unity3D/gabriele/Animal-AI/models_arenas/arenas_paper/box_reason_1/c2_0053.yaml,0,1001,0,0,0,0.21897618,0.0
0.0,501,47915.374042,0,3,1000,/workspace7/Unity3D/gabriele/Animal-AI/models_arenas/arenas_paper/box_reason_1/c2_0788.yaml,0,1001,0,0,0,0.18608378,0.0
0.0,501,47936.057055,0,3,1000,/workspace7/Unity3D/gabriele/Animal-AI/models_arenas/arenas_paper/box_reason_1/c2_0534.yaml,0,1001,0,0,0,0.2160936,0.0
0.0,501,47952.864522,0,3,1000,/workspace7/Unity3D/gabriele/Animal-AI/models_arenas/arenas_paper/box_reason_1/c2_0491.yaml,0,1001,0,0,0,0.7705404,0.0
0.0,501,47972.747118,0,3,1000,/workspace7/Unity3D/gabriele/Animal-AI/models_arenas/arenas_paper/box_reason_1/c2_0567.yaml,0,1001,0,0,0,0.29174638,0.0
0.0,501,47988.304286,0,3,1000,/workspace7/Unity3D/gabriele/Animal-AI/models_arenas/arenas_paper/box_reason_1/c2_0667.yaml,0,1001,0,0,0,1.3333795,0.0
0.0,501,48008.926759,0,3,1000,/workspace7/Unity3D/gabriele/Animal-AI/models_arenas/arenas_paper/box_reason_1/c2_0404.yaml,0,1001,0,0,0,0.28826395,0.0
2.996,156,48013.941854,2.996000051498413,3,1000,/workspace7/Unity3D/gabriele/Animal-AI/models_arenas/arenas_paper/box_reason_1/c2_0802.yaml,0,0,0,0,0,0.0,0.0
0.0,501,48030.166654,0,3,1000,/workspace7/Unity3D/gabriele/Animal-AI/models_arenas/arenas_paper/box_reason_1/c2_0550.yaml,0,1001,0,0,0,0.3588902,0.0
0.0,501,48050.708947,0,3,1000,/workspace7/Unity3D/gabriele/Animal-AI/models_arenas/arenas_paper/box_reason_1/c2_0878.yaml,0,1001,0,0,0,0.14231871,0.0
0.0,501,48067.411573,0,3,1000,/workspace7/Unity3D/gabriele/Animal-AI/models_arenas/arenas_paper/box_reason_1/c2_0193.yaml,0,1001,0,0,0,0.38297135,0.0
0.0,501,48088.274414,0,3,1000,/workspace7/Unity3D/gabriele/Animal-AI/models_arenas/arenas_paper/box_reason_1/c2_0801.yaml,0,1001,0,0,0,0.30715328,0.0
0.0,501,48105.064973,0,3,1000,/workspace7/Unity3D/gabriele/Animal-AI/models_arenas/arenas_paper/box_reason_1/c2_0820.yaml,0,1001,0,0,0,0.31356308,0.0
0.0,501,48125.042964,0,3,1000,/workspace7/Unity3D/gabriele/Animal-AI/models_arenas/arenas_paper/box_reason_1/c2_0033.yaml,0,1001,0,0,0,0.3044946,0.0
0.0,501,48141.849744,0,3,1000,/workspace7/Unity3D/gabriele/Animal-AI/models_arenas/arenas_paper/box_reason_1/c2_0385.yaml,0,1001,0,0,0,0.23449677,0.0
0.0,501,48161.953903,0,3,1000,/workspace7/Unity3D/gabriele/Animal-AI/models_arenas/arenas_paper/box_reason_1/c2_0096.yaml,0,1001,0,0,0,0.31597394,0.0
0.0,501,48179.351181,0,3,1000,/workspace7/Unity3D/gabriele/Animal-AI/models_arenas/arenas_paper/box_reason_1/c2_0799.yaml,0,1001,0,0,0,0.28533506,0.0
0.0,501,48200.43661,0,3,1000,/workspace7/Unity3D/gabriele/Animal-AI/models_arenas/arenas_paper/box_reason_1/c2_0675.yaml,0,1001,0,0,0,0.23279999,0.0
0.0,501,48217.867058,0,3,1000,/workspace7/Unity3D/gabriele/Animal-AI/models_arenas/arenas_paper/box_reason_1/c2_0197.yaml,0,1001,0,0,0,0.33196673,0.0
0.0,501,48238.948689,0,3,1000,/workspace7/Unity3D/gabriele/Animal-AI/models_arenas/arenas_paper/box_reason_1/c2_0839.yaml,0,1001,0,0,0,0.37570998,0.0
0.0,501,48255.58131,0,3,1000,/workspace7/Unity3D/gabriele/Animal-AI/models_arenas/arenas_paper/box_reason_1/c2_0156.yaml,0,1001,0,0,0,0.21647713,0.0
0.0,501,48275.64905,0,3,1000,/workspace7/Unity3D/gabriele/Animal-AI/models_arenas/arenas_paper/box_reason_1/c2_0778.yaml,0,1001,0,0,0,0.3376654,0.0
0.0,501,48292.611333,0,3,1000,/workspace7/Unity3D/gabriele/Animal-AI/models_arenas/arenas_paper/box_reason_1/c2_0969.yaml,0,1001,0,0,0,0.15969154,0.0
0.0,501,48313.414438,0,3,1000,/workspace7/Unity3D/gabriele/Animal-AI/models_arenas/arenas_paper/box_reason_1/c2_0362.yaml,0,1001,0,0,0,0.2807017,0.0
2.996,440,48327.316942,2.996000051498413,3,1000,/workspace7/Unity3D/gabriele/Animal-AI/models_arenas/arenas_paper/box_reason_1/c2_0384.yaml,2.996000051498413,879,0,0,0,2.4425006,0.0
0.0,501,48347.319777,0,3,1000,/workspace7/Unity3D/gabriele/Animal-AI/models_arenas/arenas_paper/box_reason_1/c2_0720.yaml,0,1001,0,0,0,0.25645274,0.0
0.0,501,48364.585315,0,3,1000,/workspace7/Unity3D/gabriele/Animal-AI/models_arenas/arenas_paper/box_reason_1/c2_0141.yaml,0,1001,0,0,0,0.2294856,0.0
0.0,501,48385.427243,0,3,1000,/workspace7/Unity3D/gabriele/Animal-AI/models_arenas/arenas_paper/box_reason_1/c2_0728.yaml,0,1001,0,0,0,0.24168412,0.0
0.0,501,48402.057029,0,3,1000,/workspace7/Unity3D/gabriele/Animal-AI/models_arenas/arenas_paper/box_reason_1/c2_0826.yaml,0,1001,0,0,0,0.21462952,0.0
2.996,156,48407.281437,2.996000051498413,3,1000,/workspace7/Unity3D/gabriele/Animal-AI/models_arenas/arenas_paper/box_reason_1/c2_0292.yaml,0,0,0,0,0,0.0,0.0
0.0,501,48427.413278,0,3,1000,/workspace7/Unity3D/gabriele/Animal-AI/models_arenas/arenas_paper/box_reason_1/c2_0511.yaml,0,1001,0,0,0,0.6986011,0.0
0.0,501,48444.277025,0,3,1000,/workspace7/Unity3D/gabriele/Animal-AI/models_arenas/arenas_paper/box_reason_1/c2_0397.yaml,0,1001,0,0,0,0.16879378,0.0
0.0,501,48466.297438,0,3,1000,/workspace7/Unity3D/gabriele/Animal-AI/models_arenas/arenas_paper/box_reason_1/c2_0046.yaml,0,1001,0,0,0,0.43010908,0.0
0.0,501,48483.321465,0,3,1000,/workspace7/Unity3D/gabriele/Animal-AI/models_arenas/arenas_paper/box_reason_1/c2_0316.yaml,0,1001,0,0,0,0.7164064,0.0
0.0,501,48504.111072,0,3,1000,/workspace7/Unity3D/gabriele/Animal-AI/models_arenas/arenas_paper/box_reason_1/c2_0400.yaml,0,1001,0,0,0,0.15849744,0.0
0.0,501,48521.495855,0,3,1000,/workspace7/Unity3D/gabriele/Animal-AI/models_arenas/arenas_paper/box_reason_1/c2_0102.yaml,0,1001,0,0,0,0.3938893,0.0
0.0,501,48541.979854,0,3,1000,/workspace7/Unity3D/gabriele/Animal-AI/models_arenas/arenas_paper/box_reason_1/c2_0918.yaml,0,1001,0,0,0,0.50463194,0.0
2.996,440,48555.369432,2.996000051498413,3,1000,/workspace7/Unity3D/gabriele/Animal-AI/models_arenas/arenas_paper/box_reason_1/c2_0828.yaml,0,0,0,0,0,0.0,0.0
2.996,300,48568.31377,2.996000051498413,3,1000,/workspace7/Unity3D/gabriele/Animal-AI/models_arenas/arenas_paper/box_reason_1/c2_0342.yaml,2.996000051498413,599,0,0,0,1.0033727,0.0
0.0,501,48584.83186,0,3,1000,/workspace7/Unity3D/gabriele/Animal-AI/models_arenas/arenas_paper/box_reason_1/c2_0144.yaml,0,1001,0,0,0,0.40163362,0.0
0.0,501,48605.573332,0,3,1000,/workspace7/Unity3D/gabriele/Animal-AI/models_arenas/arenas_paper/box_reason_1/c2_0061.yaml,0,1001,0,0,0,0.21218494,0.0
0.0,501,48621.406271,0,3,1000,/workspace7/Unity3D/gabriele/Animal-AI/models_arenas/arenas_paper/box_reason_1/c2_0858.yaml,0,1001,0,0,0,0.23725641,0.0
0.0,501,48641.931934,0,3,1000,/workspace7/Unity3D/gabriele/Animal-AI/models_arenas/arenas_paper/box_reason_1/c2_0553.yaml,0,1001,0,0,0,0.40245253,0.0
0.0,501,48659.119107,0,3,1000,/workspace7/Unity3D/gabriele/Animal-AI/models_arenas/arenas_paper/box_reason_1/c2_0066.yaml,0,1001,0,0,0,1.1914586,0.0
0.0,501,48679.68356,0,3,1000,/workspace7/Unity3D/gabriele/Animal-AI/models_arenas/arenas_paper/box_reason_1/c2_0047.yaml,0,1001,0,0,0,0.42820233,0.0
0.0,501,48696.560313,0,3,1000,/workspace7/Unity3D/gabriele/Animal-AI/models_arenas/arenas_paper/box_reason_1/c2_0473.yaml,0,1001,0,0,0,0.20677811,0.0
0.0,501,48717.137561,0,3,1000,/workspace7/Unity3D/gabriele/Animal-AI/models_arenas/arenas_paper/box_reason_1/c2_0129.yaml,0,1001,0,0,0,0.2542389,0.0
0.0,501,48734.003233,0,3,1000,/workspace7/Unity3D/gabriele/Animal-AI/models_arenas/arenas_paper/box_reason_1/c2_0636.yaml,0,1001,0,0,0,1.1432883,0.0
0.0,501,48753.948149,0,3,1000,/workspace7/Unity3D/gabriele/Animal-AI/models_arenas/arenas_paper/box_reason_1/c2_0485.yaml,0,1001,0,0,0,0.16262193,0.0
0.0,501,48770.561975,0,3,1000,/workspace7/Unity3D/gabriele/Animal-AI/models_arenas/arenas_paper/box_reason_1/c2_0467.yaml,0,1001,0,0,0,0.17852247,0.0
0.0,501,48790.507524,0,3,1000,/workspace7/Unity3D/gabriele/Animal-AI/models_arenas/arenas_paper/box_reason_1/c2_0898.yaml,0,1001,0,0,0,0.23358317,0.0
2.996,440,48804.946852,2.996000051498413,3,1000,/workspace7/Unity3D/gabriele/Animal-AI/models_arenas/arenas_paper/box_reason_1/c2_0703.yaml,0,0,0,0,0,0.0,0.0
0.0,501,48824.586184,0,3,1000,/workspace7/Unity3D/gabriele/Animal-AI/models_arenas/arenas_paper/box_reason_1/c2_0452.yaml,0,1001,0,0,0,0.2532285,0.0
0.0,501,48840.324893,0,3,1000,/workspace7/Unity3D/gabriele/Animal-AI/models_arenas/arenas_paper/box_reason_1/c2_0072.yaml,0,1001,0,0,0,0.22409317,0.0
0.0,501,48860.952178,0,3,1000,/workspace7/Unity3D/gabriele/Animal-AI/models_arenas/arenas_paper/box_reason_1/c2_0368.yaml,0,1001,0,0,0,0.16697459,0.0
0.0,501,48877.885273,0,3,1000,/workspace7/Unity3D/gabriele/Animal-AI/models_arenas/arenas_paper/box_reason_1/c2_0714.yaml,0,1001,0,0,0,0.16933332,0.0
2.996,300,48887.905508,2.996000051498413,3,1000,/workspace7/Unity3D/gabriele/Animal-AI/models_arenas/arenas_paper/box_reason_1/c2_0035.yaml,0,0,0,0,0,0.0,0.0
0.0,501,48908.718107,0,3,1000,/workspace7/Unity3D/gabriele/Animal-AI/models_arenas/arenas_paper/box_reason_1/c2_0543.yaml,0,1001,0,0,0,0.17577523,0.0
2.996,156,48913.677116,2.996000051498413,3,1000,/workspace7/Unity3D/gabriele/Animal-AI/models_arenas/arenas_paper/box_reason_1/c2_0865.yaml,0,0,0,0,0,0.0,0.0
0.0,501,48933.92261,0,3,1000,/workspace7/Unity3D/gabriele/Animal-AI/models_arenas/arenas_paper/box_reason_1/c2_0511.yaml,0,1001,0,0,0,0.5327016,0.0
0.0,501,48951.404232,0,3,1000,/workspace7/Unity3D/gabriele/Animal-AI/models_arenas/arenas_paper/box_reason_1/c2_0191.yaml,0,1001,0,0,0,0.2759727,0.0
0.0,501,48972.066461,0,3,1000,/workspace7/Unity3D/gabriele/Animal-AI/models_arenas/arenas_paper/box_reason_1/c2_0106.yaml,0,1001,0,0,0,0.28665012,0.0
0.0,501,48989.004225,0,3,1000,/workspace7/Unity3D/gabriele/Animal-AI/models_arenas/arenas_paper/box_reason_1/c2_0681.yaml,0,1001,0,0,0,0.27269983,0.0
0.0,501,49009.884113,0,3,1000,/workspace7/Unity3D/gabriele/Animal-AI/models_arenas/arenas_paper/box_reason_1/c2_0675.yaml,0,1001,0,0,0,0.17675327,0.0
0.0,501,49026.7253,0,3,1000,/workspace7/Unity3D/gabriele/Animal-AI/models_arenas/arenas_paper/box_reason_1/c2_0481.yaml,0,1001,0,0,0,0.23277038,0.0
0.0,501,49047.07486,0,3,1000,/workspace7/Unity3D/gabriele/Animal-AI/models_arenas/arenas_paper/box_reason_1/c2_0561.yaml,0,1001,0,0,0,0.18858549,0.0
0.0,501,49064.369394,0,3,1000,/workspace7/Unity3D/gabriele/Animal-AI/models_arenas/arenas_paper/box_reason_1/c2_0994.yaml,0,1001,0,0,0,0.14741409,0.0
0.0,501,49085.31127,0,3,1000,/workspace7/Unity3D/gabriele/Animal-AI/models_arenas/arenas_paper/box_reason_1/c2_0515.yaml,0,1001,0,0,0,0.16220497,0.0
0.0,501,49102.275571,0,3,1000,/workspace7/Unity3D/gabriele/Animal-AI/models_arenas/arenas_paper/box_reason_1/c2_0657.yaml,0,1001,0,0,0,0.18438117,0.0
0.0,501,49122.449511,0,3,1000,/workspace7/Unity3D/gabriele/Animal-AI/models_arenas/arenas_paper/box_reason_1/c2_0798.yaml,0,1001,0,0,0,0.289088,0.0
0.0,501,49139.064926,0,3,1000,/workspace7/Unity3D/gabriele/Animal-AI/models_arenas/arenas_paper/box_reason_1/c2_0664.yaml,0,1001,0,0,0,0.21476193,0.0
0.0,501,49159.992018,0,3,1000,/workspace7/Unity3D/gabriele/Animal-AI/models_arenas/arenas_paper/box_reason_1/c2_0809.yaml,0,1001,0,0,0,0.12987116,0.0
2.996,156,49165.222428,2.996000051498413,3,1000,/workspace7/Unity3D/gabriele/Animal-AI/models_arenas/arenas_paper/box_reason_1/c2_0578.yaml,0,0,0,0,0,0.0,0.0
2.996,300,49174.850906,2.996000051498413,3,1000,/workspace7/Unity3D/gabriele/Animal-AI/models_arenas/arenas_paper/box_reason_1/c2_0771.yaml,0,0,0,0,0,0.0,0.0
0.0,501,49195.546112,0,3,1000,/workspace7/Unity3D/gabriele/Animal-AI/models_arenas/arenas_paper/box_reason_1/c2_0904.yaml,0,1001,0,0,0,0.1828923,0.0
0.0,501,49212.883405,0,3,1000,/workspace7/Unity3D/gabriele/Animal-AI/models_arenas/arenas_paper/box_reason_1/c2_0222.yaml,0,1001,0,0,0,0.7905389,0.0
0.0,501,49233.773838,0,3,1000,/workspace7/Unity3D/gabriele/Animal-AI/models_arenas/arenas_paper/box_reason_1/c2_0556.yaml,0,1001,0,0,0,0.25194055,0.0
0.0,501,49250.750477,0,3,1000,/workspace7/Unity3D/gabriele/Animal-AI/models_arenas/arenas_paper/box_reason_1/c2_0963.yaml,0,1001,0,0,0,0.14878076,0.0
0.0,501,49271.05416,0,3,1000,/workspace7/Unity3D/gabriele/Animal-AI/models_arenas/arenas_paper/box_reason_1/c2_0682.yaml,0,1001,0,0,0,0.19916175,0.0
0.0,501,49287.098584,0,3,1000,/workspace7/Unity3D/gabriele/Animal-AI/models_arenas/arenas_paper/box_reason_1/c2_0932.yaml,0,1001,0,0,0,0.24233833,0.0
0.0,501,49307.409309,0,3,1000,/workspace7/Unity3D/gabriele/Animal-AI/models_arenas/arenas_paper/box_reason_1/c2_0524.yaml,0,1001,0,0,0,0.63772446,0.0
0.0,501,49324.917984,0,3,1000,/workspace7/Unity3D/gabriele/Animal-AI/models_arenas/arenas_paper/box_reason_1/c2_0907.yaml,0,1001,0,0,0,0.24577387,0.0
0.0,501,49345.953816,0,3,1000,/workspace7/Unity3D/gabriele/Animal-AI/models_arenas/arenas_paper/box_reason_1/c2_0980.yaml,0,1001,0,0,0,0.25600457,0.0
0.0,501,49362.924781,0,3,1000,/workspace7/Unity3D/gabriele/Animal-AI/models_arenas/arenas_paper/box_reason_1/c2_0045.yaml,0,1001,0,0,0,0.20965333,0.0
0.0,501,49383.165654,0,3,1000,/workspace7/Unity3D/gabriele/Animal-AI/models_arenas/arenas_paper/box_reason_1/c2_0198.yaml,0,1001,0,0,0,0.43549258,0.0
0.0,501,49400.157054,0,3,1000,/workspace7/Unity3D/gabriele/Animal-AI/models_arenas/arenas_paper/box_reason_1/c2_0812.yaml,0,1001,0,0,0,0.16814855,0.0
2.996,156,49405.174471,2.996000051498413,3,1000,/workspace7/Unity3D/gabriele/Animal-AI/models_arenas/arenas_paper/box_reason_1/c2_0245.yaml,0,0,0,0,0,0.0,0.0
0.0,501,49424.361381,0,3,1000,/workspace7/Unity3D/gabriele/Animal-AI/models_arenas/arenas_paper/box_reason_1/c2_0581.yaml,0,1001,0,0,0,0.29067892,0.0
0.0,501,49441.655885,0,3,1000,/workspace7/Unity3D/gabriele/Animal-AI/models_arenas/arenas_paper/box_reason_1/c2_0104.yaml,0,1001,0,0,0,0.17764626,0.0
0.0,501,49461.93533,0,3,1000,/workspace7/Unity3D/gabriele/Animal-AI/models_arenas/arenas_paper/box_reason_1/c2_0375.yaml,0,1001,0,0,0,0.23388574,0.0
0.0,501,49479.505346,0,3,1000,/workspace7/Unity3D/gabriele/Animal-AI/models_arenas/arenas_paper/box_reason_1/c2_0034.yaml,0,1001,0,0,0,0.17615473,0.0
0.0,501,49500.11691,0,3,1000,/workspace7/Unity3D/gabriele/Animal-AI/models_arenas/arenas_paper/box_reason_1/c2_0564.yaml,0,1001,0,0,0,0.5854718,0.0
0.0,501,49516.374338,0,3,1000,/workspace7/Unity3D/gabriele/Animal-AI/models_arenas/arenas_paper/box_reason_1/c2_0580.yaml,0,1001,0,0,0,0.15539342,0.0
0.0,501,49537.15161,0,3,1000,/workspace7/Unity3D/gabriele/Animal-AI/models_arenas/arenas_paper/box_reason_1/c2_0048.yaml,0,1001,0,0,0,0.16175291,0.0
0.0,501,49554.358573,0,3,1000,/workspace7/Unity3D/gabriele/Animal-AI/models_arenas/arenas_paper/box_reason_1/c2_0639.yaml,0,1001,0,0,0,0.2779988,0.0
0.0,501,49575.133861,0,3,1000,/workspace7/Unity3D/gabriele/Animal-AI/models_arenas/arenas_paper/box_reason_1/c2_0582.yaml,0,1001,0,0,0,0.22927207,0.0
0.0,501,49591.995159,0,3,1000,/workspace7/Unity3D/gabriele/Animal-AI/models_arenas/arenas_paper/box_reason_1/c2_0872.yaml,0,1001,0,0,0,0.17975022,0.0
0.0,501,49612.159792,0,3,1000,/workspace7/Unity3D/gabriele/Animal-AI/models_arenas/arenas_paper/box_reason_1/c2_0036.yaml,0,1001,0,0,0,0.23987913,0.0
0.0,501,49629.203521,0,3,1000,/workspace7/Unity3D/gabriele/Animal-AI/models_arenas/arenas_paper/box_reason_1/c2_0694.yaml,0,1001,0,0,0,0.2263216,0.0
0.0,501,49649.989043,0,3,1000,/workspace7/Unity3D/gabriele/Animal-AI/models_arenas/arenas_paper/box_reason_1/c2_0850.yaml,0,1001,0,0,0,0.16957979,0.0
0.0,501,49667.070897,0,3,1000,/workspace7/Unity3D/gabriele/Animal-AI/models_arenas/arenas_paper/box_reason_1/c2_0386.yaml,0,1001,0,0,0,0.17686972,0.0
0.0,501,49687.529888,0,3,1000,/workspace7/Unity3D/gabriele/Animal-AI/models_arenas/arenas_paper/box_reason_1/c2_0188.yaml,0,1001,0,0,0,0.17439598,0.0
0.0,501,49705.014333,0,3,1000,/workspace7/Unity3D/gabriele/Animal-AI/models_arenas/arenas_paper/box_reason_1/c2_0381.yaml,0,1001,0,0,0,0.39348865,0.0
0.0,501,49724.781039,0,3,1000,/workspace7/Unity3D/gabriele/Animal-AI/models_arenas/arenas_paper/box_reason_1/c2_0127.yaml,0,1001,0,0,0,0.22159329,0.0
0.0,501,49741.937054,0,3,1000,/workspace7/Unity3D/gabriele/Animal-AI/models_arenas/arenas_paper/box_reason_1/c2_0737.yaml,0,1001,0,0,0,0.18482453,0.0
0.0,501,49762.285672,0,3,1000,/workspace7/Unity3D/gabriele/Animal-AI/models_arenas/arenas_paper/box_reason_1/c2_0095.yaml,0,1001,0,0,0,1.7784243,0.0
0.0,501,49779.075219,0,3,1000,/workspace7/Unity3D/gabriele/Animal-AI/models_arenas/arenas_paper/box_reason_1/c2_0347.yaml,0,1001,0,0,0,0.19580354,0.0
0.0,501,49800.130908,0,3,1000,/workspace7/Unity3D/gabriele/Animal-AI/models_arenas/arenas_paper/box_reason_1/c2_0926.yaml,0,1001,0,0,0,0.34455273,0.0
0.0,501,49816.837273,0,3,1000,/workspace7/Unity3D/gabriele/Animal-AI/models_arenas/arenas_paper/box_reason_1/c2_0359.yaml,0,1001,0,0,0,0.2828643,0.0
0.0,501,49836.186231,0,3,1000,/workspace7/Unity3D/gabriele/Animal-AI/models_arenas/arenas_paper/box_reason_1/c2_0169.yaml,0,1001,0,0,0,0.15810087,0.0
0.0,501,49853.538895,0,3,1000,/workspace7/Unity3D/gabriele/Animal-AI/models_arenas/arenas_paper/box_reason_1/c2_0963.yaml,0,1001,0,0,0,0.23438413,0.0
2.996,440,49871.637429,2.996000051498413,3,1000,/workspace7/Unity3D/gabriele/Animal-AI/models_arenas/arenas_paper/box_reason_1/c2_0079.yaml,0,0,0,0,0,0.0,0.0
0.0,501,49889.121859,0,3,1000,/workspace7/Unity3D/gabriele/Animal-AI/models_arenas/arenas_paper/box_reason_1/c2_0334.yaml,0,1001,0,0,0,0.23853791,0.0
0.0,501,49910.110512,0,3,1000,/workspace7/Unity3D/gabriele/Animal-AI/models_arenas/arenas_paper/box_reason_1/c2_0408.yaml,0,1001,0,0,0,0.2368868,0.0
2.996,440,49924.824384,2.996000051498413,3,1000,/workspace7/Unity3D/gabriele/Animal-AI/models_arenas/arenas_paper/box_reason_1/c2_0036.yaml,0,0,0,0,0,0.0,0.0
2.996,156,49930.027271,2.996000051498413,3,1000,/workspace7/Unity3D/gabriele/Animal-AI/models_arenas/arenas_paper/box_reason_1/c2_0274.yaml,0,0,0,0,0,0.0,0.0
2.996,300,49943.560085,2.996000051498413,3,1000,/workspace7/Unity3D/gabriele/Animal-AI/models_arenas/arenas_paper/box_reason_1/c2_0346.yaml,0,0,0,0,0,0.0,0.0
0.0,501,49960.042919,0,3,1000,/workspace7/Unity3D/gabriele/Animal-AI/models_arenas/arenas_paper/box_reason_1/c2_0122.yaml,0,1001,0,0,0,0.46754575,0.0
0.0,501,49980.222921,0,3,1000,/workspace7/Unity3D/gabriele/Animal-AI/models_arenas/arenas_paper/box_reason_1/c2_0850.yaml,0,1001,0,0,0,0.5695497,0.0
0.0,501,49996.692671,0,3,1000,/workspace7/Unity3D/gabriele/Animal-AI/models_arenas/arenas_paper/box_reason_1/c2_0553.yaml,0,1001,0,0,0,0.23056734,0.0
0.0,501,50015.907735,0,3,1000,/workspace7/Unity3D/gabriele/Animal-AI/models_arenas/arenas_paper/box_reason_1/c2_0716.yaml,0,1001,0,0,0,0.29712063,0.0
0.0,501,50032.619935,0,3,1000,/workspace7/Unity3D/gabriele/Animal-AI/models_arenas/arenas_paper/box_reason_1/c2_0983.yaml,0,1001,0,0,0,0.26067576,0.0
0.0,501,50053.233337,0,3,1000,/workspace7/Unity3D/gabriele/Animal-AI/models_arenas/arenas_paper/box_reason_1/c2_0891.yaml,0,1001,0,0,0,0.18436319,0.0
0.0,501,50070.768196,0,3,1000,/workspace7/Unity3D/gabriele/Animal-AI/models_arenas/arenas_paper/box_reason_1/c2_0870.yaml,0,1001,0,0,0,0.46269208,0.0
0.0,501,50090.607727,0,3,1000,/workspace7/Unity3D/gabriele/Animal-AI/models_arenas/arenas_paper/box_reason_1/c2_0804.yaml,0,1001,0,0,0,0.2580332,0.0
0.0,501,50107.475206,0,3,1000,/workspace7/Unity3D/gabriele/Animal-AI/models_arenas/arenas_paper/box_reason_1/c2_0550.yaml,0,1001,0,0,0,0.22151247,0.0
0.0,501,50128.055396,0,3,1000,/workspace7/Unity3D/gabriele/Animal-AI/models_arenas/arenas_paper/box_reason_1/c2_0809.yaml,0,1001,0,0,0,0.26610202,0.0
0.0,501,50145.477562,0,3,1000,/workspace7/Unity3D/gabriele/Animal-AI/models_arenas/arenas_paper/box_reason_1/c2_0924.yaml,0,1001,0,0,0,0.2879507,0.0
0.0,501,50165.775525,0,3,1000,/workspace7/Unity3D/gabriele/Animal-AI/models_arenas/arenas_paper/box_reason_1/c2_0209.yaml,0,1001,0,0,0,0.6452782,0.0
0.0,501,50181.898399,0,3,1000,/workspace7/Unity3D/gabriele/Animal-AI/models_arenas/arenas_paper/box_reason_1/c2_0179.yaml,0,1001,0,0,0,0.5779272,0.0
0.0,501,50202.595308,0,3,1000,/workspace7/Unity3D/gabriele/Animal-AI/models_arenas/arenas_paper/box_reason_1/c2_0866.yaml,0,1001,0,0,0,0.26789936,0.0
2.996,156,50207.556882,2.996000051498413,3,1000,/workspace7/Unity3D/gabriele/Animal-AI/models_arenas/arenas_paper/box_reason_1/c2_0277.yaml,0,0,0,0,0,0.0,0.0
0.0,501,50224.661385,0,3,1000,/workspace7/Unity3D/gabriele/Animal-AI/models_arenas/arenas_paper/box_reason_1/c2_0885.yaml,0,1001,0,0,0,0.27026254,0.0
0.0,501,50244.842763,0,3,1000,/workspace7/Unity3D/gabriele/Animal-AI/models_arenas/arenas_paper/box_reason_1/c2_0796.yaml,0,1001,0,0,0,0.26128313,0.0
0.0,501,50262.697835,0,3,1000,/workspace7/Unity3D/gabriele/Animal-AI/models_arenas/arenas_paper/box_reason_1/c2_0861.yaml,0,1001,0,0,0,0.7638693,0.0
0.0,501,50283.548924,0,3,1000,/workspace7/Unity3D/gabriele/Animal-AI/models_arenas/arenas_paper/box_reason_1/c2_0278.yaml,0,1001,0,0,0,0.2839295,0.0
0.0,501,50300.240885,0,3,1000,/workspace7/Unity3D/gabriele/Animal-AI/models_arenas/arenas_paper/box_reason_1/c2_0041.yaml,0,1001,0,0,0,0.5112958,0.0
0.0,501,50319.962441,0,3,1000,/workspace7/Unity3D/gabriele/Animal-AI/models_arenas/arenas_paper/box_reason_1/c2_0484.yaml,0,1001,0,0,0,0.44276217,0.0
0.0,501,50336.219787,0,3,1000,/workspace7/Unity3D/gabriele/Animal-AI/models_arenas/arenas_paper/box_reason_1/c2_0341.yaml,0,1001,0,0,0,1.3197715,0.0
0.0,501,50356.896617,0,3,1000,/workspace7/Unity3D/gabriele/Animal-AI/models_arenas/arenas_paper/box_reason_1/c2_0987.yaml,0,1001,0,0,0,0.2919552,0.0
0.0,501,50373.016234,0,3,1000,/workspace7/Unity3D/gabriele/Animal-AI/models_arenas/arenas_paper/box_reason_1/c2_0617.yaml,0,1001,0,0,0,0.7213972,0.0
0.0,501,50393.618773,0,3,1000,/workspace7/Unity3D/gabriele/Animal-AI/models_arenas/arenas_paper/box_reason_1/c2_0255.yaml,0,1001,0,0,0,0.30883503,0.0
0.0,501,50410.373192,0,3,1000,/workspace7/Unity3D/gabriele/Animal-AI/models_arenas/arenas_paper/box_reason_1/c2_0085.yaml,0,1001,0,0,0,0.23200297,0.0
0.0,501,50430.979801,0,3,1000,/workspace7/Unity3D/gabriele/Animal-AI/models_arenas/arenas_paper/box_reason_1/c2_0833.yaml,0,1001,0,0,0,0.19713566,0.0
2.996,156,50436.042153,2.996000051498413,3,1000,/workspace7/Unity3D/gabriele/Animal-AI/models_arenas/arenas_paper/box_reason_1/c2_0781.yaml,0,0,0,0,0,0.0,0.0
2.996,300,50446.103003,2.996000051498413,3,1000,/workspace7/Unity3D/gabriele/Animal-AI/models_arenas/arenas_paper/box_reason_1/c2_0729.yaml,0,0,0,0,0,0.0,0.0
0.0,501,50467.197709,0,3,1000,/workspace7/Unity3D/gabriele/Animal-AI/models_arenas/arenas_paper/box_reason_1/c2_0514.yaml,0,1001,0,0,0,0.73894525,0.0
0.0,501,50483.190396,0,3,1000,/workspace7/Unity3D/gabriele/Animal-AI/models_arenas/arenas_paper/box_reason_1/c2_0755.yaml,0,1001,0,0,0,0.62696683,0.0
2.996,300,50492.649665,2.996000051498413,3,1000,/workspace7/Unity3D/gabriele/Animal-AI/models_arenas/arenas_paper/box_reason_1/c2_0484.yaml,0,0,0,0,0,0.0,0.0
0.0,501,50513.428725,0,3,1000,/workspace7/Unity3D/gabriele/Animal-AI/models_arenas/arenas_paper/box_reason_1/c2_0931.yaml,0,1001,0,0,0,0.49452496,0.0
0.0,501,50529.684309,0,3,1000,/workspace7/Unity3D/gabriele/Animal-AI/models_arenas/arenas_paper/box_reason_1/c2_0567.yaml,0,1001,0,0,0,0.39463928,0.0
0.0,501,50550.741123,0,3,1000,/workspace7/Unity3D/gabriele/Animal-AI/models_arenas/arenas_paper/box_reason_1/c2_0674.yaml,0,1001,0,0,0,0.1978288,0.0
0.0,501,50568.293146,0,3,1000,/workspace7/Unity3D/gabriele/Animal-AI/models_arenas/arenas_paper/box_reason_1/c2_0414.yaml,0,1001,0,0,0,0.23539233,0.0
0.0,501,50589.361374,0,3,1000,/workspace7/Unity3D/gabriele/Animal-AI/models_arenas/arenas_paper/box_reason_1/c2_0158.yaml,0,1001,0,0,0,0.4606846,0.0
0.0,501,50606.651191,0,3,1000,/workspace7/Unity3D/gabriele/Animal-AI/models_arenas/arenas_paper/box_reason_1/c2_0542.yaml,0,1001,0,0,0,0.23898488,0.0
0.0,501,50627.654352,0,3,1000,/workspace7/Unity3D/gabriele/Animal-AI/models_arenas/arenas_paper/box_reason_1/c2_0621.yaml,0,1001,0,0,0,0.18837458,0.0
2.996,156,50632.586058,2.996000051498413,3,1000,/workspace7/Unity3D/gabriele/Animal-AI/models_arenas/arenas_paper/box_reason_1/c2_0078.yaml,0,0,0,0,0,0.0,0.0
0.0,501,50652.982867,0,3,1000,/workspace7/Unity3D/gabriele/Animal-AI/models_arenas/arenas_paper/box_reason_1/c2_0120.yaml,0,1001,0,0,0,0.14472273,0.0
0.0,501,50670.040143,0,3,1000,/workspace7/Unity3D/gabriele/Animal-AI/models_arenas/arenas_paper/box_reason_1/c2_0643.yaml,0,1001,0,0,0,0.19983645,0.0
0.0,501,50690.661769,0,3,1000,/workspace7/Unity3D/gabriele/Animal-AI/models_arenas/arenas_paper/box_reason_1/c2_0148.yaml,0,1001,0,0,0,0.21923785,0.0
0.0,501,50708.083686,0,3,1000,/workspace7/Unity3D/gabriele/Animal-AI/models_arenas/arenas_paper/box_reason_1/c2_0488.yaml,0,1001,0,0,0,0.2656919,0.0
0.0,501,50729.105899,0,3,1000,/workspace7/Unity3D/gabriele/Animal-AI/models_arenas/arenas_paper/box_reason_1/c2_0217.yaml,0,1001,0,0,0,0.22229695,0.0
0.0,501,50745.293515,0,3,1000,/workspace7/Unity3D/gabriele/Animal-AI/models_arenas/arenas_paper/box_reason_1/c2_0350.yaml,0,1001,0,0,0,0.34944314,0.0
0.0,501,50766.056815,0,3,1000,/workspace7/Unity3D/gabriele/Animal-AI/models_arenas/arenas_paper/box_reason_1/c2_0975.yaml,0,1001,0,0,0,0.9089548,0.0
0.0,501,50783.383978,0,3,1000,/workspace7/Unity3D/gabriele/Animal-AI/models_arenas/arenas_paper/box_reason_1/c2_0380.yaml,0,1001,0,0,0,0.23218206,0.0
0.0,501,50803.959876,0,3,1000,/workspace7/Unity3D/gabriele/Animal-AI/models_arenas/arenas_paper/box_reason_1/c2_0443.yaml,0,1001,0,0,0,0.19888216,0.0
0.0,501,50820.402856,0,3,1000,/workspace7/Unity3D/gabriele/Animal-AI/models_arenas/arenas_paper/box_reason_1/c2_0298.yaml,0,1001,0,0,0,0.18319513,0.0
0.0,501,50840.647836,0,3,1000,/workspace7/Unity3D/gabriele/Animal-AI/models_arenas/arenas_paper/box_reason_1/c2_0383.yaml,0,1001,0,0,0,0.27013117,0.0
0.0,501,50857.156758,0,3,1000,/workspace7/Unity3D/gabriele/Animal-AI/models_arenas/arenas_paper/box_reason_1/c2_0293.yaml,0,1001,0,0,0,0.1596494,0.0
0.0,501,50877.716068,0,3,1000,/workspace7/Unity3D/gabriele/Animal-AI/models_arenas/arenas_paper/box_reason_1/c2_0333.yaml,0,1001,0,0,0,0.17735244,0.0
0.0,501,50894.888607,0,3,1000,/workspace7/Unity3D/gabriele/Animal-AI/models_arenas/arenas_paper/box_reason_1/c2_0959.yaml,0,1001,0,0,0,0.2647754,0.0
0.0,501,50915.066868,0,3,1000,/workspace7/Unity3D/gabriele/Animal-AI/models_arenas/arenas_paper/box_reason_1/c2_0578.yaml,0,1001,0,0,0,0.20055749,0.0
0.0,501,50931.870177,0,3,1000,/workspace7/Unity3D/gabriele/Animal-AI/models_arenas/arenas_paper/box_reason_1/c2_0627.yaml,0,1001,0,0,0,0.18135484,0.0
0.0,501,50952.897574,0,3,1000,/workspace7/Unity3D/gabriele/Animal-AI/models_arenas/arenas_paper/box_reason_1/c2_0218.yaml,0,1001,0,0,0,0.18766761,0.0
0.0,501,50970.411747,0,3,1000,/workspace7/Unity3D/gabriele/Animal-AI/models_arenas/arenas_paper/box_reason_1/c2_0699.yaml,0,1001,0,0,0,0.22692056,0.0
0.0,501,50990.803028,0,3,1000,/workspace7/Unity3D/gabriele/Animal-AI/models_arenas/arenas_paper/box_reason_1/c2_0849.yaml,0,1001,0,0,0,0.16531035,0.0
0.0,501,51007.311806,0,3,1000,/workspace7/Unity3D/gabriele/Animal-AI/models_arenas/arenas_paper/box_reason_1/c2_0664.yaml,0,1001,0,0,0,0.21890077,0.0
0.0,501,51027.851373,0,3,1000,/workspace7/Unity3D/gabriele/Animal-AI/models_arenas/arenas_paper/box_reason_1/c2_0920.yaml,0,1001,0,0,0,0.15536125,0.0
0.0,501,51045.401097,0,3,1000,/workspace7/Unity3D/gabriele/Animal-AI/models_arenas/arenas_paper/box_reason_1/c2_0920.yaml,0,1001,0,0,0,0.12055875,0.0
0.0,501,51066.156154,0,3,1000,/workspace7/Unity3D/gabriele/Animal-AI/models_arenas/arenas_paper/box_reason_1/c2_0725.yaml,0,1001,0,0,0,0.122817844,0.0
0.0,501,51083.008102,0,3,1000,/workspace7/Unity3D/gabriele/Animal-AI/models_arenas/arenas_paper/box_reason_1/c2_0376.yaml,0,1001,0,0,0,0.20779932,0.0
0.0,501,51102.402515,0,3,1000,/workspace7/Unity3D/gabriele/Animal-AI/models_arenas/arenas_paper/box_reason_1/c2_0999.yaml,0,1001,0,0,0,0.12333391,0.0
0.0,501,51118.46901,0,3,1000,/workspace7/Unity3D/gabriele/Animal-AI/models_arenas/arenas_paper/box_reason_1/c2_0714.yaml,0,1001,0,0,0,0.2062975,0.0
0.0,501,51139.472446,0,3,1000,/workspace7/Unity3D/gabriele/Animal-AI/models_arenas/arenas_paper/box_reason_1/c2_0383.yaml,0,1001,0,0,0,0.3021673,0.0
0.0,501,51156.988049,0,3,1000,/workspace7/Unity3D/gabriele/Animal-AI/models_arenas/arenas_paper/box_reason_1/c2_0517.yaml,0,1001,0,0,0,0.20514257,0.0
0.0,501,51177.955493,0,3,1000,/workspace7/Unity3D/gabriele/Animal-AI/models_arenas/arenas_paper/box_reason_1/c2_0829.yaml,0,1001,0,0,0,0.17556751,0.0
2.996,300,51187.935703,2.996000051498413,3,1000,/workspace7/Unity3D/gabriele/Animal-AI/models_arenas/arenas_paper/box_reason_1/c2_0803.yaml,0,0,0,0,0,0.0,0.0
0.0,501,51203.914615,0,3,1000,/workspace7/Unity3D/gabriele/Animal-AI/models_arenas/arenas_paper/box_reason_1/c2_0292.yaml,0,1001,0,0,0,1.3109791,0.0
0.0,501,51224.052228,0,3,1000,/workspace7/Unity3D/gabriele/Animal-AI/models_arenas/arenas_paper/box_reason_1/c2_0699.yaml,0,1001,0,0,0,0.11589331,0.0
0.0,501,51239.898817,0,3,1000,/workspace7/Unity3D/gabriele/Animal-AI/models_arenas/arenas_paper/box_reason_1/c2_0309.yaml,0,1001,0,0,0,0.112028345,0.0
0.0,501,51259.796155,0,3,1000,/workspace7/Unity3D/gabriele/Animal-AI/models_arenas/arenas_paper/box_reason_1/c2_0334.yaml,0,1001,0,0,0,0.6115558,0.0
0.0,501,51276.980178,0,3,1000,/workspace7/Unity3D/gabriele/Animal-AI/models_arenas/arenas_paper/box_reason_1/c2_0311.yaml,0,1001,0,0,0,1.1917143,0.0
0.0,501,51297.509266,0,3,1000,/workspace7/Unity3D/gabriele/Animal-AI/models_arenas/arenas_paper/box_reason_1/c2_0174.yaml,0,1001,0,0,0,0.1334175,0.0
0.0,501,51314.095863,0,3,1000,/workspace7/Unity3D/gabriele/Animal-AI/models_arenas/arenas_paper/box_reason_1/c2_0943.yaml,0,1001,0,0,0,0.98521686,0.0
0.0,501,51334.465308,0,3,1000,/workspace7/Unity3D/gabriele/Animal-AI/models_arenas/arenas_paper/box_reason_1/c2_0383.yaml,0,1001,0,0,0,2.2112021,0.0
0.0,501,51351.49732,0,3,1000,/workspace7/Unity3D/gabriele/Animal-AI/models_arenas/arenas_paper/box_reason_1/c2_0587.yaml,0,1001,0,0,0,0.49786407,0.0
0.0,501,51372.137112,0,3,1000,/workspace7/Unity3D/gabriele/Animal-AI/models_arenas/arenas_paper/box_reason_1/c2_0499.yaml,0,1001,0,0,0,0.2671551,0.0
0.0,501,51388.715384,0,3,1000,/workspace7/Unity3D/gabriele/Animal-AI/models_arenas/arenas_paper/box_reason_1/c2_0638.yaml,0,1001,0,0,0,0.15364729,0.0
0.0,501,51408.795916,0,3,1000,/workspace7/Unity3D/gabriele/Animal-AI/models_arenas/arenas_paper/box_reason_1/c2_0820.yaml,0,1001,0,0,0,0.28140926,0.0
0.0,501,51425.891048,0,3,1000,/workspace7/Unity3D/gabriele/Animal-AI/models_arenas/arenas_paper/box_reason_1/c2_0219.yaml,0,1001,0,0,0,0.21635023,0.0
0.0,501,51446.032478,0,3,1000,/workspace7/Unity3D/gabriele/Animal-AI/models_arenas/arenas_paper/box_reason_1/c2_0002.yaml,0,1001,0,0,0,0.25634718,0.0
0.0,501,51463.504965,0,3,1000,/workspace7/Unity3D/gabriele/Animal-AI/models_arenas/arenas_paper/box_reason_1/c2_0691.yaml,0,1001,0,0,0,0.2750406,0.0
0.0,501,51484.11974,0,3,1000,/workspace7/Unity3D/gabriele/Animal-AI/models_arenas/arenas_paper/box_reason_1/c2_0956.yaml,0,1001,0,0,0,0.13207428,0.0
0.0,501,51500.509853,0,3,1000,/workspace7/Unity3D/gabriele/Animal-AI/models_arenas/arenas_paper/box_reason_1/c2_0936.yaml,0,1001,0,0,0,0.23399375,0.0
0.0,501,51520.773698,0,3,1000,/workspace7/Unity3D/gabriele/Animal-AI/models_arenas/arenas_paper/box_reason_1/c2_0996.yaml,0,1001,0,0,0,0.30374947,0.0
0.0,501,51537.585403,0,3,1000,/workspace7/Unity3D/gabriele/Animal-AI/models_arenas/arenas_paper/box_reason_1/c2_0602.yaml,0,1001,0,0,0,0.27761775,0.0
0.0,501,51558.290144,0,3,1000,/workspace7/Unity3D/gabriele/Animal-AI/models_arenas/arenas_paper/box_reason_1/c2_0200.yaml,0,1001,0,0,0,0.27996257,0.0
0.0,501,51574.042211,0,3,1000,/workspace7/Unity3D/gabriele/Animal-AI/models_arenas/arenas_paper/box_reason_1/c2_0755.yaml,0,1001,0,0,0,0.31597072,0.0
0.0,501,51593.556552,0,3,1000,/workspace7/Unity3D/gabriele/Animal-AI/models_arenas/arenas_paper/box_reason_1/c2_0568.yaml,0,1001,0,0,0,0.88720566,0.0
0.0,501,51610.523617,0,3,1000,/workspace7/Unity3D/gabriele/Animal-AI/models_arenas/arenas_paper/box_reason_1/c2_0648.yaml,0,1001,0,0,0,0.37130725,0.0
0.0,501,51630.220506,0,3,1000,/workspace7/Unity3D/gabriele/Animal-AI/models_arenas/arenas_paper/box_reason_1/c2_0235.yaml,0,1001,0,0,0,0.64252347,0.0
0.0,501,51646.829512,0,3,1000,/workspace7/Unity3D/gabriele/Animal-AI/models_arenas/arenas_paper/box_reason_1/c2_0578.yaml,0,1001,0,0,0,0.2862661,0.0
0.0,501,51666.54586,0,3,1000,/workspace7/Unity3D/gabriele/Animal-AI/models_arenas/arenas_paper/box_reason_1/c2_0441.yaml,0,1001,0,0,0,0.27229783,0.0
0.0,501,51683.251717,0,3,1000,/workspace7/Unity3D/gabriele/Animal-AI/models_arenas/arenas_paper/box_reason_1/c2_0602.yaml,0,1001,0,0,0,0.25502294,0.0
0.0,501,51703.479985,0,3,1000,/workspace7/Unity3D/gabriele/Animal-AI/models_arenas/arenas_paper/box_reason_1/c2_0398.yaml,0,1001,0,0,0,0.32451147,0.0
0.0,501,51720.444379,0,3,1000,/workspace7/Unity3D/gabriele/Animal-AI/models_arenas/arenas_paper/box_reason_1/c2_0287.yaml,0,1001,0,0,0,0.43652993,0.0
0.0,501,51740.788093,0,3,1000,/workspace7/Unity3D/gabriele/Animal-AI/models_arenas/arenas_paper/box_reason_1/c2_0279.yaml,0,1001,0,0,0,0.16160223,0.0
2.996,440,51755.413384,2.996000051498413,3,1000,/workspace7/Unity3D/gabriele/Animal-AI/models_arenas/arenas_paper/box_reason_1/c2_0662.yaml,0,0,0,0,0,0.0,0.0
0.0,501,51775.945825,0,3,1000,/workspace7/Unity3D/gabriele/Animal-AI/models_arenas/arenas_paper/box_reason_1/c2_0423.yaml,0,1001,0,0,0,0.3086138,0.0
0.0,501,51791.987382,0,3,1000,/workspace7/Unity3D/gabriele/Animal-AI/models_arenas/arenas_paper/box_reason_1/c2_0017.yaml,0,1001,0,0,0,0.2102157,0.0
0.0,501,51811.691191,0,3,1000,/workspace7/Unity3D/gabriele/Animal-AI/models_arenas/arenas_paper/box_reason_1/c2_0902.yaml,0,1001,0,0,0,0.24626455,0.0
0.0,501,51827.489484,0,3,1000,/workspace7/Unity3D/gabriele/Animal-AI/models_arenas/arenas_paper/box_reason_1/c2_0389.yaml,0,1001,0,0,0,0.37114412,0.0
0.0,501,51848.044079,0,3,1000,/workspace7/Unity3D/gabriele/Animal-AI/models_arenas/arenas_paper/box_reason_1/c2_0059.yaml,0,1001,0,0,0,0.29671645,0.0
0.0,501,51864.649895,0,3,1000,/workspace7/Unity3D/gabriele/Animal-AI/models_arenas/arenas_paper/box_reason_1/c2_0491.yaml,0,1001,0,0,0,0.2524504,0.0
0.0,501,51885.706206,0,3,1000,/workspace7/Unity3D/gabriele/Animal-AI/models_arenas/arenas_paper/box_reason_1/c2_0674.yaml,0,1001,0,0,0,0.29935917,0.0
2.996,440,51900.362239,2.996000051498413,3,1000,/workspace7/Unity3D/gabriele/Animal-AI/models_arenas/arenas_paper/box_reason_1/c2_0647.yaml,0,0,0,0,0,0.0,0.0
0.0,501,51920.925768,0,3,1000,/workspace7/Unity3D/gabriele/Animal-AI/models_arenas/arenas_paper/box_reason_1/c2_0167.yaml,0,1001,0,0,0,0.41801602,0.0
0.0,501,51938.193495,0,3,1000,/workspace7/Unity3D/gabriele/Animal-AI/models_arenas/arenas_paper/box_reason_1/c2_0952.yaml,0,1001,0,0,0,0.627472,0.0
0.0,501,51958.722181,0,3,1000,/workspace7/Unity3D/gabriele/Animal-AI/models_arenas/arenas_paper/box_reason_1/c2_0209.yaml,0,1001,0,0,0,0.32482368,0.0
0.0,501,51975.579167,0,3,1000,/workspace7/Unity3D/gabriele/Animal-AI/models_arenas/arenas_paper/box_reason_1/c2_0111.yaml,0,1001,0,0,0,1.0170138,0.0
0.0,501,51995.782053,0,3,1000,/workspace7/Unity3D/gabriele/Animal-AI/models_arenas/arenas_paper/box_reason_1/c2_0482.yaml,0,1001,0,0,0,0.17758733,0.0
0.0,501,52012.176657,0,3,1000,/workspace7/Unity3D/gabriele/Animal-AI/models_arenas/arenas_paper/box_reason_1/c2_0297.yaml,0,1001,0,0,0,0.28286254,0.0
0.0,501,52032.341114,0,3,1000,/workspace7/Unity3D/gabriele/Animal-AI/models_arenas/arenas_paper/box_reason_1/c2_0966.yaml,0,1001,0,0,0,0.20298079,0.0
0.0,501,52049.307432,0,3,1000,/workspace7/Unity3D/gabriele/Animal-AI/models_arenas/arenas_paper/box_reason_1/c2_0945.yaml,0,1001,0,0,0,0.24982956,0.0
2.996,300,52063.189537,2.996000051498413,3,1000,/workspace7/Unity3D/gabriele/Animal-AI/models_arenas/arenas_paper/box_reason_1/c2_0419.yaml,0,0,0,0,0,0.0,0.0
0.0,501,52080.302464,0,3,1000,/workspace7/Unity3D/gabriele/Animal-AI/models_arenas/arenas_paper/box_reason_1/c2_0412.yaml,0,1001,0,0,0,0.20737845,0.0
0.0,501,52100.017942,0,3,1000,/workspace7/Unity3D/gabriele/Animal-AI/models_arenas/arenas_paper/box_reason_1/c2_0165.yaml,0,1001,0,0,0,0.45881468,0.0
0.0,501,52117.295312,0,3,1000,/workspace7/Unity3D/gabriele/Animal-AI/models_arenas/arenas_paper/box_reason_1/c2_0758.yaml,0,1001,0,0,0,0.58662885,0.0
0.0,501,52137.385345,0,3,1000,/workspace7/Unity3D/gabriele/Animal-AI/models_arenas/arenas_paper/box_reason_1/c2_0649.yaml,0,1001,0,0,0,0.20564693,0.0
2.996,440,52150.404001,2.996000051498413,3,1000,/workspace7/Unity3D/gabriele/Animal-AI/models_arenas/arenas_paper/box_reason_1/c2_0940.yaml,0,0,0,0,0,0.0,0.0
0.0,501,52171.202181,0,3,1000,/workspace7/Unity3D/gabriele/Animal-AI/models_arenas/arenas_paper/box_reason_1/c2_0513.yaml,0,1001,0,0,0,0.238718,0.0
0.0,501,52188.385327,0,3,1000,/workspace7/Unity3D/gabriele/Animal-AI/models_arenas/arenas_paper/box_reason_1/c2_0796.yaml,0,1001,0,0,0,0.2883677,0.0
0.0,501,52208.786517,0,3,1000,/workspace7/Unity3D/gabriele/Animal-AI/models_arenas/arenas_paper/box_reason_1/c2_0941.yaml,0,1001,0,0,0,0.28488013,0.0
0.0,501,52224.435824,0,3,1000,/workspace7/Unity3D/gabriele/Animal-AI/models_arenas/arenas_paper/box_reason_1/c2_0356.yaml,0,1001,0,0,0,0.42669702,0.0
2.996,440,52241.85719,2.996000051498413,3,1000,/workspace7/Unity3D/gabriele/Animal-AI/models_arenas/arenas_paper/box_reason_1/c2_0146.yaml,0,0,0,0,0,0.0,0.0
0.0,501,52259.380152,0,3,1000,/workspace7/Unity3D/gabriele/Animal-AI/models_arenas/arenas_paper/box_reason_1/c2_0234.yaml,0,1001,0,0,0,0.27317205,0.0
0.0,501,52280.270533,0,3,1000,/workspace7/Unity3D/gabriele/Animal-AI/models_arenas/arenas_paper/box_reason_1/c2_0882.yaml,0,1001,0,0,0,0.27744406,0.0
0.0,501,52296.962894,0,3,1000,/workspace7/Unity3D/gabriele/Animal-AI/models_arenas/arenas_paper/box_reason_1/c2_0067.yaml,0,1001,0,0,0,1.2246103,0.0
0.0,501,52317.279986,0,3,1000,/workspace7/Unity3D/gabriele/Animal-AI/models_arenas/arenas_paper/box_reason_1/c2_0740.yaml,0,1001,0,0,0,0.19187798,0.0
0.0,501,52333.80368,0,3,1000,/workspace7/Unity3D/gabriele/Animal-AI/models_arenas/arenas_paper/box_reason_1/c2_0193.yaml,0,1001,0,0,0,0.2210762,0.0
0.0,501,52354.630957,0,3,1000,/workspace7/Unity3D/gabriele/Animal-AI/models_arenas/arenas_paper/box_reason_1/c2_0741.yaml,0,1001,0,0,0,0.3857516,0.0
0.0,501,52370.696955,0,3,1000,/workspace7/Unity3D/gabriele/Animal-AI/models_arenas/arenas_paper/box_reason_1/c2_0040.yaml,0,1001,0,0,0,0.38999712,0.0
0.0,501,52391.560038,0,3,1000,/workspace7/Unity3D/gabriele/Animal-AI/models_arenas/arenas_paper/box_reason_1/c2_0450.yaml,0,1001,0,0,0,0.5695884,0.0
0.0,501,52407.002323,0,3,1000,/workspace7/Unity3D/gabriele/Animal-AI/models_arenas/arenas_paper/box_reason_1/c2_0903.yaml,0,1001,0,0,0,0.32510114,0.0
2.996,440,52424.30101,2.996000051498413,3,1000,/workspace7/Unity3D/gabriele/Animal-AI/models_arenas/arenas_paper/box_reason_1/c2_0311.yaml,0,0,0,0,0,0.0,0.0
0.0,501,52440.335448,0,3,1000,/workspace7/Unity3D/gabriele/Animal-AI/models_arenas/arenas_paper/box_reason_1/c2_0850.yaml,0,1001,0,0,0,0.27199763,0.0
0.0,501,52460.772056,0,3,1000,/workspace7/Unity3D/gabriele/Animal-AI/models_arenas/arenas_paper/box_reason_1/c2_0961.yaml,0,1001,0,0,0,0.49387935,0.0
0.0,501,52477.713763,0,3,1000,/workspace7/Unity3D/gabriele/Animal-AI/models_arenas/arenas_paper/box_reason_1/c2_0242.yaml,0,1001,0,0,0,0.21748644,0.0
0.0,501,52498.310979,0,3,1000,/workspace7/Unity3D/gabriele/Animal-AI/models_arenas/arenas_paper/box_reason_1/c2_0340.yaml,0,1001,0,0,0,0.19161065,0.0
2.996,300,52508.158606,2.996000051498413,3,1000,/workspace7/Unity3D/gabriele/Animal-AI/models_arenas/arenas_paper/box_reason_1/c2_0919.yaml,0,0,0,0,0,0.0,0.0
0.0,501,52525.501513,0,3,1000,/workspace7/Unity3D/gabriele/Animal-AI/models_arenas/arenas_paper/box_reason_1/c2_0770.yaml,0,1001,0,0,0,0.29356632,0.0
0.0,501,52544.784302,0,3,1000,/workspace7/Unity3D/gabriele/Animal-AI/models_arenas/arenas_paper/box_reason_1/c2_0295.yaml,0,1001,0,0,0,0.18275869,0.0
0.0,501,52562.179108,0,3,1000,/workspace7/Unity3D/gabriele/Animal-AI/models_arenas/arenas_paper/box_reason_1/c2_0664.yaml,0,1001,0,0,0,0.2645942,0.0
0.0,501,52582.874201,0,3,1000,/workspace7/Unity3D/gabriele/Animal-AI/models_arenas/arenas_paper/box_reason_1/c2_0865.yaml,0,1001,0,0,0,0.21840295,0.0
0.0,501,52599.880203,0,3,1000,/workspace7/Unity3D/gabriele/Animal-AI/models_arenas/arenas_paper/box_reason_1/c2_0961.yaml,0,1001,0,0,0,0.27028248,0.0
2.996,156,52605.080281,2.996000051498413,3,1000,/workspace7/Unity3D/gabriele/Animal-AI/models_arenas/arenas_paper/box_reason_1/c2_0335.yaml,0,0,0,0,0,0.0,0.0
0.0,501,52625.575442,0,3,1000,/workspace7/Unity3D/gabriele/Animal-AI/models_arenas/arenas_paper/box_reason_1/c2_0714.yaml,0,1001,0,0,0,0.20340014,0.0
0.0,501,52642.614638,0,3,1000,/workspace7/Unity3D/gabriele/Animal-AI/models_arenas/arenas_paper/box_reason_1/c2_0670.yaml,0,1001,0,0,0,0.3969472,0.0
0.0,501,52663.646358,0,3,1000,/workspace7/Unity3D/gabriele/Animal-AI/models_arenas/arenas_paper/box_reason_1/c2_0342.yaml,0,1001,0,0,0,0.37475187,0.0
0.0,501,52681.161716,0,3,1000,/workspace7/Unity3D/gabriele/Animal-AI/models_arenas/arenas_paper/box_reason_1/c2_0221.yaml,0,1001,0,0,0,0.34186494,0.0
0.0,501,52701.915348,0,3,1000,/workspace7/Unity3D/gabriele/Animal-AI/models_arenas/arenas_paper/box_reason_1/c2_0434.yaml,0,1001,0,0,0,0.55585426,0.0
0.0,501,52721.4131,0,3,1000,/workspace7/Unity3D/gabriele/Animal-AI/models_arenas/arenas_paper/box_reason_1/c2_0056.yaml,0,1001,0,0,0,0.23678324,0.0
0.0,501,52738.129533,0,3,1000,/workspace7/Unity3D/gabriele/Animal-AI/models_arenas/arenas_paper/box_reason_1/c2_0338.yaml,0,1001,0,0,0,0.30388182,0.0
2.996,440,52752.08567,2.996000051498413,3,1000,/workspace7/Unity3D/gabriele/Animal-AI/models_arenas/arenas_paper/box_reason_1/c2_0100.yaml,0,0,0,0,0,0.0,0.0
2.996,440,52770.303272,2.996000051498413,3,1000,/workspace7/Unity3D/gabriele/Animal-AI/models_arenas/arenas_paper/box_reason_1/c2_0169.yaml,0,0,0,0,0,0.0,0.0
0.0,501,52787.742152,0,3,1000,/workspace7/Unity3D/gabriele/Animal-AI/models_arenas/arenas_paper/box_reason_1/c2_0537.yaml,0,1001,0,0,0,0.27862746,0.0
0.0,501,52808.376775,0,3,1000,/workspace7/Unity3D/gabriele/Animal-AI/models_arenas/arenas_paper/box_reason_1/c2_0853.yaml,0,1001,0,0,0,2.160382,0.0
0.0,501,52824.557816,0,3,1000,/workspace7/Unity3D/gabriele/Animal-AI/models_arenas/arenas_paper/box_reason_1/c2_0350.yaml,0,1001,0,0,0,0.19515312,0.0
0.0,501,52845.899039,0,3,1000,/workspace7/Unity3D/gabriele/Animal-AI/models_arenas/arenas_paper/box_reason_1/c2_0354.yaml,0,1001,0,0,0,0.18936327,0.0
0.0,501,52862.65836,0,3,1000,/workspace7/Unity3D/gabriele/Animal-AI/models_arenas/arenas_paper/box_reason_1/c2_0383.yaml,0,1001,0,0,0,0.26245213,0.0
2.996,449,52880.466446,2.996000051498413,3,1000,/workspace7/Unity3D/gabriele/Animal-AI/models_arenas/arenas_paper/box_reason_1/c2_0506.yaml,2.996000051498413,897,0,0,0,1.7838765,0.0
0.0,501,52897.15988,0,3,1000,/workspace7/Unity3D/gabriele/Animal-AI/models_arenas/arenas_paper/box_reason_1/c2_0479.yaml,0,1001,0,0,0,0.2605425,0.0
0.0,501,52917.728757,0,3,1000,/workspace7/Unity3D/gabriele/Animal-AI/models_arenas/arenas_paper/box_reason_1/c2_0290.yaml,0,1001,0,0,0,2.0890775,0.0
0.0,501,52934.843848,0,3,1000,/workspace7/Unity3D/gabriele/Animal-AI/models_arenas/arenas_paper/box_reason_1/c2_0345.yaml,0,1001,0,0,0,0.34524876,0.0
0.0,501,52954.168331,0,3,1000,/workspace7/Unity3D/gabriele/Animal-AI/models_arenas/arenas_paper/box_reason_1/c2_0999.yaml,0,1001,0,0,0,0.5088716,0.0
0.0,501,52970.627608,0,3,1000,/workspace7/Unity3D/gabriele/Animal-AI/models_arenas/arenas_paper/box_reason_1/c2_0084.yaml,0,1001,0,0,0,2.105041,0.0
0.0,501,52990.701181,0,3,1000,/workspace7/Unity3D/gabriele/Animal-AI/models_arenas/arenas_paper/box_reason_1/c2_0097.yaml,0,1001,0,0,0,0.16235936,0.0
0.0,501,53008.093707,0,3,1000,/workspace7/Unity3D/gabriele/Animal-AI/models_arenas/arenas_paper/box_reason_1/c2_0096.yaml,0,1001,0,0,0,0.3336082,0.0
0.0,501,53029.184023,0,3,1000,/workspace7/Unity3D/gabriele/Animal-AI/models_arenas/arenas_paper/box_reason_1/c2_0787.yaml,0,1001,0,0,0,0.7872196,0.0
0.0,501,53045.13847,0,3,1000,/workspace7/Unity3D/gabriele/Animal-AI/models_arenas/arenas_paper/box_reason_1/c2_0020.yaml,0,1001,0,0,0,0.3106432,0.0
0.0,501,53065.11045,0,3,1000,/workspace7/Unity3D/gabriele/Animal-AI/models_arenas/arenas_paper/box_reason_1/c2_0805.yaml,0,1001,0,0,0,0.45047063,0.0
2.996,449,53079.589934,2.996000051498413,3,1000,/workspace7/Unity3D/gabriele/Animal-AI/models_arenas/arenas_paper/box_reason_1/c2_0168.yaml,0,0,0,0,0,0.0,0.0
0.0,501,53100.565499,0,3,1000,/workspace7/Unity3D/gabriele/Animal-AI/models_arenas/arenas_paper/box_reason_1/c2_0172.yaml,0,1001,0,0,0,0.27565557,0.0
0.0,501,53117.148617,0,3,1000,/workspace7/Unity3D/gabriele/Animal-AI/models_arenas/arenas_paper/box_reason_1/c2_0491.yaml,0,1001,0,0,0,0.29201296,0.0
0.0,501,53137.671528,0,3,1000,/workspace7/Unity3D/gabriele/Animal-AI/models_arenas/arenas_paper/box_reason_1/c2_0471.yaml,0,1001,0,0,0,0.13855451,0.0
0.0,501,53154.495991,0,3,1000,/workspace7/Unity3D/gabriele/Animal-AI/models_arenas/arenas_paper/box_reason_1/c2_0946.yaml,0,1001,0,0,0,1.1155982,0.0
0.0,501,53175.096875,0,3,1000,/workspace7/Unity3D/gabriele/Animal-AI/models_arenas/arenas_paper/box_reason_1/c2_0597.yaml,0,1001,0,0,0,0.33461827,0.0
0.0,501,53191.224911,0,3,1000,/workspace7/Unity3D/gabriele/Animal-AI/models_arenas/arenas_paper/box_reason_1/c2_0786.yaml,0,1001,0,0,0,0.32562745,0.0
0.0,501,53211.397801,0,3,1000,/workspace7/Unity3D/gabriele/Animal-AI/models_arenas/arenas_paper/box_reason_1/c2_0735.yaml,0,1001,0,0,0,0.25284645,0.0
0.0,501,53227.528612,0,3,1000,/workspace7/Unity3D/gabriele/Animal-AI/models_arenas/arenas_paper/box_reason_1/c2_0533.yaml,0,1001,0,0,0,0.22074819,0.0
0.0,501,53247.558172,0,3,1000,/workspace7/Unity3D/gabriele/Animal-AI/models_arenas/arenas_paper/box_reason_1/c2_0897.yaml,0,1001,0,0,0,0.6006366,0.0
0.0,501,53264.713558,0,3,1000,/workspace7/Unity3D/gabriele/Animal-AI/models_arenas/arenas_paper/box_reason_1/c2_0217.yaml,0,1001,0,0,0,0.2206111,0.0
2.996,449,53282.772129,2.996000051498413,3,1000,/workspace7/Unity3D/gabriele/Animal-AI/models_arenas/arenas_paper/box_reason_1/c2_0196.yaml,0,0,0,0,0,0.0,0.0
0.0,501,53298.359951,0,3,1000,/workspace7/Unity3D/gabriele/Animal-AI/models_arenas/arenas_paper/box_reason_1/c2_0527.yaml,0,1001,0,0,0,0.3174712,0.0
0.0,501,53318.869471,0,3,1000,/workspace7/Unity3D/gabriele/Animal-AI/models_arenas/arenas_paper/box_reason_1/c2_0541.yaml,0,1001,0,0,0,0.30694228,0.0
0.0,501,53335.721617,0,3,1000,/workspace7/Unity3D/gabriele/Animal-AI/models_arenas/arenas_paper/box_reason_1/c2_0374.yaml,0,1001,0,0,0,0.3545426,0.0
0.0,501,53356.184551,0,3,1000,/workspace7/Unity3D/gabriele/Animal-AI/models_arenas/arenas_paper/box_reason_1/c2_0525.yaml,0,1001,0,0,0,1.1084906,0.0
0.0,501,53373.617584,0,3,1000,/workspace7/Unity3D/gabriele/Animal-AI/models_arenas/arenas_paper/box_reason_1/c2_0252.yaml,0,1001,0,0,0,1.7600174,0.0
0.0,501,53394.690001,0,3,1000,/workspace7/Unity3D/gabriele/Animal-AI/models_arenas/arenas_paper/box_reason_1/c2_0650.yaml,0,1001,0,0,0,0.30593663,0.0
0.0,501,53412.328556,0,3,1000,/workspace7/Unity3D/gabriele/Animal-AI/models_arenas/arenas_paper/box_reason_1/c2_0748.yaml,0,1001,0,0,0,0.9367165,0.0
0.0,501,53432.727147,0,3,1000,/workspace7/Unity3D/gabriele/Animal-AI/models_arenas/arenas_paper/box_reason_1/c2_0448.yaml,0,1001,0,0,0,0.6171864,0.0
0.0,501,53449.017069,0,3,1000,/workspace7/Unity3D/gabriele/Animal-AI/models_arenas/arenas_paper/box_reason_1/c2_0377.yaml,0,1001,0,0,0,0.2209984,0.0
0.0,501,53469.446646,0,3,1000,/workspace7/Unity3D/gabriele/Animal-AI/models_arenas/arenas_paper/box_reason_1/c2_0469.yaml,0,1001,0,0,0,0.21193154,0.0
0.0,501,53485.828875,0,3,1000,/workspace7/Unity3D/gabriele/Animal-AI/models_arenas/arenas_paper/box_reason_1/c2_0584.yaml,0,1001,0,0,0,0.55860746,0.0
0.0,501,53506.477053,0,3,1000,/workspace7/Unity3D/gabriele/Animal-AI/models_arenas/arenas_paper/box_reason_1/c2_0904.yaml,0,1001,0,0,0,0.238967,0.0
0.0,501,53523.764421,0,3,1000,/workspace7/Unity3D/gabriele/Animal-AI/models_arenas/arenas_paper/box_reason_1/c2_0128.yaml,0,1001,0,0,0,0.4910735,0.0
0.0,501,53544.709287,0,3,1000,/workspace7/Unity3D/gabriele/Animal-AI/models_arenas/arenas_paper/box_reason_1/c2_0824.yaml,0,1001,0,0,0,0.7899667,0.0
0.0,501,53561.161878,0,3,1000,/workspace7/Unity3D/gabriele/Animal-AI/models_arenas/arenas_paper/box_reason_1/c2_0808.yaml,0,1001,0,0,0,0.48045343,0.0
0.0,501,53581.743816,0,3,1000,/workspace7/Unity3D/gabriele/Animal-AI/models_arenas/arenas_paper/box_reason_1/c2_0594.yaml,0,1001,0,0,0,0.6503204,0.0
0.0,501,53598.741636,0,3,1000,/workspace7/Unity3D/gabriele/Animal-AI/models_arenas/arenas_paper/box_reason_1/c2_0250.yaml,0,1001,0,0,0,0.24999805,0.0
0.0,501,53619.347711,0,3,1000,/workspace7/Unity3D/gabriele/Animal-AI/models_arenas/arenas_paper/box_reason_1/c2_0704.yaml,0,1001,0,0,0,0.27067238,0.0
0.0,501,53635.496813,0,3,1000,/workspace7/Unity3D/gabriele/Animal-AI/models_arenas/arenas_paper/box_reason_1/c2_0111.yaml,0,1001,0,0,0,0.3102461,0.0
2.996,440,53652.814903,2.996000051498413,3,1000,/workspace7/Unity3D/gabriele/Animal-AI/models_arenas/arenas_paper/box_reason_1/c2_0601.yaml,0,0,0,0,0,0.0,0.0
2.996,402,53666.742302,2.996000051498413,3,1000,/workspace7/Unity3D/gabriele/Animal-AI/models_arenas/arenas_paper/box_reason_1/c2_0653.yaml,2.996000051498413,804,0,0,0,2.2789195,0.0
0.0,501,53687.347309,0,3,1000,/workspace7/Unity3D/gabriele/Animal-AI/models_arenas/arenas_paper/box_reason_1/c2_0273.yaml,0,1001,0,0,0,0.41389352,0.0
0.0,501,53704.990612,0,3,1000,/workspace7/Unity3D/gabriele/Animal-AI/models_arenas/arenas_paper/box_reason_1/c2_0103.yaml,0,1001,0,0,0,0.7777584,0.0
2.996,300,53714.97929,2.996000051498413,3,1000,/workspace7/Unity3D/gabriele/Animal-AI/models_arenas/arenas_paper/box_reason_1/c2_0312.yaml,0,0,0,0,0,0.0,0.0
0.0,501,53735.664582,0,3,1000,/workspace7/Unity3D/gabriele/Animal-AI/models_arenas/arenas_paper/box_reason_1/c2_0286.yaml,0,1001,0,0,0,0.2950047,0.0
2.996,440,53749.986526,2.996000051498413,3,1000,/workspace7/Unity3D/gabriele/Animal-AI/models_arenas/arenas_paper/box_reason_1/c2_0030.yaml,0,0,0,0,0,0.0,0.0
0.0,501,53770.133105,0,3,1000,/workspace7/Unity3D/gabriele/Animal-AI/models_arenas/arenas_paper/box_reason_1/c2_0067.yaml,0,1001,0,0,0,0.3126393,0.0
0.0,501,53787.320088,0,3,1000,/workspace7/Unity3D/gabriele/Animal-AI/models_arenas/arenas_paper/box_reason_1/c2_0345.yaml,0,1001,0,0,0,0.7791217,0.0
0.0,501,53807.485068,0,3,1000,/workspace7/Unity3D/gabriele/Animal-AI/models_arenas/arenas_paper/box_reason_1/c2_0535.yaml,0,1001,0,0,0,1.6040695,0.0
0.0,501,53824.273713,0,3,1000,/workspace7/Unity3D/gabriele/Animal-AI/models_arenas/arenas_paper/box_reason_1/c2_0070.yaml,0,1001,0,0,0,0.19028111,0.0
0.0,501,53845.265693,0,3,1000,/workspace7/Unity3D/gabriele/Animal-AI/models_arenas/arenas_paper/box_reason_1/c2_0085.yaml,0,1001,0,0,0,0.37021565,0.0
0.0,501,53863.190852,0,3,1000,/workspace7/Unity3D/gabriele/Animal-AI/models_arenas/arenas_paper/box_reason_1/c2_0051.yaml,0,1001,0,0,0,0.713769,0.0
0.0,501,53883.700242,0,3,1000,/workspace7/Unity3D/gabriele/Animal-AI/models_arenas/arenas_paper/box_reason_1/c2_0783.yaml,0,1001,0,0,0,0.32674313,0.0
0.0,501,53899.893222,0,3,1000,/workspace7/Unity3D/gabriele/Animal-AI/models_arenas/arenas_paper/box_reason_1/c2_0553.yaml,0,1001,0,0,0,0.2428825,0.0
0.0,501,53920.22675,0,3,1000,/workspace7/Unity3D/gabriele/Animal-AI/models_arenas/arenas_paper/box_reason_1/c2_0270.yaml,0,1001,0,0,0,0.4454506,0.0
0.0,501,53936.757653,0,3,1000,/workspace7/Unity3D/gabriele/Animal-AI/models_arenas/arenas_paper/box_reason_1/c2_0777.yaml,0,1001,0,0,0,0.5132114,0.0
0.0,501,53957.081766,0,3,1000,/workspace7/Unity3D/gabriele/Animal-AI/models_arenas/arenas_paper/box_reason_1/c2_0674.yaml,0,1001,0,0,0,0.3680973,0.0
0.0,501,53972.703815,0,3,1000,/workspace7/Unity3D/gabriele/Animal-AI/models_arenas/arenas_paper/box_reason_1/c2_0372.yaml,0,1001,0,0,0,0.21710171,0.0
0.0,501,53992.315556,0,3,1000,/workspace7/Unity3D/gabriele/Animal-AI/models_arenas/arenas_paper/box_reason_1/c2_0924.yaml,0,1001,0,0,0,0.38819927,0.0
2.996,300,54002.080716,2.996000051498413,3,1000,/workspace7/Unity3D/gabriele/Animal-AI/models_arenas/arenas_paper/box_reason_1/c2_0570.yaml,0,0,0,0,0,0.0,0.0
0.0,501,54023.17812,0,3,1000,/workspace7/Unity3D/gabriele/Animal-AI/models_arenas/arenas_paper/box_reason_1/c2_0519.yaml,0,1001,0,0,0,0.3497125,0.0
2.996,144,54028.245833,2.996000051498413,3,1000,/workspace7/Unity3D/gabriele/Animal-AI/models_arenas/arenas_paper/box_reason_1/c2_0683.yaml,2.996000051498413,288,0,0,0,2.266867,0.0
0.0,501,54045.544225,0,3,1000,/workspace7/Unity3D/gabriele/Animal-AI/models_arenas/arenas_paper/box_reason_1/c2_0930.yaml,0,1001,0,0,0,0.28962237,0.0
0.0,501,54065.750058,0,3,1000,/workspace7/Unity3D/gabriele/Animal-AI/models_arenas/arenas_paper/box_reason_1/c2_0695.yaml,0,1001,0,0,0,0.42858267,0.0
0.0,501,54082.029566,0,3,1000,/workspace7/Unity3D/gabriele/Animal-AI/models_arenas/arenas_paper/box_reason_1/c2_0291.yaml,0,1001,0,0,0,0.37938273,0.0
0.0,501,54102.412854,0,3,1000,/workspace7/Unity3D/gabriele/Animal-AI/models_arenas/arenas_paper/box_reason_1/c2_0222.yaml,0,1001,0,0,0,0.42188817,0.0
2.996,440,54116.992067,2.996000051498413,3,1000,/workspace7/Unity3D/gabriele/Animal-AI/models_arenas/arenas_paper/box_reason_1/c2_0154.yaml,0,0,0,0,0,0.0,0.0
0.0,501,54137.973741,0,3,1000,/workspace7/Unity3D/gabriele/Animal-AI/models_arenas/arenas_paper/box_reason_1/c2_0358.yaml,0,1001,0,0,0,0.41520026,0.0
2.996,339,54149.632051,2.996000051498413,3,1000,/workspace7/Unity3D/gabriele/Animal-AI/models_arenas/arenas_paper/box_reason_1/c2_0446.yaml,2.996000051498413,677,0,0,0,2.3526273,0.0
0.0,501,54170.324022,0,3,1000,/workspace7/Unity3D/gabriele/Animal-AI/models_arenas/arenas_paper/box_reason_1/c2_0358.yaml,0,1001,0,0,0,0.58737093,0.0
0.0,501,54187.365831,0,3,1000,/workspace7/Unity3D/gabriele/Animal-AI/models_arenas/arenas_paper/box_reason_1/c2_0863.yaml,0,1001,0,0,0,0.46039802,0.0
0.0,501,54207.908633,0,3,1000,/workspace7/Unity3D/gabriele/Animal-AI/models_arenas/arenas_paper/box_reason_1/c2_0726.yaml,0,1001,0,0,0,0.27064443,0.0
0.0,501,54224.895084,0,3,1000,/workspace7/Unity3D/gabriele/Animal-AI/models_arenas/arenas_paper/box_reason_1/c2_0544.yaml,0,1001,0,0,0,0.4591607,0.0
0.0,501,54244.483447,0,3,1000,/workspace7/Unity3D/gabriele/Animal-AI/models_arenas/arenas_paper/box_reason_1/c2_0925.yaml,0,1001,0,0,0,1.1453685,0.0
0.0,501,54261.059283,0,3,1000,/workspace7/Unity3D/gabriele/Animal-AI/models_arenas/arenas_paper/box_reason_1/c2_0511.yaml,0,1001,0,0,0,0.33927763,0.0
2.996,330,54272.474816,2.996000051498413,3,1000,/workspace7/Unity3D/gabriele/Animal-AI/models_arenas/arenas_paper/box_reason_1/c2_0289.yaml,2.996000051498413,660,0,0,0,2.3861413,0.0
0.0,501,54293.017165,0,3,1000,/workspace7/Unity3D/gabriele/Animal-AI/models_arenas/arenas_paper/box_reason_1/c2_0535.yaml,0,1001,0,0,0,0.73278654,0.0
2.996,449,54308.040399,2.996000051498413,3,1000,/workspace7/Unity3D/gabriele/Animal-AI/models_arenas/arenas_paper/box_reason_1/c2_0358.yaml,0,0,0,0,0,0.0,0.0
2.996,330,54322.439668,2.996000051498413,3,1000,/workspace7/Unity3D/gabriele/Animal-AI/models_arenas/arenas_paper/box_reason_1/c2_0502.yaml,0,0,0,0,0,0.0,0.0
0.0,501,54338.296858,0,3,1000,/workspace7/Unity3D/gabriele/Animal-AI/models_arenas/arenas_paper/box_reason_1/c2_0894.yaml,0,1001,0,0,0,0.7976682,0.0
0.0,501,54359.235049,0,3,1000,/workspace7/Unity3D/gabriele/Animal-AI/models_arenas/arenas_paper/box_reason_1/c2_0879.yaml,0,1001,0,0,0,0.4999174,0.0
0.0,501,54375.641892,0,3,1000,/workspace7/Unity3D/gabriele/Animal-AI/models_arenas/arenas_paper/box_reason_1/c2_0662.yaml,0,1001,0,0,0,0.3762228,0.0
2.996,440,54393.704407,2.996000051498413,3,1000,/workspace7/Unity3D/gabriele/Animal-AI/models_arenas/arenas_paper/box_reason_1/c2_0203.yaml,0,0,0,0,0,0.0,0.0
0.0,501,54409.45344,0,3,1000,/workspace7/Unity3D/gabriele/Animal-AI/models_arenas/arenas_paper/box_reason_1/c2_0078.yaml,0,1001,0,0,0,0.38651815,0.0
0.0,501,54430.402144,0,3,1000,/workspace7/Unity3D/gabriele/Animal-AI/models_arenas/arenas_paper/box_reason_1/c2_0954.yaml,0,1001,0,0,0,0.22619961,0.0
0.0,501,54447.890468,0,3,1000,/workspace7/Unity3D/gabriele/Animal-AI/models_arenas/arenas_paper/box_reason_1/c2_0240.yaml,0,1001,0,0,0,0.29051906,0.0
0.0,501,54468.892719,0,3,1000,/workspace7/Unity3D/gabriele/Animal-AI/models_arenas/arenas_paper/box_reason_1/c2_0190.yaml,0,1001,0,0,0,0.27387226,0.0
0.0,501,54486.381855,0,3,1000,/workspace7/Unity3D/gabriele/Animal-AI/models_arenas/arenas_paper/box_reason_1/c2_0122.yaml,0,1001,0,0,0,0.3897549,0.0
0.0,501,54507.416228,0,3,1000,/workspace7/Unity3D/gabriele/Animal-AI/models_arenas/arenas_paper/box_reason_1/c2_0933.yaml,0,1001,0,0,0,0.37779996,0.0
0.0,501,54522.960544,0,3,1000,/workspace7/Unity3D/gabriele/Animal-AI/models_arenas/arenas_paper/box_reason_1/c2_0595.yaml,0,1001,0,0,0,1.1165376,0.0
2.996,440,54540.09099,2.996000051498413,3,1000,/workspace7/Unity3D/gabriele/Animal-AI/models_arenas/arenas_paper/box_reason_1/c2_0988.yaml,0,0,0,0,0,0.0,0.0
0.0,501,54556.311846,0,3,1000,/workspace7/Unity3D/gabriele/Animal-AI/models_arenas/arenas_paper/box_reason_1/c2_0202.yaml,0,1001,0,0,0,0.69188035,0.0
0.0,501,54577.044809,0,3,1000,/workspace7/Unity3D/gabriele/Animal-AI/models_arenas/arenas_paper/box_reason_1/c2_0735.yaml,0,1001,0,0,0,0.25614506,0.0
0.0,501,54594.342629,0,3,1000,/workspace7/Unity3D/gabriele/Animal-AI/models_arenas/arenas_paper/box_reason_1/c2_0788.yaml,0,1001,0,0,0,0.27802414,0.0
0.0,501,54614.943692,0,3,1000,/workspace7/Unity3D/gabriele/Animal-AI/models_arenas/arenas_paper/box_reason_1/c2_0166.yaml,0,1001,0,0,0,0.4148772,0.0
0.0,501,54632.082739,0,3,1000,/workspace7/Unity3D/gabriele/Animal-AI/models_arenas/arenas_paper/box_reason_1/c2_0842.yaml,0,1001,0,0,0,2.217492,0.0
0.0,501,54652.349481,0,3,1000,/workspace7/Unity3D/gabriele/Animal-AI/models_arenas/arenas_paper/box_reason_1/c2_0295.yaml,0,1001,0,0,0,0.4264182,0.0
0.0,501,54669.827618,0,3,1000,/workspace7/Unity3D/gabriele/Animal-AI/models_arenas/arenas_paper/box_reason_1/c2_0071.yaml,0,1001,0,0,0,0.3075589,0.0
0.0,501,54690.726912,0,3,1000,/workspace7/Unity3D/gabriele/Animal-AI/models_arenas/arenas_paper/box_reason_1/c2_0557.yaml,0,1001,0,0,0,0.8702591,0.0
0.0,501,54707.438869,0,3,1000,/workspace7/Unity3D/gabriele/Animal-AI/models_arenas/arenas_paper/box_reason_1/c2_0379.yaml,0,1001,0,0,0,0.3010252,0.0
0.0,501,54726.948301,0,3,1000,/workspace7/Unity3D/gabriele/Animal-AI/models_arenas/arenas_paper/box_reason_1/c2_0052.yaml,0,1001,0,0,0,1.0548471,0.0
0.0,501,54743.894206,0,3,1000,/workspace7/Unity3D/gabriele/Animal-AI/models_arenas/arenas_paper/box_reason_1/c2_0849.yaml,0,1001,0,0,0,1.2173505,0.0
0.0,501,54763.879537,0,3,1000,/workspace7/Unity3D/gabriele/Animal-AI/models_arenas/arenas_paper/box_reason_1/c2_0725.yaml,0,1001,0,0,0,0.36511084,0.0
0.0,501,54780.879683,0,3,1000,/workspace7/Unity3D/gabriele/Animal-AI/models_arenas/arenas_paper/box_reason_1/c2_0337.yaml,0,1001,0,0,0,0.23747942,0.0
0.0,501,54801.404862,0,3,1000,/workspace7/Unity3D/gabriele/Animal-AI/models_arenas/arenas_paper/box_reason_1/c2_0140.yaml,0,1001,0,0,0,0.41324806,0.0
0.0,501,54818.45742,0,3,1000,/workspace7/Unity3D/gabriele/Animal-AI/models_arenas/arenas_paper/box_reason_1/c2_0822.yaml,0,1001,0,0,0,1.2247198,0.0
0.0,501,54838.901474,0,3,1000,/workspace7/Unity3D/gabriele/Animal-AI/models_arenas/arenas_paper/box_reason_1/c2_0648.yaml,0,1001,0,0,0,0.52933204,0.0
0.0,501,54855.982402,0,3,1000,/workspace7/Unity3D/gabriele/Animal-AI/models_arenas/arenas_paper/box_reason_1/c2_0531.yaml,0,1001,0,0,0,0.22373481,0.0
0.0,501,54875.951544,0,3,1000,/workspace7/Unity3D/gabriele/Animal-AI/models_arenas/arenas_paper/box_reason_1/c2_0993.yaml,0,1001,0,0,0,0.37113774,0.0
0.0,501,54892.860718,0,3,1000,/workspace7/Unity3D/gabriele/Animal-AI/models_arenas/arenas_paper/box_reason_1/c2_0643.yaml,0,1001,0,0,0,0.4338263,0.0
0.0,501,54912.748252,0,3,1000,/workspace7/Unity3D/gabriele/Animal-AI/models_arenas/arenas_paper/box_reason_1/c2_0120.yaml,0,1001,0,0,0,0.25614017,0.0
2.996,440,54926.249091,2.996000051498413,3,1000,/workspace7/Unity3D/gabriele/Animal-AI/models_arenas/arenas_paper/box_reason_1/c2_0428.yaml,0,0,0,0,0,0.0,0.0
0.0,501,54946.937882,0,3,1000,/workspace7/Unity3D/gabriele/Animal-AI/models_arenas/arenas_paper/box_reason_1/c2_0719.yaml,0,1001,0,0,0,0.21914995,0.0
0.0,501,54963.948662,0,3,1000,/workspace7/Unity3D/gabriele/Animal-AI/models_arenas/arenas_paper/box_reason_1/c2_0768.yaml,0,1001,0,0,0,0.3649274,0.0
0.0,501,54983.965719,0,3,1000,/workspace7/Unity3D/gabriele/Animal-AI/models_arenas/arenas_paper/box_reason_1/c2_0571.yaml,0,1001,0,0,0,0.43083262,0.0
0.0,501,55000.722798,0,3,1000,/workspace7/Unity3D/gabriele/Animal-AI/models_arenas/arenas_paper/box_reason_1/c2_0563.yaml,0,1001,0,0,0,0.43538672,0.0
0.0,501,55021.780364,0,3,1000,/workspace7/Unity3D/gabriele/Animal-AI/models_arenas/arenas_paper/box_reason_1/c2_0651.yaml,0,1001,0,0,0,1.2664447,0.0
0.0,501,55039.235704,0,3,1000,/workspace7/Unity3D/gabriele/Animal-AI/models_arenas/arenas_paper/box_reason_1/c2_0633.yaml,0,1001,0,0,0,0.39444155,0.0
0.0,501,55060.319847,0,3,1000,/workspace7/Unity3D/gabriele/Animal-AI/models_arenas/arenas_paper/box_reason_1/c2_0646.yaml,0,1001,0,0,0,0.6753936,0.0
0.0,501,55077.467382,0,3,1000,/workspace7/Unity3D/gabriele/Animal-AI/models_arenas/arenas_paper/box_reason_1/c2_0039.yaml,0,1001,0,0,0,0.516302,0.0
2.996,300,55086.348024,2.996000051498413,3,1000,/workspace7/Unity3D/gabriele/Animal-AI/models_arenas/arenas_paper/box_reason_1/c2_0167.yaml,0,0,0,0,0,0.0,0.0
0.0,501,55106.44943,0,3,1000,/workspace7/Unity3D/gabriele/Animal-AI/models_arenas/arenas_paper/box_reason_1/c2_0720.yaml,0,1001,0,0,0,0.23773485,0.0
0.0,501,55123.24033,0,3,1000,/workspace7/Unity3D/gabriele/Animal-AI/models_arenas/arenas_paper/box_reason_1/c2_0769.yaml,0,1001,0,0,0,0.74995863,0.0
2.996,300,55136.676439,2.996000051498413,3,1000,/workspace7/Unity3D/gabriele/Animal-AI/models_arenas/arenas_paper/box_reason_1/c2_0762.yaml,0,0,0,0,0,0.0,0.0
2.996,290,55146.788508,2.996000051498413,3,1000,/workspace7/Unity3D/gabriele/Animal-AI/models_arenas/arenas_paper/box_reason_1/c2_0259.yaml,2.996000051498413,579,0,0,0,2.1258934,0.0
0.0,501,55163.528325,0,3,1000,/workspace7/Unity3D/gabriele/Animal-AI/models_arenas/arenas_paper/box_reason_1/c2_0130.yaml,0,1001,0,0,0,0.3681608,0.0
0.0,501,55183.69119,0,3,1000,/workspace7/Unity3D/gabriele/Animal-AI/models_arenas/arenas_paper/box_reason_1/c2_0492.yaml,0,1001,0,0,0,0.22506067,0.0
0.0,501,55201.137217,0,3,1000,/workspace7/Unity3D/gabriele/Animal-AI/models_arenas/arenas_paper/box_reason_1/c2_0666.yaml,0,1001,0,0,0,0.4418893,0.0
0.0,501,55222.283064,0,3,1000,/workspace7/Unity3D/gabriele/Animal-AI/models_arenas/arenas_paper/box_reason_1/c2_0194.yaml,0,1001,0,0,0,1.9110947,0.0
0.0,501,55239.88173,0,3,1000,/workspace7/Unity3D/gabriele/Animal-AI/models_arenas/arenas_paper/box_reason_1/c2_0943.yaml,0,1001,0,0,0,0.40766412,0.0
0.0,501,55260.850817,0,3,1000,/workspace7/Unity3D/gabriele/Animal-AI/models_arenas/arenas_paper/box_reason_1/c2_0563.yaml,0,1001,0,0,0,0.42717445,0.0
0.0,501,55277.773514,0,3,1000,/workspace7/Unity3D/gabriele/Animal-AI/models_arenas/arenas_paper/box_reason_1/c2_0351.yaml,0,1001,0,0,0,0.364623,0.0
0.0,501,55298.360459,0,3,1000,/workspace7/Unity3D/gabriele/Animal-AI/models_arenas/arenas_paper/box_reason_1/c2_0657.yaml,0,1001,0,0,0,0.53196484,0.0
0.0,501,55314.525641,0,3,1000,/workspace7/Unity3D/gabriele/Animal-AI/models_arenas/arenas_paper/box_reason_1/c2_0064.yaml,0,1001,0,0,0,0.25503594,0.0
0.0,501,55335.059525,0,3,1000,/workspace7/Unity3D/gabriele/Animal-AI/models_arenas/arenas_paper/box_reason_1/c2_0820.yaml,0,1001,0,0,0,0.4375046,0.0
0.0,501,55352.651236,0,3,1000,/workspace7/Unity3D/gabriele/Animal-AI/models_arenas/arenas_paper/box_reason_1/c2_0559.yaml,0,1001,0,0,0,1.65269,0.0
2.996,156,55361.465887,2.996000051498413,3,1000,/workspace7/Unity3D/gabriele/Animal-AI/models_arenas/arenas_paper/box_reason_1/c2_0535.yaml,0,0,0,0,0,0.0,0.0
0.0,501,55378.514472,0,3,1000,/workspace7/Unity3D/gabriele/Animal-AI/models_arenas/arenas_paper/box_reason_1/c2_0072.yaml,0,1001,0,0,0,0.5544232,0.0
0.0,501,55399.196512,0,3,1000,/workspace7/Unity3D/gabriele/Animal-AI/models_arenas/arenas_paper/box_reason_1/c2_0369.yaml,0,1001,0,0,0,0.27618363,0.0
0.0,501,55416.695923,0,3,1000,/workspace7/Unity3D/gabriele/Animal-AI/models_arenas/arenas_paper/box_reason_1/c2_0696.yaml,0,1001,0,0,0,0.46472704,0.0
0.0,501,55437.590841,0,3,1000,/workspace7/Unity3D/gabriele/Animal-AI/models_arenas/arenas_paper/box_reason_1/c2_0932.yaml,0,1001,0,0,0,0.28294453,0.0
0.0,501,55454.294222,0,3,1000,/workspace7/Unity3D/gabriele/Animal-AI/models_arenas/arenas_paper/box_reason_1/c2_0346.yaml,0,1001,0,0,0,0.3239981,0.0
0.0,501,55475.188993,0,3,1000,/workspace7/Unity3D/gabriele/Animal-AI/models_arenas/arenas_paper/box_reason_1/c2_0140.yaml,0,1001,0,0,0,0.36725622,0.0
0.0,501,55490.882239,0,3,1000,/workspace7/Unity3D/gabriele/Animal-AI/models_arenas/arenas_paper/box_reason_1/c2_0469.yaml,0,1001,0,0,0,0.64562094,0.0
2.996,414,55508.23344,2.996000051498413,3,1000,/workspace7/Unity3D/gabriele/Animal-AI/models_arenas/arenas_paper/box_reason_1/c2_0330.yaml,2.996000051498413,827,0,0,0,1.865479,0.0
0.0,501,55525.723444,0,3,1000,/workspace7/Unity3D/gabriele/Animal-AI/models_arenas/arenas_paper/box_reason_1/c2_0941.yaml,0,1001,0,0,0,0.48698568,0.0
2.996,449,55544.142834,2.996000051498413,3,1000,/workspace7/Unity3D/gabriele/Animal-AI/models_arenas/arenas_paper/box_reason_1/c2_0530.yaml,0,0,0,0,0,0.0,0.0
0.0,501,55559.807132,0,3,1000,/workspace7/Unity3D/gabriele/Animal-AI/models_arenas/arenas_paper/box_reason_1/c2_0569.yaml,0,1001,0,0,0,0.3515464,0.0
0.0,501,55580.16725,0,3,1000,/workspace7/Unity3D/gabriele/Animal-AI/models_arenas/arenas_paper/box_reason_1/c2_0215.yaml,0,1001,0,0,0,1.1283369,0.0
0.0,501,55597.475816,0,3,1000,/workspace7/Unity3D/gabriele/Animal-AI/models_arenas/arenas_paper/box_reason_1/c2_0083.yaml,0,1001,0,0,0,1.3476021,0.0
0.0,501,55617.615328,0,3,1000,/workspace7/Unity3D/gabriele/Animal-AI/models_arenas/arenas_paper/box_reason_1/c2_0128.yaml,0,1001,0,0,0,2.2079518,0.0
0.0,501,55634.527629,0,3,1000,/workspace7/Unity3D/gabriele/Animal-AI/models_arenas/arenas_paper/box_reason_1/c2_0362.yaml,0,1001,0,0,0,0.31071874,0.0
0.0,501,55655.308903,0,3,1000,/workspace7/Unity3D/gabriele/Animal-AI/models_arenas/arenas_paper/box_reason_1/c2_0580.yaml,0,1001,0,0,0,0.51703155,0.0
0.0,501,55673.008657,0,3,1000,/workspace7/Unity3D/gabriele/Animal-AI/models_arenas/arenas_paper/box_reason_1/c2_0802.yaml,0,1001,0,0,0,0.36103845,0.0
0.0,501,55693.519796,0,3,1000,/workspace7/Unity3D/gabriele/Animal-AI/models_arenas/arenas_paper/box_reason_1/c2_0140.yaml,0,1001,0,0,0,0.34566158,0.0
0.0,501,55710.78537,0,3,1000,/workspace7/Unity3D/gabriele/Animal-AI/models_arenas/arenas_paper/box_reason_1/c2_0437.yaml,0,1001,0,0,0,0.8865459,0.0
0.0,501,55731.720931,0,3,1000,/workspace7/Unity3D/gabriele/Animal-AI/models_arenas/arenas_paper/box_reason_1/c2_0784.yaml,0,1001,0,0,0,0.6768732,0.0
0.0,501,55748.998175,0,3,1000,/workspace7/Unity3D/gabriele/Animal-AI/models_arenas/arenas_paper/box_reason_1/c2_0436.yaml,0,1001,0,0,0,0.20299865,0.0
0.0,501,55769.723303,0,3,1000,/workspace7/Unity3D/gabriele/Animal-AI/models_arenas/arenas_paper/box_reason_1/c2_0488.yaml,0,1001,0,0,0,0.24987334,0.0
0.0,501,55786.60486,0,3,1000,/workspace7/Unity3D/gabriele/Animal-AI/models_arenas/arenas_paper/box_reason_1/c2_0974.yaml,0,1001,0,0,0,0.23900944,0.0
0.0,501,55806.434257,0,3,1000,/workspace7/Unity3D/gabriele/Animal-AI/models_arenas/arenas_paper/box_reason_1/c2_0511.yaml,0,1001,0,0,0,0.35878575,0.0
0.0,501,55823.534587,0,3,1000,/workspace7/Unity3D/gabriele/Animal-AI/models_arenas/arenas_paper/box_reason_1/c2_0638.yaml,0,1001,0,0,0,0.7528741,0.0
0.0,501,55843.878958,0,3,1000,/workspace7/Unity3D/gabriele/Animal-AI/models_arenas/arenas_paper/box_reason_1/c2_0677.yaml,0,1001,0,0,0,0.2929252,0.0
0.0,501,55861.254838,0,3,1000,/workspace7/Unity3D/gabriele/Animal-AI/models_arenas/arenas_paper/box_reason_1/c2_0664.yaml,0,1001,0,0,0,0.33594748,0.0
2.996,453,55876.211867,2.996000051498413,3,1000,/workspace7/Unity3D/gabriele/Animal-AI/models_arenas/arenas_paper/box_reason_1/c2_0179.yaml,2.996000051498413,906,0,0,0,2.954395,0.0
0.0,501,55896.678823,0,3,1000,/workspace7/Unity3D/gabriele/Animal-AI/models_arenas/arenas_paper/box_reason_1/c2_0605.yaml,0,1001,0,0,0,0.31149113,0.0
0.0,501,55912.935841,0,3,1000,/workspace7/Unity3D/gabriele/Animal-AI/models_arenas/arenas_paper/box_reason_1/c2_0427.yaml,0,1001,0,0,0,0.26163393,0.0
0.0,501,55933.346202,0,3,1000,/workspace7/Unity3D/gabriele/Animal-AI/models_arenas/arenas_paper/box_reason_1/c2_0104.yaml,0,1001,0,0,0,0.44921467,0.0
0.0,501,55950.740463,0,3,1000,/workspace7/Unity3D/gabriele/Animal-AI/models_arenas/arenas_paper/box_reason_1/c2_0085.yaml,0,1001,0,0,0,0.35116985,0.0
0.0,501,55971.710303,0,3,1000,/workspace7/Unity3D/gabriele/Animal-AI/models_arenas/arenas_paper/box_reason_1/c2_0841.yaml,0,1001,0,0,0,0.2617595,0.0
0.0,501,55988.622987,0,3,1000,/workspace7/Unity3D/gabriele/Animal-AI/models_arenas/arenas_paper/box_reason_1/c2_0427.yaml,0,1001,0,0,0,0.3685434,0.0
0.0,501,56009.759982,0,3,1000,/workspace7/Unity3D/gabriele/Animal-AI/models_arenas/arenas_paper/box_reason_1/c2_0749.yaml,0,1001,0,0,0,1.1901484,0.0
0.0,501,56027.281183,0,3,1000,/workspace7/Unity3D/gabriele/Animal-AI/models_arenas/arenas_paper/box_reason_1/c2_0077.yaml,0,1001,0,0,0,0.74645853,0.0
0.0,501,56047.038634,0,3,1000,/workspace7/Unity3D/gabriele/Animal-AI/models_arenas/arenas_paper/box_reason_1/c2_0718.yaml,0,1001,0,0,0,0.3211621,0.0
0.0,501,56063.45432,0,3,1000,/workspace7/Unity3D/gabriele/Animal-AI/models_arenas/arenas_paper/box_reason_1/c2_0690.yaml,0,1001,0,0,0,0.36011714,0.0
0.0,501,56084.247671,0,3,1000,/workspace7/Unity3D/gabriele/Animal-AI/models_arenas/arenas_paper/box_reason_1/c2_0655.yaml,0,1001,0,0,0,0.400549,0.0
2.996,453,56099.082864,2.996000051498413,3,1000,/workspace7/Unity3D/gabriele/Animal-AI/models_arenas/arenas_paper/box_reason_1/c2_0015.yaml,0,0,0,0,0,0.0,0.0
0.0,501,56119.482973,0,3,1000,/workspace7/Unity3D/gabriele/Animal-AI/models_arenas/arenas_paper/box_reason_1/c2_0261.yaml,0,1001,0,0,0,0.3902353,0.0
0.0,501,56134.864104,0,3,1000,/workspace7/Unity3D/gabriele/Animal-AI/models_arenas/arenas_paper/box_reason_1/c2_0954.yaml,0,1001,0,0,0,0.642212,0.0
0.0,501,56155.941043,0,3,1000,/workspace7/Unity3D/gabriele/Animal-AI/models_arenas/arenas_paper/box_reason_1/c2_0892.yaml,0,1001,0,0,0,0.28476393,0.0
2.996,440,56170.021964,2.996000051498413,3,1000,/workspace7/Unity3D/gabriele/Animal-AI/models_arenas/arenas_paper/box_reason_1/c2_0227.yaml,0,0,0,0,0,0.0,0.0
0.0,501,56190.516124,0,3,1000,/workspace7/Unity3D/gabriele/Animal-AI/models_arenas/arenas_paper/box_reason_1/c2_0081.yaml,0,1001,0,0,0,0.36873275,0.0
0.0,501,56207.216171,0,3,1000,/workspace7/Unity3D/gabriele/Animal-AI/models_arenas/arenas_paper/box_reason_1/c2_0512.yaml,0,1001,0,0,0,0.54588073,0.0
0.0,501,56227.720822,0,3,1000,/workspace7/Unity3D/gabriele/Animal-AI/models_arenas/arenas_paper/box_reason_1/c2_0764.yaml,0,1001,0,0,0,0.59021443,0.0
0.0,501,56244.916297,0,3,1000,/workspace7/Unity3D/gabriele/Animal-AI/models_arenas/arenas_paper/box_reason_1/c2_0198.yaml,0,1001,0,0,0,2.1282563,0.0
0.0,501,56264.704475,0,3,1000,/workspace7/Unity3D/gabriele/Animal-AI/models_arenas/arenas_paper/box_reason_1/c2_0055.yaml,0,1001,0,0,0,0.3174423,0.0
0.0,501,56282.178053,0,3,1000,/workspace7/Unity3D/gabriele/Animal-AI/models_arenas/arenas_paper/box_reason_1/c2_0905.yaml,0,1001,0,0,0,0.25805083,0.0
0.0,501,56302.810305,0,3,1000,/workspace7/Unity3D/gabriele/Animal-AI/models_arenas/arenas_paper/box_reason_1/c2_0260.yaml,0,1001,0,0,0,0.36155432,0.0
0.0,501,56318.593074,0,3,1000,/workspace7/Unity3D/gabriele/Animal-AI/models_arenas/arenas_paper/box_reason_1/c2_0253.yaml,0,1001,0,0,0,0.7576736,0.0
0.0,501,56338.673675,0,3,1000,/workspace7/Unity3D/gabriele/Animal-AI/models_arenas/arenas_paper/box_reason_1/c2_0114.yaml,0,1001,0,0,0,0.31941217,0.0
0.0,501,56355.360182,0,3,1000,/workspace7/Unity3D/gabriele/Animal-AI/models_arenas/arenas_paper/box_reason_1/c2_0650.yaml,0,1001,0,0,0,0.29183936,0.0
2.996,290,56368.293001,2.996000051498413,3,1000,/workspace7/Unity3D/gabriele/Animal-AI/models_arenas/arenas_paper/box_reason_1/c2_0147.yaml,0,0,0,0,0,0.0,0.0
0.0,501,56385.597955,0,3,1000,/workspace7/Unity3D/gabriele/Animal-AI/models_arenas/arenas_paper/box_reason_1/c2_0622.yaml,0,1001,0,0,0,0.75775623,0.0
0.0,501,56405.814023,0,3,1000,/workspace7/Unity3D/gabriele/Animal-AI/models_arenas/arenas_paper/box_reason_1/c2_0109.yaml,0,1001,0,0,0,0.35786343,0.0
0.0,501,56421.880926,0,3,1000,/workspace7/Unity3D/gabriele/Animal-AI/models_arenas/arenas_paper/box_reason_1/c2_0465.yaml,0,1001,0,0,0,0.70625055,0.0
0.0,501,56442.410654,0,3,1000,/workspace7/Unity3D/gabriele/Animal-AI/models_arenas/arenas_paper/box_reason_1/c2_0180.yaml,0,1001,0,0,0,0.5476602,0.0
0.0,501,56459.460256,0,3,1000,/workspace7/Unity3D/gabriele/Animal-AI/models_arenas/arenas_paper/box_reason_1/c2_0293.yaml,0,1001,0,0,0,0.46375674,0.0
2.996,440,56477.703798,2.996000051498413,3,1000,/workspace7/Unity3D/gabriele/Animal-AI/models_arenas/arenas_paper/box_reason_1/c2_0352.yaml,0,0,0,0,0,0.0,0.0
0.0,501,56495.101777,0,3,1000,/workspace7/Unity3D/gabriele/Animal-AI/models_arenas/arenas_paper/box_reason_1/c2_0473.yaml,0,1001,0,0,0,2.1963632,0.0
0.0,501,56515.346086,0,3,1000,/workspace7/Unity3D/gabriele/Animal-AI/models_arenas/arenas_paper/box_reason_1/c2_0205.yaml,0,1001,0,0,0,0.32972762,0.0
0.0,501,56532.15782,0,3,1000,/workspace7/Unity3D/gabriele/Animal-AI/models_arenas/arenas_paper/box_reason_1/c2_0034.yaml,0,1001,0,0,0,0.29154342,0.0
0.0,501,56552.830704,0,3,1000,/workspace7/Unity3D/gabriele/Animal-AI/models_arenas/arenas_paper/box_reason_1/c2_0703.yaml,0,1001,0,0,0,0.5287377,0.0
2.996,290,56561.923802,2.996000051498413,3,1000,/workspace7/Unity3D/gabriele/Animal-AI/models_arenas/arenas_paper/box_reason_1/c2_0259.yaml,0,0,0,0,0,0.0,0.0
0.0,501,56578.797276,0,3,1000,/workspace7/Unity3D/gabriele/Animal-AI/models_arenas/arenas_paper/box_reason_1/c2_0364.yaml,0,1001,0,0,0,0.26104078,0.0
0.0,501,56598.14649,0,3,1000,/workspace7/Unity3D/gabriele/Animal-AI/models_arenas/arenas_paper/box_reason_1/c2_0219.yaml,0,1001,0,0,0,0.2674326,0.0
0.0,501,56614.951922,0,3,1000,/workspace7/Unity3D/gabriele/Animal-AI/models_arenas/arenas_paper/box_reason_1/c2_0351.yaml,0,1001,0,0,0,0.27319977,0.0
0.0,501,56635.313867,0,3,1000,/workspace7/Unity3D/gabriele/Animal-AI/models_arenas/arenas_paper/box_reason_1/c2_0677.yaml,0,1001,0,0,0,0.44339365,0.0
0.0,501,56652.473362,0,3,1000,/workspace7/Unity3D/gabriele/Animal-AI/models_arenas/arenas_paper/box_reason_1/c2_0449.yaml,0,1001,0,0,0,0.5089405,0.0
2.996,402,56668.933098,2.996000051498413,3,1000,/workspace7/Unity3D/gabriele/Animal-AI/models_arenas/arenas_paper/box_reason_1/c2_0680.yaml,0,0,0,0,0,0.0,0.0
2.996,300,56678.828973,2.996000051498413,3,1000,/workspace7/Unity3D/gabriele/Animal-AI/models_arenas/arenas_paper/box_reason_1/c2_0140.yaml,0,0,0,0,0,0.0,0.0
0.0,501,56699.325785,0,3,1000,/workspace7/Unity3D/gabriele/Animal-AI/models_arenas/arenas_paper/box_reason_1/c2_0472.yaml,0,1001,0,0,0,1.5597836,0.0
0.0,501,56716.292414,0,3,1000,/workspace7/Unity3D/gabriele/Animal-AI/models_arenas/arenas_paper/box_reason_1/c2_0172.yaml,0,1001,0,0,0,0.3151188,0.0
0.0,501,56736.065019,0,3,1000,/workspace7/Unity3D/gabriele/Animal-AI/models_arenas/arenas_paper/box_reason_1/c2_0341.yaml,0,1001,0,0,0,1.5312929,0.0
0.0,501,56751.730855,0,3,1000,/workspace7/Unity3D/gabriele/Animal-AI/models_arenas/arenas_paper/box_reason_1/c2_0465.yaml,0,1001,0,0,0,0.31824374,0.0
0.0,501,56772.673805,0,3,1000,/workspace7/Unity3D/gabriele/Animal-AI/models_arenas/arenas_paper/box_reason_1/c2_0038.yaml,0,1001,0,0,0,0.6229651,0.0
0.0,501,56788.409038,0,3,1000,/workspace7/Unity3D/gabriele/Animal-AI/models_arenas/arenas_paper/box_reason_1/c2_0350.yaml,0,1001,0,0,0,0.3955397,0.0
0.0,501,56808.784941,0,3,1000,/workspace7/Unity3D/gabriele/Animal-AI/models_arenas/arenas_paper/box_reason_1/c2_0002.yaml,0,1001,0,0,0,0.38914353,0.0
0.0,501,56825.803256,0,3,1000,/workspace7/Unity3D/gabriele/Animal-AI/models_arenas/arenas_paper/box_reason_1/c2_0286.yaml,0,1001,0,0,0,0.87740374,0.0
0.0,501,56846.91248,0,3,1000,/workspace7/Unity3D/gabriele/Animal-AI/models_arenas/arenas_paper/box_reason_1/c2_0387.yaml,0,1001,0,0,0,0.35183793,0.0
0.0,501,56864.404713,0,3,1000,/workspace7/Unity3D/gabriele/Animal-AI/models_arenas/arenas_paper/box_reason_1/c2_0982.yaml,0,1001,0,0,0,0.42479557,0.0
0.0,501,56885.424839,0,3,1000,/workspace7/Unity3D/gabriele/Animal-AI/models_arenas/arenas_paper/box_reason_1/c2_0949.yaml,0,1001,0,0,0,0.37160528,0.0
0.0,501,56902.984314,0,3,1000,/workspace7/Unity3D/gabriele/Animal-AI/models_arenas/arenas_paper/box_reason_1/c2_0694.yaml,0,1001,0,0,0,0.3962258,0.0
2.996,402,56919.566481,2.996000051498413,3,1000,/workspace7/Unity3D/gabriele/Animal-AI/models_arenas/arenas_paper/box_reason_1/c2_0568.yaml,0,0,0,0,0,0.0,0.0
0.0,501,56936.722797,0,3,1000,/workspace7/Unity3D/gabriele/Animal-AI/models_arenas/arenas_paper/box_reason_1/c2_0158.yaml,0,1001,0,0,0,1.1156169,0.0
0.0,501,56957.590809,0,3,1000,/workspace7/Unity3D/gabriele/Animal-AI/models_arenas/arenas_paper/box_reason_1/c2_0794.yaml,0,1001,0,0,0,0.46849465,0.0
0.0,501,56974.712911,0,3,1000,/workspace7/Unity3D/gabriele/Animal-AI/models_arenas/arenas_paper/box_reason_1/c2_0687.yaml,0,1001,0,0,0,0.43903455,0.0
0.0,501,56995.38425,0,3,1000,/workspace7/Unity3D/gabriele/Animal-AI/models_arenas/arenas_paper/box_reason_1/c2_0416.yaml,0,1001,0,0,0,0.34590638,0.0
2.996,302,57005.502385,2.996000051498413,3,1000,/workspace7/Unity3D/gabriele/Animal-AI/models_arenas/arenas_paper/box_reason_1/c2_0647.yaml,2.996000051498413,603,0,0,0,2.1003978,0.0
0.0,501,57021.705194,0,3,1000,/workspace7/Unity3D/gabriele/Animal-AI/models_arenas/arenas_paper/box_reason_1/c2_0974.yaml,0,1001,0,0,0,0.4328044,0.0
0.0,501,57042.757584,0,3,1000,/workspace7/Unity3D/gabriele/Animal-AI/models_arenas/arenas_paper/box_reason_1/c2_0325.yaml,0,1001,0,0,0,0.3157072,0.0
0.0,501,57059.277243,0,3,1000,/workspace7/Unity3D/gabriele/Animal-AI/models_arenas/arenas_paper/box_reason_1/c2_0052.yaml,0,1001,0,0,0,0.37776142,0.0
0.0,501,57079.81315,0,3,1000,/workspace7/Unity3D/gabriele/Animal-AI/models_arenas/arenas_paper/box_reason_1/c2_0875.yaml,0,1001,0,0,0,1.3617258,0.0
0.0,501,57097.260659,0,3,1000,/workspace7/Unity3D/gabriele/Animal-AI/models_arenas/arenas_paper/box_reason_1/c2_0090.yaml,0,1001,0,0,0,0.30946165,0.0
0.0,501,57117.931343,0,3,1000,/workspace7/Unity3D/gabriele/Animal-AI/models_arenas/arenas_paper/box_reason_1/c2_0168.yaml,0,1001,0,0,0,0.31008583,0.0
0.0,501,57134.7633,0,3,1000,/workspace7/Unity3D/gabriele/Animal-AI/models_arenas/arenas_paper/box_reason_1/c2_0271.yaml,0,1001,0,0,0,0.31612027,0.0
2.996,453,57153.036597,2.996000051498413,3,1000,/workspace7/Unity3D/gabriele/Animal-AI/models_arenas/arenas_paper/box_reason_1/c2_0629.yaml,0,0,0,0,0,0.0,0.0
0.0,501,57169.592616,0,3,1000,/workspace7/Unity3D/gabriele/Animal-AI/models_arenas/arenas_paper/box_reason_1/c2_0666.yaml,0,1001,0,0,0,1.6508521,0.0
0.0,501,57189.4087,0,3,1000,/workspace7/Unity3D/gabriele/Animal-AI/models_arenas/arenas_paper/box_reason_1/c2_0684.yaml,0,1001,0,0,0,0.6286223,0.0
2.996,390,57202.865929,2.996000051498413,3,1000,/workspace7/Unity3D/gabriele/Animal-AI/models_arenas/arenas_paper/box_reason_1/c2_0465.yaml,2.996000051498413,779,0,0,0,2.383759,0.0
0.0,501,57223.230364,0,3,1000,/workspace7/Unity3D/gabriele/Animal-AI/models_arenas/arenas_paper/box_reason_1/c2_0415.yaml,0,1001,0,0,0,0.31640926,0.0
0.0,501,57239.565269,0,3,1000,/workspace7/Unity3D/gabriele/Animal-AI/models_arenas/arenas_paper/box_reason_1/c2_0481.yaml,0,1001,0,0,0,0.5565095,0.0
0.0,501,57259.402555,0,3,1000,/workspace7/Unity3D/gabriele/Animal-AI/models_arenas/arenas_paper/box_reason_1/c2_0544.yaml,0,1001,0,0,0,0.2709516,0.0
0.0,501,57276.352234,0,3,1000,/workspace7/Unity3D/gabriele/Animal-AI/models_arenas/arenas_paper/box_reason_1/c2_0878.yaml,0,1001,0,0,0,0.35142374,0.0
0.0,501,57296.636384,0,3,1000,/workspace7/Unity3D/gabriele/Animal-AI/models_arenas/arenas_paper/box_reason_1/c2_0176.yaml,0,1001,0,0,0,0.39312452,0.0
2.996,339,57307.399101,2.996000051498413,3,1000,/workspace7/Unity3D/gabriele/Animal-AI/models_arenas/arenas_paper/box_reason_1/c2_0797.yaml,0,0,0,0,0,0.0,0.0
0.0,501,57327.686828,0,3,1000,/workspace7/Unity3D/gabriele/Animal-AI/models_arenas/arenas_paper/box_reason_1/c2_0552.yaml,0,1001,0,0,0,0.47277975,0.0
2.996,453,57342.227648,2.996000051498413,3,1000,/workspace7/Unity3D/gabriele/Animal-AI/models_arenas/arenas_paper/box_reason_1/c2_0082.yaml,0,0,0,0,0,0.0,0.0
0.0,501,57359.532271,0,3,1000,/workspace7/Unity3D/gabriele/Animal-AI/models_arenas/arenas_paper/box_reason_1/c2_0067.yaml,0,1001,0,0,0,0.5427458,0.0
0.0,501,57379.919364,0,3,1000,/workspace7/Unity3D/gabriele/Animal-AI/models_arenas/arenas_paper/box_reason_1/c2_0905.yaml,0,1001,0,0,0,0.4253552,0.0
0.0,501,57400.091209,0,3,1000,/workspace7/Unity3D/gabriele/Animal-AI/models_arenas/arenas_paper/box_reason_1/c2_0772.yaml,0,1001,0,0,0,0.29694617,0.0
0.0,501,57417.10866,0,3,1000,/workspace7/Unity3D/gabriele/Animal-AI/models_arenas/arenas_paper/box_reason_1/c2_0870.yaml,0,1001,0,0,0,0.28346002,0.0
0.0,501,57438.145224,0,3,1000,/workspace7/Unity3D/gabriele/Animal-AI/models_arenas/arenas_paper/box_reason_1/c2_0184.yaml,0,1001,0,0,0,0.34070513,0.0
2.996,330,57448.86884,2.996000051498413,3,1000,/workspace7/Unity3D/gabriele/Animal-AI/models_arenas/arenas_paper/box_reason_1/c2_0843.yaml,0,0,0,0,0,0.0,0.0
0.0,501,57467.496424,0,3,1000,/workspace7/Unity3D/gabriele/Animal-AI/models_arenas/arenas_paper/box_reason_1/c2_0763.yaml,0,1001,0,0,0,0.37617818,0.0
0.0,501,57488.105451,0,3,1000,/workspace7/Unity3D/gabriele/Animal-AI/models_arenas/arenas_paper/box_reason_1/c2_0646.yaml,0,1001,0,0,0,0.37402403,0.0
0.0,501,57504.537696,0,3,1000,/workspace7/Unity3D/gabriele/Animal-AI/models_arenas/arenas_paper/box_reason_1/c2_0919.yaml,0,1001,0,0,0,0.3283704,0.0
0.0,501,57523.755652,0,3,1000,/workspace7/Unity3D/gabriele/Animal-AI/models_arenas/arenas_paper/box_reason_1/c2_0180.yaml,0,1001,0,0,0,1.7980547,0.0
0.0,501,57540.389913,0,3,1000,/workspace7/Unity3D/gabriele/Animal-AI/models_arenas/arenas_paper/box_reason_1/c2_0008.yaml,0,1001,0,0,0,0.7312322,0.0
0.0,501,57560.313099,0,3,1000,/workspace7/Unity3D/gabriele/Animal-AI/models_arenas/arenas_paper/box_reason_1/c2_0652.yaml,0,1001,0,0,0,0.39770204,0.0
0.0,501,57575.998698,0,3,1000,/workspace7/Unity3D/gabriele/Animal-AI/models_arenas/arenas_paper/box_reason_1/c2_0937.yaml,0,1001,0,0,0,0.8885097,0.0
0.0,501,57596.007481,0,3,1000,/workspace7/Unity3D/gabriele/Animal-AI/models_arenas/arenas_paper/box_reason_1/c2_0607.yaml,0,1001,0,0,0,0.7856349,0.0
0.0,501,57613.113118,0,3,1000,/workspace7/Unity3D/gabriele/Animal-AI/models_arenas/arenas_paper/box_reason_1/c2_0105.yaml,0,1001,0,0,0,0.3160829,0.0
0.0,501,57634.110451,0,3,1000,/workspace7/Unity3D/gabriele/Animal-AI/models_arenas/arenas_paper/box_reason_1/c2_0642.yaml,0,1001,0,0,0,0.59829044,0.0
0.0,501,57650.80622,0,3,1000,/workspace7/Unity3D/gabriele/Animal-AI/models_arenas/arenas_paper/box_reason_1/c2_0831.yaml,0,1001,0,0,0,0.34658468,0.0
0.0,501,57670.989163,0,3,1000,/workspace7/Unity3D/gabriele/Animal-AI/models_arenas/arenas_paper/box_reason_1/c2_0877.yaml,0,1001,0,0,0,0.5324576,0.0
2.996,302,57679.908385,2.996000051498413,3,1000,/workspace7/Unity3D/gabriele/Animal-AI/models_arenas/arenas_paper/box_reason_1/c2_0299.yaml,0,0,0,0,0,0.0,0.0
0.0,501,57700.128475,0,3,1000,/workspace7/Unity3D/gabriele/Animal-AI/models_arenas/arenas_paper/box_reason_1/c2_0536.yaml,0,1001,0,0,0,0.4906606,0.0
2.996,339,57710.72804,2.996000051498413,3,1000,/workspace7/Unity3D/gabriele/Animal-AI/models_arenas/arenas_paper/box_reason_1/c2_0027.yaml,0,0,0,0,0,0.0,0.0
0.0,501,57727.689588,0,3,1000,/workspace7/Unity3D/gabriele/Animal-AI/models_arenas/arenas_paper/box_reason_1/c2_0688.yaml,0,1001,0,0,0,1.5825784,0.0
0.0,501,57748.62947,0,3,1000,/workspace7/Unity3D/gabriele/Animal-AI/models_arenas/arenas_paper/box_reason_1/c2_0260.yaml,0,1001,0,0,0,0.34550405,0.0
0.0,501,57765.596812,0,3,1000,/workspace7/Unity3D/gabriele/Animal-AI/models_arenas/arenas_paper/box_reason_1/c2_0817.yaml,0,1001,0,0,0,0.57101774,0.0
0.0,501,57785.422097,0,3,1000,/workspace7/Unity3D/gabriele/Animal-AI/models_arenas/arenas_paper/box_reason_1/c2_0907.yaml,0,1001,0,0,0,1.328271,0.0
0.0,501,57801.871134,0,3,1000,/workspace7/Unity3D/gabriele/Animal-AI/models_arenas/arenas_paper/box_reason_1/c2_0750.yaml,0,1001,0,0,0,0.44126475,0.0
0.0,501,57821.885007,0,3,1000,/workspace7/Unity3D/gabriele/Animal-AI/models_arenas/arenas_paper/box_reason_1/c2_0617.yaml,0,1001,0,0,0,0.5483984,0.0
2.996,179,57828.091486,2.996000051498413,3,1000,/workspace7/Unity3D/gabriele/Animal-AI/models_arenas/arenas_paper/box_reason_1/c2_0602.yaml,2.996000051498413,357,0,0,0,2.7922947,0.0
0.0,501,57848.76404,0,3,1000,/workspace7/Unity3D/gabriele/Animal-AI/models_arenas/arenas_paper/box_reason_1/c2_0722.yaml,0,1001,0,0,0,0.43959463,0.0
0.0,501,57865.362287,0,3,1000,/workspace7/Unity3D/gabriele/Animal-AI/models_arenas/arenas_paper/box_reason_1/c2_0164.yaml,0,1001,0,0,0,0.4601066,0.0
0.0,501,57886.416896,0,3,1000,/workspace7/Unity3D/gabriele/Animal-AI/models_arenas/arenas_paper/box_reason_1/c2_0841.yaml,0,1001,0,0,0,0.882586,0.0
0.0,501,57903.867327,0,3,1000,/workspace7/Unity3D/gabriele/Animal-AI/models_arenas/arenas_paper/box_reason_1/c2_0698.yaml,0,1001,0,0,0,0.40457514,0.0
2.996,211,57911.231417,2.996000051498413,3,1000,/workspace7/Unity3D/gabriele/Animal-AI/models_arenas/arenas_paper/box_reason_1/c2_0095.yaml,2.996000051498413,422,0,0,0,3.0857418,0.0
0.0,501,57932.018641,0,3,1000,/workspace7/Unity3D/gabriele/Animal-AI/models_arenas/arenas_paper/box_reason_1/c2_0797.yaml,0,1001,0,0,0,0.4633904,0.0
0.0,501,57947.048775,0,3,1000,/workspace7/Unity3D/gabriele/Animal-AI/models_arenas/arenas_paper/box_reason_1/c2_0908.yaml,0,1001,0,0,0,0.2567602,0.0
0.0,501,57968.043217,0,3,1000,/workspace7/Unity3D/gabriele/Animal-AI/models_arenas/arenas_paper/box_reason_1/c2_0499.yaml,0,1001,0,0,0,0.2667686,0.0
0.0,501,57985.280452,0,3,1000,/workspace7/Unity3D/gabriele/Animal-AI/models_arenas/arenas_paper/box_reason_1/c2_0183.yaml,0,1001,0,0,0,0.42041907,0.0
0.0,501,58005.298155,0,3,1000,/workspace7/Unity3D/gabriele/Animal-AI/models_arenas/arenas_paper/box_reason_1/c2_0735.yaml,0,1001,0,0,0,0.2620158,0.0
0.0,501,58022.549112,0,3,1000,/workspace7/Unity3D/gabriele/Animal-AI/models_arenas/arenas_paper/box_reason_1/c2_0165.yaml,0,1001,0,0,0,0.96252877,0.0
0.0,501,58042.810301,0,3,1000,/workspace7/Unity3D/gabriele/Animal-AI/models_arenas/arenas_paper/box_reason_1/c2_0705.yaml,0,1001,0,0,0,0.7539675,0.0
0.0,501,58058.795266,0,3,1000,/workspace7/Unity3D/gabriele/Animal-AI/models_arenas/arenas_paper/box_reason_1/c2_0836.yaml,0,1001,0,0,0,0.271895,0.0
0.0,501,58079.035815,0,3,1000,/workspace7/Unity3D/gabriele/Animal-AI/models_arenas/arenas_paper/box_reason_1/c2_0199.yaml,0,1001,0,0,0,0.34828582,0.0
0.0,501,58096.318577,0,3,1000,/workspace7/Unity3D/gabriele/Animal-AI/models_arenas/arenas_paper/box_reason_1/c2_0383.yaml,0,1001,0,0,0,0.4284023,0.0
2.996,351,58112.047194,2.996000051498413,3,1000,/workspace7/Unity3D/gabriele/Animal-AI/models_arenas/arenas_paper/box_reason_1/c2_0968.yaml,2.996000051498413,701,0,0,0,2.4344327,0.0
0.0,501,58128.65527,0,3,1000,/workspace7/Unity3D/gabriele/Animal-AI/models_arenas/arenas_paper/box_reason_1/c2_0043.yaml,0,1001,0,0,0,0.41270983,0.0
0.0,501,58149.515209,0,3,1000,/workspace7/Unity3D/gabriele/Animal-AI/models_arenas/arenas_paper/box_reason_1/c2_0412.yaml,0,1001,0,0,0,0.84175134,0.0
0.0,501,58166.171696,0,3,1000,/workspace7/Unity3D/gabriele/Animal-AI/models_arenas/arenas_paper/box_reason_1/c2_0966.yaml,0,1001,0,0,0,0.39660385,0.0
0.0,501,58186.24423,0,3,1000,/workspace7/Unity3D/gabriele/Animal-AI/models_arenas/arenas_paper/box_reason_1/c2_0070.yaml,0,1001,0,0,0,1.2822846,0.0
0.0,501,58202.639888,0,3,1000,/workspace7/Unity3D/gabriele/Animal-AI/models_arenas/arenas_paper/box_reason_1/c2_0899.yaml,0,1001,0,0,0,0.27018476,0.0
2.996,157,58207.516868,2.996000051498413,3,1000,/workspace7/Unity3D/gabriele/Animal-AI/models_arenas/arenas_paper/box_reason_1/c2_0782.yaml,2.996000051498413,314,0,0,0,2.350385,0.0
2.996,392,58224.403887,2.996000051498413,3,1000,/workspace7/Unity3D/gabriele/Animal-AI/models_arenas/arenas_paper/box_reason_1/c2_0219.yaml,2.996000051498413,784,0,0,0,2.3468027,0.0
0.0,501,58241.13545,0,3,1000,/workspace7/Unity3D/gabriele/Animal-AI/models_arenas/arenas_paper/box_reason_1/c2_0021.yaml,0,1001,0,0,0,0.34749404,0.0
0.0,501,58261.273836,0,3,1000,/workspace7/Unity3D/gabriele/Animal-AI/models_arenas/arenas_paper/box_reason_1/c2_0155.yaml,0,1001,0,0,0,1.7451122,0.0
0.0,501,58277.89452,0,3,1000,/workspace7/Unity3D/gabriele/Animal-AI/models_arenas/arenas_paper/box_reason_1/c2_0451.yaml,0,1001,0,0,0,0.6758204,0.0
2.996,378,58294.68954,2.996000051498413,3,1000,/workspace7/Unity3D/gabriele/Animal-AI/models_arenas/arenas_paper/box_reason_1/c2_0635.yaml,2.996000051498413,756,0,0,0,3.2724326,0.0
0.0,501,58311.771055,0,3,1000,/workspace7/Unity3D/gabriele/Animal-AI/models_arenas/arenas_paper/box_reason_1/c2_0114.yaml,0,1001,0,0,0,0.45167702,0.0
0.0,501,58332.58947,0,3,1000,/workspace7/Unity3D/gabriele/Animal-AI/models_arenas/arenas_paper/box_reason_1/c2_0858.yaml,0,1001,0,0,0,0.514348,0.0
0.0,501,58348.796418,0,3,1000,/workspace7/Unity3D/gabriele/Animal-AI/models_arenas/arenas_paper/box_reason_1/c2_0456.yaml,0,1001,0,0,0,0.7346645,0.0
0.0,501,58369.460309,0,3,1000,/workspace7/Unity3D/gabriele/Animal-AI/models_arenas/arenas_paper/box_reason_1/c2_0104.yaml,0,1001,0,0,0,1.8599011,0.0
0.0,501,58386.540736,0,3,1000,/workspace7/Unity3D/gabriele/Animal-AI/models_arenas/arenas_paper/box_reason_1/c2_0461.yaml,0,1001,0,0,0,0.3300978,0.0
2.996,453,58404.672582,2.996000051498413,3,1000,/workspace7/Unity3D/gabriele/Animal-AI/models_arenas/arenas_paper/box_reason_1/c2_0563.yaml,0,0,0,0,0,0.0,0.0
0.0,501,58421.233991,0,3,1000,/workspace7/Unity3D/gabriele/Animal-AI/models_arenas/arenas_paper/box_reason_1/c2_0172.yaml,0,1001,0,0,0,0.5866647,0.0
0.0,501,58442.020978,0,3,1000,/workspace7/Unity3D/gabriele/Animal-AI/models_arenas/arenas_paper/box_reason_1/c2_0806.yaml,0,1001,0,0,0,0.37363523,0.0
0.0,501,58458.123564,0,3,1000,/workspace7/Unity3D/gabriele/Animal-AI/models_arenas/arenas_paper/box_reason_1/c2_0233.yaml,0,1001,0,0,0,2.0252428,0.0
2.996,131,58462.492656,2.996000051498413,3,1000,/workspace7/Unity3D/gabriele/Animal-AI/models_arenas/arenas_paper/box_reason_1/c2_0921.yaml,2.996000051498413,261,0,0,0,2.5140386,0.0
0.0,501,58480.813325,0,3,1000,/workspace7/Unity3D/gabriele/Animal-AI/models_arenas/arenas_paper/box_reason_1/c2_0101.yaml,0,1001,0,0,0,1.1016091,0.0
0.0,501,58497.378112,0,3,1000,/workspace7/Unity3D/gabriele/Animal-AI/models_arenas/arenas_paper/box_reason_1/c2_0602.yaml,0,1001,0,0,0,1.6010282,0.0
2.996,402,58513.357705,2.996000051498413,3,1000,/workspace7/Unity3D/gabriele/Animal-AI/models_arenas/arenas_paper/box_reason_1/c2_0866.yaml,0,0,0,0,0,0.0,0.0
0.0,501,58530.775667,0,3,1000,/workspace7/Unity3D/gabriele/Animal-AI/models_arenas/arenas_paper/box_reason_1/c2_0741.yaml,0,1001,0,0,0,0.62844586,0.0
0.0,501,58550.886068,0,3,1000,/workspace7/Unity3D/gabriele/Animal-AI/models_arenas/arenas_paper/box_reason_1/c2_0761.yaml,0,1001,0,0,0,0.5247146,0.0
0.0,501,58567.734736,0,3,1000,/workspace7/Unity3D/gabriele/Animal-AI/models_arenas/arenas_paper/box_reason_1/c2_0338.yaml,0,1001,0,0,0,0.6141046,0.0
0.0,501,58588.595865,0,3,1000,/workspace7/Unity3D/gabriele/Animal-AI/models_arenas/arenas_paper/box_reason_1/c2_0026.yaml,0,1001,0,0,0,0.47085854,0.0
0.0,501,58605.731685,0,3,1000,/workspace7/Unity3D/gabriele/Animal-AI/models_arenas/arenas_paper/box_reason_1/c2_0691.yaml,0,1001,0,0,0,0.5354446,0.0
0.0,501,58626.391608,0,3,1000,/workspace7/Unity3D/gabriele/Animal-AI/models_arenas/arenas_paper/box_reason_1/c2_0123.yaml,0,1001,0,0,0,0.513149,0.0
0.0,501,58642.623349,0,3,1000,/workspace7/Unity3D/gabriele/Animal-AI/models_arenas/arenas_paper/box_reason_1/c2_0044.yaml,0,1001,0,0,0,0.45218453,0.0
0.0,501,58663.253043,0,3,1000,/workspace7/Unity3D/gabriele/Animal-AI/models_arenas/arenas_paper/box_reason_1/c2_0181.yaml,0,1001,0,0,0,0.4018677,0.0
0.0,501,58680.333517,0,3,1000,/workspace7/Unity3D/gabriele/Animal-AI/models_arenas/arenas_paper/box_reason_1/c2_0701.yaml,0,1001,0,0,0,0.52549225,0.0
0.0,501,58700.34145,0,3,1000,/workspace7/Unity3D/gabriele/Animal-AI/models_arenas/arenas_paper/box_reason_1/c2_0730.yaml,0,1001,0,0,0,0.6262449,0.0
0.0,501,58717.604506,0,3,1000,/workspace7/Unity3D/gabriele/Animal-AI/models_arenas/arenas_paper/box_reason_1/c2_0622.yaml,0,1001,0,0,0,0.51860833,0.0
0.0,501,58738.379585,0,3,1000,/workspace7/Unity3D/gabriele/Animal-AI/models_arenas/arenas_paper/box_reason_1/c2_0592.yaml,0,1001,0,0,0,0.28642315,0.0
2.996,211,58744.893348,2.996000051498413,3,1000,/workspace7/Unity3D/gabriele/Animal-AI/models_arenas/arenas_paper/box_reason_1/c2_0881.yaml,0,0,0,0,0,0.0,0.0
0.0,501,58762.108048,0,3,1000,/workspace7/Unity3D/gabriele/Animal-AI/models_arenas/arenas_paper/box_reason_1/c2_0759.yaml,0,1001,0,0,0,0.65235823,0.0
2.996,190,58772.065604,2.996000051498413,3,1000,/workspace7/Unity3D/gabriele/Animal-AI/models_arenas/arenas_paper/box_reason_1/c2_0554.yaml,2.996000051498413,380,0,0,0,3.0124168,0.0
0.0,501,58788.255086,0,3,1000,/workspace7/Unity3D/gabriele/Animal-AI/models_arenas/arenas_paper/box_reason_1/c2_0373.yaml,0,1001,0,0,0,2.0266147,0.0
2.996,264,58797.009738,2.996000051498413,3,1000,/workspace7/Unity3D/gabriele/Animal-AI/models_arenas/arenas_paper/box_reason_1/c2_0127.yaml,2.996000051498413,528,0,0,0,2.2471745,0.0
2.996,157,58805.710015,2.996000051498413,3,1000,/workspace7/Unity3D/gabriele/Animal-AI/models_arenas/arenas_paper/box_reason_1/c2_0674.yaml,0,0,0,0,0,0.0,0.0
0.0,501,58822.819833,0,3,1000,/workspace7/Unity3D/gabriele/Animal-AI/models_arenas/arenas_paper/box_reason_1/c2_0119.yaml,0,1001,0,0,0,0.79185295,0.0
0.0,501,58843.298637,0,3,1000,/workspace7/Unity3D/gabriele/Animal-AI/models_arenas/arenas_paper/box_reason_1/c2_0458.yaml,0,1001,0,0,0,0.4069047,0.0
0.0,501,58859.746477,0,3,1000,/workspace7/Unity3D/gabriele/Animal-AI/models_arenas/arenas_paper/box_reason_1/c2_0070.yaml,0,1001,0,0,0,0.94748926,0.0
0.0,501,58879.568283,0,3,1000,/workspace7/Unity3D/gabriele/Animal-AI/models_arenas/arenas_paper/box_reason_1/c2_0728.yaml,0,1001,0,0,0,2.039683,0.0
0.0,501,58894.90705,0,3,1000,/workspace7/Unity3D/gabriele/Animal-AI/models_arenas/arenas_paper/box_reason_1/c2_0523.yaml,0,1001,0,0,0,0.37379518,0.0
0.0,501,58915.281268,0,3,1000,/workspace7/Unity3D/gabriele/Animal-AI/models_arenas/arenas_paper/box_reason_1/c2_0165.yaml,0,1001,0,0,0,0.6328708,0.0
2.996,434,58929.617284,2.996000051498413,3,1000,/workspace7/Unity3D/gabriele/Animal-AI/models_arenas/arenas_paper/box_reason_1/c2_0175.yaml,2.996000051498413,868,0,0,0,2.2054734,0.0
0.0,501,58945.472786,0,3,1000,/workspace7/Unity3D/gabriele/Animal-AI/models_arenas/arenas_paper/box_reason_1/c2_0869.yaml,0,1001,0,0,0,1.1682687,0.0
0.0,501,58964.832628,0,3,1000,/workspace7/Unity3D/gabriele/Animal-AI/models_arenas/arenas_paper/box_reason_1/c2_0816.yaml,0,1001,0,0,0,0.4855395,0.0
0.0,501,58982.071262,0,3,1000,/workspace7/Unity3D/gabriele/Animal-AI/models_arenas/arenas_paper/box_reason_1/c2_0109.yaml,0,1001,0,0,0,0.39164665,0.0
0.0,501,59003.190264,0,3,1000,/workspace7/Unity3D/gabriele/Animal-AI/models_arenas/arenas_paper/box_reason_1/c2_0030.yaml,0,1001,0,0,0,0.39041376,0.0
0.0,501,59020.225993,0,3,1000,/workspace7/Unity3D/gabriele/Animal-AI/models_arenas/arenas_paper/box_reason_1/c2_0145.yaml,0,1001,0,0,0,0.44038004,0.0
0.0,501,59040.746441,0,3,1000,/workspace7/Unity3D/gabriele/Animal-AI/models_arenas/arenas_paper/box_reason_1/c2_0308.yaml,0,1001,0,0,0,1.9017267,0.0
0.0,501,59057.561723,0,3,1000,/workspace7/Unity3D/gabriele/Animal-AI/models_arenas/arenas_paper/box_reason_1/c2_0094.yaml,0,1001,0,0,0,0.7624559,0.0
0.0,501,59077.840576,0,3,1000,/workspace7/Unity3D/gabriele/Animal-AI/models_arenas/arenas_paper/box_reason_1/c2_0151.yaml,0,1001,0,0,0,0.36712715,0.0
0.0,501,59094.00939,0,3,1000,/workspace7/Unity3D/gabriele/Animal-AI/models_arenas/arenas_paper/box_reason_1/c2_0595.yaml,0,1001,0,0,0,1.525582,0.0
2.996,190,59103.701801,2.996000051498413,3,1000,/workspace7/Unity3D/gabriele/Animal-AI/models_arenas/arenas_paper/box_reason_1/c2_0725.yaml,0,0,0,0,0,0.0,0.0
2.996,171,59109.445831,2.996000051498413,3,1000,/workspace7/Unity3D/gabriele/Animal-AI/models_arenas/arenas_paper/box_reason_1/c2_0765.yaml,2.996000051498413,341,0,0,0,3.0933158,0.0
0.0,501,59125.603594,0,3,1000,/workspace7/Unity3D/gabriele/Animal-AI/models_arenas/arenas_paper/box_reason_1/c2_0660.yaml,0,1001,0,0,0,1.7539577,0.0
0.0,501,59146.233591,0,3,1000,/workspace7/Unity3D/gabriele/Animal-AI/models_arenas/arenas_paper/box_reason_1/c2_0006.yaml,0,1001,0,0,0,0.77938193,0.0
0.0,501,59162.105813,0,3,1000,/workspace7/Unity3D/gabriele/Animal-AI/models_arenas/arenas_paper/box_reason_1/c2_0725.yaml,0,1001,0,0,0,1.4891707,0.0
0.0,501,59182.298767,0,3,1000,/workspace7/Unity3D/gabriele/Animal-AI/models_arenas/arenas_paper/box_reason_1/c2_0527.yaml,0,1001,0,0,0,0.4651431,0.0
2.996,190,59188.383077,2.996000051498413,3,1000,/workspace7/Unity3D/gabriele/Animal-AI/models_arenas/arenas_paper/box_reason_1/c2_0965.yaml,0,0,0,0,0,0.0,0.0
2.996,131,59192.566911,2.996000051498413,3,1000,/workspace7/Unity3D/gabriele/Animal-AI/models_arenas/arenas_paper/box_reason_1/c2_0317.yaml,0,0,0,0,0,0.0,0.0
0.0,501,59213.263142,0,3,1000,/workspace7/Unity3D/gabriele/Animal-AI/models_arenas/arenas_paper/box_reason_1/c2_0753.yaml,0,1001,0,0,0,0.53668594,0.0
0.0,501,59230.22372,0,3,1000,/workspace7/Unity3D/gabriele/Animal-AI/models_arenas/arenas_paper/box_reason_1/c2_0634.yaml,0,1001,0,0,0,1.1583434,0.0
0.0,501,59250.751519,0,3,1000,/workspace7/Unity3D/gabriele/Animal-AI/models_arenas/arenas_paper/box_reason_1/c2_0044.yaml,0,1001,0,0,0,0.8960856,0.0
2.996,440,59265.398117,2.996000051498413,3,1000,/workspace7/Unity3D/gabriele/Animal-AI/models_arenas/arenas_paper/box_reason_1/c2_0203.yaml,0,0,0,0,0,0.0,0.0
0.0,501,59285.612984,0,3,1000,/workspace7/Unity3D/gabriele/Animal-AI/models_arenas/arenas_paper/box_reason_1/c2_0011.yaml,0,1001,0,0,0,0.52249753,0.0
0.0,501,59301.365878,0,3,1000,/workspace7/Unity3D/gabriele/Animal-AI/models_arenas/arenas_paper/box_reason_1/c2_0668.yaml,0,1001,0,0,0,1.0705609,0.0
0.0,501,59321.35784,0,3,1000,/workspace7/Unity3D/gabriele/Animal-AI/models_arenas/arenas_paper/box_reason_1/c2_0416.yaml,0,1001,0,0,0,0.86868435,0.0
0.0,501,59338.901592,0,3,1000,/workspace7/Unity3D/gabriele/Animal-AI/models_arenas/arenas_paper/box_reason_1/c2_0326.yaml,0,1001,0,0,0,0.41311616,0.0
0.0,501,59359.078573,0,3,1000,/workspace7/Unity3D/gabriele/Animal-AI/models_arenas/arenas_paper/box_reason_1/c2_0136.yaml,0,1001,0,0,0,2.1573162,0.0
2.996,245,59367.088181,2.996000051498413,3,1000,/workspace7/Unity3D/gabriele/Animal-AI/models_arenas/arenas_paper/box_reason_1/c2_0636.yaml,2.996000051498413,490,0,0,0,2.064958,0.0
0.0,501,59383.901512,0,3,1000,/workspace7/Unity3D/gabriele/Animal-AI/models_arenas/arenas_paper/box_reason_1/c2_0073.yaml,0,1001,0,0,0,0.39405984,0.0
2.996,171,59392.721275,2.996000051498413,3,1000,/workspace7/Unity3D/gabriele/Animal-AI/models_arenas/arenas_paper/box_reason_1/c2_0339.yaml,0,0,0,0,0,0.0,0.0
0.0,501,59408.090645,0,3,1000,/workspace7/Unity3D/gabriele/Animal-AI/models_arenas/arenas_paper/box_reason_1/c2_0853.yaml,0,1001,0,0,0,0.6874856,0.0
0.0,501,59428.732682,0,3,1000,/workspace7/Unity3D/gabriele/Animal-AI/models_arenas/arenas_paper/box_reason_1/c2_0049.yaml,0,1001,0,0,0,0.90145504,0.0
0.0,501,59445.884035,0,3,1000,/workspace7/Unity3D/gabriele/Animal-AI/models_arenas/arenas_paper/box_reason_1/c2_0452.yaml,0,1001,0,0,0,1.852156,0.0
0.0,501,59465.297414,0,3,1000,/workspace7/Unity3D/gabriele/Animal-AI/models_arenas/arenas_paper/box_reason_1/c2_0989.yaml,0,1001,0,0,0,0.85070723,0.0
2.996,211,59471.776643,2.996000051498413,3,1000,/workspace7/Unity3D/gabriele/Animal-AI/models_arenas/arenas_paper/box_reason_1/c2_0945.yaml,0,0,0,0,0,0.0,0.0
2.996,449,59486.091354,2.996000051498413,3,1000,/workspace7/Unity3D/gabriele/Animal-AI/models_arenas/arenas_paper/box_reason_1/c2_0743.yaml,0,0,0,0,0,0.0,0.0
2.996,144,59490.835252,2.996000051498413,3,1000,/workspace7/Unity3D/gabriele/Animal-AI/models_arenas/arenas_paper/box_reason_1/c2_0289.yaml,0,0,0,0,0,0.0,0.0
0.0,501,59511.323376,0,3,1000,/workspace7/Unity3D/gabriele/Animal-AI/models_arenas/arenas_paper/box_reason_1/c2_0693.yaml,0,1001,0,0,0,0.45238554,0.0
0.0,501,59527.793357,0,3,1000,/workspace7/Unity3D/gabriele/Animal-AI/models_arenas/arenas_paper/box_reason_1/c2_0782.yaml,0,1001,0,0,0,0.47308946,0.0
0.0,501,59548.313888,0,3,1000,/workspace7/Unity3D/gabriele/Animal-AI/models_arenas/arenas_paper/box_reason_1/c2_0093.yaml,0,1001,0,0,0,0.5051245,0.0
0.0,501,59565.668468,0,3,1000,/workspace7/Unity3D/gabriele/Animal-AI/models_arenas/arenas_paper/box_reason_1/c2_0603.yaml,0,1001,0,0,0,0.7226087,0.0
0.0,501,59585.752983,0,3,1000,/workspace7/Unity3D/gabriele/Animal-AI/models_arenas/arenas_paper/box_reason_1/c2_0246.yaml,0,1001,0,0,0,1.9686707,0.0
2.996,275,59595.111497,2.996000051498413,3,1000,/workspace7/Unity3D/gabriele/Animal-AI/models_arenas/arenas_paper/box_reason_1/c2_0751.yaml,2.996000051498413,549,0,0,0,2.3818061,0.0
2.996,378,59607.319069,2.996000051498413,3,1000,/workspace7/Unity3D/gabriele/Animal-AI/models_arenas/arenas_paper/box_reason_1/c2_0595.yaml,0,0,0,0,0,0.0,0.0
0.0,501,59627.721897,0,3,1000,/workspace7/Unity3D/gabriele/Animal-AI/models_arenas/arenas_paper/box_reason_1/c2_0634.yaml,0,1001,0,0,0,0.55050254,0.0
0.0,501,59645.081842,0,3,1000,/workspace7/Unity3D/gabriele/Animal-AI/models_arenas/arenas_paper/box_reason_1/c2_0295.yaml,0,1001,0,0,0,0.4377855,0.0
2.996,393,59661.748856,2.996000051498413,3,1000,/workspace7/Unity3D/gabriele/Animal-AI/models_arenas/arenas_paper/box_reason_1/c2_0187.yaml,2.996000051498413,786,0,0,0,2.719,0.0
0.0,501,59678.734141,0,3,1000,/workspace7/Unity3D/gabriele/Animal-AI/models_arenas/arenas_paper/box_reason_1/c2_0386.yaml,0,1001,0,0,0,1.0776682,0.0
0.0,501,59699.52426,0,3,1000,/workspace7/Unity3D/gabriele/Animal-AI/models_arenas/arenas_paper/box_reason_1/c2_0527.yaml,0,1001,0,0,0,0.48125187,0.0
0.0,501,59717.082589,0,3,1000,/workspace7/Unity3D/gabriele/Animal-AI/models_arenas/arenas_paper/box_reason_1/c2_0572.yaml,0,1001,0,0,0,0.38035876,0.0
0.0,501,59737.561643,0,3,1000,/workspace7/Unity3D/gabriele/Animal-AI/models_arenas/arenas_paper/box_reason_1/c2_0229.yaml,0,1001,0,0,0,0.65387195,0.0
2.996,166,59743.050217,2.996000051498413,3,1000,/workspace7/Unity3D/gabriele/Animal-AI/models_arenas/arenas_paper/box_reason_1/c2_0198.yaml,2.996000051498413,331,0,0,0,1.4152186,0.0
0.0,501,59763.940592,0,3,1000,/workspace7/Unity3D/gabriele/Animal-AI/models_arenas/arenas_paper/box_reason_1/c2_0713.yaml,0,1001,0,0,0,1.1250097,0.0
0.0,501,59781.053805,0,3,1000,/workspace7/Unity3D/gabriele/Animal-AI/models_arenas/arenas_paper/box_reason_1/c2_0100.yaml,0,1001,0,0,0,0.64723974,0.0
0.0,501,59802.16238,0,3,1000,/workspace7/Unity3D/gabriele/Animal-AI/models_arenas/arenas_paper/box_reason_1/c2_0044.yaml,0,1001,0,0,0,0.50601006,0.0
0.0,501,59819.233256,0,3,1000,/workspace7/Unity3D/gabriele/Animal-AI/models_arenas/arenas_paper/box_reason_1/c2_0490.yaml,0,1001,0,0,0,2.3080862,0.0
0.0,501,59840.242104,0,3,1000,/workspace7/Unity3D/gabriele/Animal-AI/models_arenas/arenas_paper/box_reason_1/c2_0508.yaml,0,1001,0,0,0,0.40493566,0.0
0.0,501,59857.75438,0,3,1000,/workspace7/Unity3D/gabriele/Animal-AI/models_arenas/arenas_paper/box_reason_1/c2_0461.yaml,0,1001,0,0,0,0.46436328,0.0
2.996,402,59871.226592,2.996000051498413,3,1000,/workspace7/Unity3D/gabriele/Animal-AI/models_arenas/arenas_paper/box_reason_1/c2_0709.yaml,0,0,0,0,0,0.0,0.0
2.996,440,59889.559747,2.996000051498413,3,1000,/workspace7/Unity3D/gabriele/Animal-AI/models_arenas/arenas_paper/box_reason_1/c2_0786.yaml,0,0,0,0,0,0.0,0.0
0.0,501,59906.476932,0,3,1000,/workspace7/Unity3D/gabriele/Animal-AI/models_arenas/arenas_paper/box_reason_1/c2_0461.yaml,0,1001,0,0,0,0.6685469,0.0
0.0,501,59927.162174,0,3,1000,/workspace7/Unity3D/gabriele/Animal-AI/models_arenas/arenas_paper/box_reason_1/c2_0591.yaml,0,1001,0,0,0,0.7337025,0.0
0.0,501,59943.906218,0,3,1000,/workspace7/Unity3D/gabriele/Animal-AI/models_arenas/arenas_paper/box_reason_1/c2_0044.yaml,0,1001,0,0,0,0.4503579,0.0
0.0,501,59964.954127,0,3,1000,/workspace7/Unity3D/gabriele/Animal-AI/models_arenas/arenas_paper/box_reason_1/c2_0557.yaml,0,1001,0,0,0,0.9803298,0.0
2.996,243,59972.751658,2.996000051498413,3,1000,/workspace7/Unity3D/gabriele/Animal-AI/models_arenas/arenas_paper/box_reason_1/c2_0515.yaml,2.996000051498413,485,0,0,0,2.5826254,0.0
0.0,501,59991.3413,0,3,1000,/workspace7/Unity3D/gabriele/Animal-AI/models_arenas/arenas_paper/box_reason_1/c2_0381.yaml,0,1001,0,0,0,0.81666124,0.0
2.996,132,59995.817629,2.996000051498413,3,1000,/workspace7/Unity3D/gabriele/Animal-AI/models_arenas/arenas_paper/box_reason_1/c2_0213.yaml,2.996000051498413,264,0,0,0,3.1415067,0.0
0.0,501,60012.653742,0,3,1000,/workspace7/Unity3D/gabriele/Animal-AI/models_arenas/arenas_paper/box_reason_1/c2_0253.yaml,0,1001,0,0,0,0.45756468,0.0
0.0,501,60033.690638,0,3,1000,/workspace7/Unity3D/gabriele/Animal-AI/models_arenas/arenas_paper/box_reason_1/c2_0963.yaml,0,1001,0,0,0,0.52534705,0.0
2.996,393,60046.840766,2.996000051498413,3,1000,/workspace7/Unity3D/gabriele/Animal-AI/models_arenas/arenas_paper/box_reason_1/c2_0142.yaml,0,0,0,0,0,0.0,0.0
0.0,501,60067.591185,0,3,1000,/workspace7/Unity3D/gabriele/Animal-AI/models_arenas/arenas_paper/box_reason_1/c2_0501.yaml,0,1001,0,0,0,0.56344545,0.0
0.0,501,60084.02844,0,3,1000,/workspace7/Unity3D/gabriele/Animal-AI/models_arenas/arenas_paper/box_reason_1/c2_0809.yaml,0,1001,0,0,0,0.48963594,0.0
0.0,501,60104.336377,0,3,1000,/workspace7/Unity3D/gabriele/Animal-AI/models_arenas/arenas_paper/box_reason_1/c2_0052.yaml,0,1001,0,0,0,0.4430523,0.0
0.0,501,60121.214019,0,3,1000,/workspace7/Unity3D/gabriele/Animal-AI/models_arenas/arenas_paper/box_reason_1/c2_0771.yaml,0,1001,0,0,0,0.5855002,0.0
0.0,501,60141.582592,0,3,1000,/workspace7/Unity3D/gabriele/Animal-AI/models_arenas/arenas_paper/box_reason_1/c2_0681.yaml,0,1001,0,0,0,1.8144236,0.0
0.0,501,60158.394791,0,3,1000,/workspace7/Unity3D/gabriele/Animal-AI/models_arenas/arenas_paper/box_reason_1/c2_0333.yaml,0,1001,0,0,0,0.69063497,0.0
0.0,501,60179.244204,0,3,1000,/workspace7/Unity3D/gabriele/Animal-AI/models_arenas/arenas_paper/box_reason_1/c2_0480.yaml,0,1001,0,0,0,1.1674515,0.0
2.996,351,60191.051956,2.996000051498413,3,1000,/workspace7/Unity3D/gabriele/Animal-AI/models_arenas/arenas_paper/box_reason_1/c2_0847.yaml,0,0,0,0,0,0.0,0.0
2.996,190,60197.439603,2.996000051498413,3,1000,/workspace7/Unity3D/gabriele/Animal-AI/models_arenas/arenas_paper/box_reason_1/c2_0320.yaml,0,0,0,0,0,0.0,0.0
0.0,501,60218.55012,0,3,1000,/workspace7/Unity3D/gabriele/Animal-AI/models_arenas/arenas_paper/box_reason_1/c2_0778.yaml,0,1001,0,0,0,0.39374572,0.0
0.0,501,60235.455915,0,3,1000,/workspace7/Unity3D/gabriele/Animal-AI/models_arenas/arenas_paper/box_reason_1/c2_0516.yaml,0,1001,0,0,0,0.9344773,0.0
0.0,501,60256.111768,0,3,1000,/workspace7/Unity3D/gabriele/Animal-AI/models_arenas/arenas_paper/box_reason_1/c2_0027.yaml,0,1001,0,0,0,0.5446111,0.0
2.996,423,60269.806449,2.996000051498413,3,1000,/workspace7/Unity3D/gabriele/Animal-AI/models_arenas/arenas_paper/box_reason_1/c2_0189.yaml,2.996000051498413,845,0,0,0,2.2350101,0.0
0.0,501,60290.013768,0,3,1000,/workspace7/Unity3D/gabriele/Animal-AI/models_arenas/arenas_paper/box_reason_1/c2_0545.yaml,0,1001,0,0,0,0.74023175,0.0
0.0,501,60306.779027,0,3,1000,/workspace7/Unity3D/gabriele/Animal-AI/models_arenas/arenas_paper/box_reason_1/c2_0803.yaml,0,1001,0,0,0,0.42655468,0.0
0.0,501,60326.582088,0,3,1000,/workspace7/Unity3D/gabriele/Animal-AI/models_arenas/arenas_paper/box_reason_1/c2_0582.yaml,0,1001,0,0,0,1.7700424,0.0
0.0,501,60343.524087,0,3,1000,/workspace7/Unity3D/gabriele/Animal-AI/models_arenas/arenas_paper/box_reason_1/c2_0547.yaml,0,1001,0,0,0,2.0704746,0.0
0.0,501,60364.207861,0,3,1000,/workspace7/Unity3D/gabriele/Animal-AI/models_arenas/arenas_paper/box_reason_1/c2_0970.yaml,0,1001,0,0,0,0.3900856,0.0
0.0,501,60380.762876,0,3,1000,/workspace7/Unity3D/gabriele/Animal-AI/models_arenas/arenas_paper/box_reason_1/c2_0519.yaml,0,1001,0,0,0,0.45116585,0.0
0.0,501,60400.874919,0,3,1000,/workspace7/Unity3D/gabriele/Animal-AI/models_arenas/arenas_paper/box_reason_1/c2_0947.yaml,0,1001,0,0,0,2.4037037,0.0
0.0,501,60418.365192,0,3,1000,/workspace7/Unity3D/gabriele/Animal-AI/models_arenas/arenas_paper/box_reason_1/c2_0742.yaml,0,1001,0,0,0,1.1782233,0.0
0.0,501,60439.068311,0,3,1000,/workspace7/Unity3D/gabriele/Animal-AI/models_arenas/arenas_paper/box_reason_1/c2_0165.yaml,0,1001,0,0,0,0.45422518,0.0
0.0,501,60456.53616,0,3,1000,/workspace7/Unity3D/gabriele/Animal-AI/models_arenas/arenas_paper/box_reason_1/c2_0035.yaml,0,1001,0,0,0,0.6392642,0.0
0.0,501,60477.666208,0,3,1000,/workspace7/Unity3D/gabriele/Animal-AI/models_arenas/arenas_paper/box_reason_1/c2_0353.yaml,0,1001,0,0,0,0.43288088,0.0
0.0,501,60495.014925,0,3,1000,/workspace7/Unity3D/gabriele/Animal-AI/models_arenas/arenas_paper/box_reason_1/c2_0870.yaml,0,1001,0,0,0,0.35593843,0.0
0.0,501,60514.99209,0,3,1000,/workspace7/Unity3D/gabriele/Animal-AI/models_arenas/arenas_paper/box_reason_1/c2_0420.yaml,0,1001,0,0,0,1.0068893,0.0
2.996,402,60528.536062,2.996000051498413,3,1000,/workspace7/Unity3D/gabriele/Animal-AI/models_arenas/arenas_paper/box_reason_1/c2_0410.yaml,0,0,0,0,0,0.0,0.0
0.0,501,60549.494018,0,3,1000,/workspace7/Unity3D/gabriele/Animal-AI/models_arenas/arenas_paper/box_reason_1/c2_0303.yaml,0,1001,0,0,0,0.560048,0.0
0.0,501,60566.464559,0,3,1000,/workspace7/Unity3D/gabriele/Animal-AI/models_arenas/arenas_paper/box_reason_1/c2_0629.yaml,0,1001,0,0,0,0.37307686,0.0
2.996,128,60570.467705,2.996000051498413,3,1000,/workspace7/Unity3D/gabriele/Animal-AI/models_arenas/arenas_paper/box_reason_1/c2_0613.yaml,2.996000051498413,255,0,0,0,2.0916722,0.0
0.0,501,60591.120348,0,3,1000,/workspace7/Unity3D/gabriele/Animal-AI/models_arenas/arenas_paper/box_reason_1/c2_0645.yaml,0,1001,0,0,0,0.46329212,0.0
0.0,501,60607.75046,0,3,1000,/workspace7/Unity3D/gabriele/Animal-AI/models_arenas/arenas_paper/box_reason_1/c2_0745.yaml,0,1001,0,0,0,1.3350286,0.0
0.0,501,60628.275554,0,3,1000,/workspace7/Unity3D/gabriele/Animal-AI/models_arenas/arenas_paper/box_reason_1/c2_0738.yaml,0,1001,0,0,0,0.84094954,0.0
0.0,501,60644.66202,0,3,1000,/workspace7/Unity3D/gabriele/Animal-AI/models_arenas/arenas_paper/box_reason_1/c2_0456.yaml,0,1001,0,0,0,0.47473368,0.0
2.996,431,60661.929764,2.996000051498413,3,1000,/workspace7/Unity3D/gabriele/Animal-AI/models_arenas/arenas_paper/box_reason_1/c2_0332.yaml,2.996000051498413,861,0,0,0,1.9954109,0.0
0.0,501,60678.844461,0,3,1000,/workspace7/Unity3D/gabriele/Animal-AI/models_arenas/arenas_paper/box_reason_1/c2_0601.yaml,0,1001,0,0,0,0.81031466,0.0
0.0,501,60699.482794,0,3,1000,/workspace7/Unity3D/gabriele/Animal-AI/models_arenas/arenas_paper/box_reason_1/c2_0512.yaml,0,1001,0,0,0,0.89646244,0.0
2.996,190,60705.122395,2.996000051498413,3,1000,/workspace7/Unity3D/gabriele/Animal-AI/models_arenas/arenas_paper/box_reason_1/c2_0479.yaml,0,0,0,0,0,0.0,0.0
0.0,501,60722.18588,0,3,1000,/workspace7/Unity3D/gabriele/Animal-AI/models_arenas/arenas_paper/box_reason_1/c2_0437.yaml,0,1001,0,0,0,0.42823952,0.0
0.0,501,60741.066979,0,3,1000,/workspace7/Unity3D/gabriele/Animal-AI/models_arenas/arenas_paper/box_reason_1/c2_0356.yaml,0,1001,0,0,0,0.71552086,0.0
0.0,501,60757.819215,0,3,1000,/workspace7/Unity3D/gabriele/Animal-AI/models_arenas/arenas_paper/box_reason_1/c2_0187.yaml,0,1001,0,0,0,0.5693786,0.0
0.0,501,60778.639018,0,3,1000,/workspace7/Unity3D/gabriele/Animal-AI/models_arenas/arenas_paper/box_reason_1/c2_0225.yaml,0,1001,0,0,0,0.7423294,0.0
2.996,431,60792.706022,2.996000051498413,3,1000,/workspace7/Unity3D/gabriele/Animal-AI/models_arenas/arenas_paper/box_reason_1/c2_0105.yaml,0,0,0,0,0,0.0,0.0
0.0,501,60813.475553,0,3,1000,/workspace7/Unity3D/gabriele/Animal-AI/models_arenas/arenas_paper/box_reason_1/c2_0225.yaml,0,1001,0,0,0,0.8245981,0.0
2.996,291,60823.486336,2.996000051498413,3,1000,/workspace7/Unity3D/gabriele/Animal-AI/models_arenas/arenas_paper/box_reason_1/c2_0076.yaml,2.996000051498413,582,0,0,0,2.4432006,0.0
0.0,501,60844.257702,0,3,1000,/workspace7/Unity3D/gabriele/Animal-AI/models_arenas/arenas_paper/box_reason_1/c2_0549.yaml,0,1001,0,0,0,0.47417438,0.0
0.0,501,60861.740619,0,3,1000,/workspace7/Unity3D/gabriele/Animal-AI/models_arenas/arenas_paper/box_reason_1/c2_0941.yaml,0,1001,0,0,0,0.58256423,0.0
2.996,431,60876.257264,2.996000051498413,3,1000,/workspace7/Unity3D/gabriele/Animal-AI/models_arenas/arenas_paper/box_reason_1/c2_0968.yaml,0,0,0,0,0,0.0,0.0
0.0,501,60897.366033,0,3,1000,/workspace7/Unity3D/gabriele/Animal-AI/models_arenas/arenas_paper/box_reason_1/c2_0880.yaml,0,1001,0,0,0,0.5268584,0.0
0.0,501,60913.911582,0,3,1000,/workspace7/Unity3D/gabriele/Animal-AI/models_arenas/arenas_paper/box_reason_1/c2_0690.yaml,0,1001,0,0,0,2.0500736,0.0
0.0,501,60934.427908,0,3,1000,/workspace7/Unity3D/gabriele/Animal-AI/models_arenas/arenas_paper/box_reason_1/c2_0585.yaml,0,1001,0,0,0,1.4844574,0.0
0.0,501,60951.474087,0,3,1000,/workspace7/Unity3D/gabriele/Animal-AI/models_arenas/arenas_paper/box_reason_1/c2_0474.yaml,0,1001,0,0,0,1.258044,0.0
2.996,465,60970.531469,2.996000051498413,3,1000,/workspace7/Unity3D/gabriele/Animal-AI/models_arenas/arenas_paper/box_reason_1/c2_0981.yaml,2.996000051498413,929,0,0,0,2.455036,0.0
0.0,501,60987.791641,0,3,1000,/workspace7/Unity3D/gabriele/Animal-AI/models_arenas/arenas_paper/box_reason_1/c2_0060.yaml,0,1001,0,0,0,0.37138802,0.0
0.0,501,61008.135783,0,3,1000,/workspace7/Unity3D/gabriele/Animal-AI/models_arenas/arenas_paper/box_reason_1/c2_0073.yaml,0,1001,0,0,0,1.2580863,0.0
0.0,501,61025.448903,0,3,1000,/workspace7/Unity3D/gabriele/Animal-AI/models_arenas/arenas_paper/box_reason_1/c2_0035.yaml,0,1001,0,0,0,0.60954255,0.0
0.0,501,61045.899419,0,3,1000,/workspace7/Unity3D/gabriele/Animal-AI/models_arenas/arenas_paper/box_reason_1/c2_0181.yaml,0,1001,0,0,0,0.4697135,0.0
0.0,501,61063.162168,0,3,1000,/workspace7/Unity3D/gabriele/Animal-AI/models_arenas/arenas_paper/box_reason_1/c2_0848.yaml,0,1001,0,0,0,1.3361762,0.0
0.0,501,61085.005445,0,3,1000,/workspace7/Unity3D/gabriele/Animal-AI/models_arenas/arenas_paper/box_reason_1/c2_0967.yaml,0,1001,0,0,0,1.8220158,0.0
0.0,501,61101.276787,0,3,1000,/workspace7/Unity3D/gabriele/Animal-AI/models_arenas/arenas_paper/box_reason_1/c2_0188.yaml,0,1001,0,0,0,0.49853012,0.0
0.0,501,61121.383165,0,3,1000,/workspace7/Unity3D/gabriele/Animal-AI/models_arenas/arenas_paper/box_reason_1/c2_0748.yaml,0,1001,0,0,0,1.0882393,0.0
0.0,501,61138.08742,0,3,1000,/workspace7/Unity3D/gabriele/Animal-AI/models_arenas/arenas_paper/box_reason_1/c2_0558.yaml,0,1001,0,0,0,1.8180707,0.0
2.996,178,61147.734607,2.996000051498413,3,1000,/workspace7/Unity3D/gabriele/Animal-AI/models_arenas/arenas_paper/box_reason_1/c2_0953.yaml,2.996000051498413,356,0,0,0,2.64738,0.0
2.996,179,61153.791702,2.996000051498413,3,1000,/workspace7/Unity3D/gabriele/Animal-AI/models_arenas/arenas_paper/box_reason_1/c2_0603.yaml,0,0,0,0,0,0.0,0.0
0.0,501,61171.200316,0,3,1000,/workspace7/Unity3D/gabriele/Animal-AI/models_arenas/arenas_paper/box_reason_1/c2_0158.yaml,0,1001,0,0,0,1.1549835,0.0
0.0,501,61191.527401,0,3,1000,/workspace7/Unity3D/gabriele/Animal-AI/models_arenas/arenas_paper/box_reason_1/c2_0516.yaml,0,1001,0,0,0,1.3577992,0.0
0.0,501,61207.873783,0,3,1000,/workspace7/Unity3D/gabriele/Animal-AI/models_arenas/arenas_paper/box_reason_1/c2_0637.yaml,0,1001,0,0,0,0.49996352,0.0
2.996,353,61223.740131,2.996000051498413,3,1000,/workspace7/Unity3D/gabriele/Animal-AI/models_arenas/arenas_paper/box_reason_1/c2_0355.yaml,2.996000051498413,705,0,0,0,2.4829752,0.0
0.0,501,61241.362045,0,3,1000,/workspace7/Unity3D/gabriele/Animal-AI/models_arenas/arenas_paper/box_reason_1/c2_0250.yaml,0,1001,0,0,0,0.8394061,0.0
0.0,501,61261.994218,0,3,1000,/workspace7/Unity3D/gabriele/Animal-AI/models_arenas/arenas_paper/box_reason_1/c2_0554.yaml,0,1001,0,0,0,0.78406113,0.0
0.0,501,61279.573655,0,3,1000,/workspace7/Unity3D/gabriele/Animal-AI/models_arenas/arenas_paper/box_reason_1/c2_0520.yaml,0,1001,0,0,0,0.4979033,0.0
2.996,351,61294.950396,2.996000051498413,3,1000,/workspace7/Unity3D/gabriele/Animal-AI/models_arenas/arenas_paper/box_reason_1/c2_0905.yaml,0,0,0,0,0,0.0,0.0
0.0,501,61312.192033,0,3,1000,/workspace7/Unity3D/gabriele/Animal-AI/models_arenas/arenas_paper/box_reason_1/c2_0765.yaml,0,1001,0,0,0,1.743389,0.0
0.0,501,61333.33064,0,3,1000,/workspace7/Unity3D/gabriele/Animal-AI/models_arenas/arenas_paper/box_reason_1/c2_0370.yaml,0,1001,0,0,0,1.6338897,0.0
0.0,501,61350.42831,0,3,1000,/workspace7/Unity3D/gabriele/Animal-AI/models_arenas/arenas_paper/box_reason_1/c2_0201.yaml,0,1001,0,0,0,0.7843872,0.0
0.0,501,61370.02537,0,3,1000,/workspace7/Unity3D/gabriele/Animal-AI/models_arenas/arenas_paper/box_reason_1/c2_0634.yaml,0,1001,0,0,0,0.5426268,0.0
2.996,325,61381.243815,2.996000051498413,3,1000,/workspace7/Unity3D/gabriele/Animal-AI/models_arenas/arenas_paper/box_reason_1/c2_0735.yaml,2.996000051498413,649,0,0,0,2.2198994,0.0
0.0,501,61398.688352,0,3,1000,/workspace7/Unity3D/gabriele/Animal-AI/models_arenas/arenas_paper/box_reason_1/c2_0795.yaml,0,1001,0,0,0,0.75003767,0.0
0.0,501,61418.925237,0,3,1000,/workspace7/Unity3D/gabriele/Animal-AI/models_arenas/arenas_paper/box_reason_1/c2_0889.yaml,0,1001,0,0,0,0.5154678,0.0
0.0,501,61435.975895,0,3,1000,/workspace7/Unity3D/gabriele/Animal-AI/models_arenas/arenas_paper/box_reason_1/c2_0801.yaml,0,1001,0,0,0,2.5657678,0.0
0.0,501,61456.553697,0,3,1000,/workspace7/Unity3D/gabriele/Animal-AI/models_arenas/arenas_paper/box_reason_1/c2_0809.yaml,0,1001,0,0,0,0.57476985,0.0
0.0,501,61473.325294,0,3,1000,/workspace7/Unity3D/gabriele/Animal-AI/models_arenas/arenas_paper/box_reason_1/c2_0570.yaml,0,1001,0,0,0,1.5384619,0.0
0.0,501,61493.650671,0,3,1000,/workspace7/Unity3D/gabriele/Animal-AI/models_arenas/arenas_paper/box_reason_1/c2_0623.yaml,0,1001,0,0,0,1.2122581,0.0
0.0,501,61510.498754,0,3,1000,/workspace7/Unity3D/gabriele/Animal-AI/models_arenas/arenas_paper/box_reason_1/c2_0501.yaml,0,1001,0,0,0,1.4640464,0.0
0.0,501,61530.823261,0,3,1000,/workspace7/Unity3D/gabriele/Animal-AI/models_arenas/arenas_paper/box_reason_1/c2_0452.yaml,0,1001,0,0,0,1.021937,0.0
2.996,414,61543.887702,2.996000051498413,3,1000,/workspace7/Unity3D/gabriele/Animal-AI/models_arenas/arenas_paper/box_reason_1/c2_0150.yaml,0,0,0,0,0,0.0,0.0
0.0,501,61564.269244,0,3,1000,/workspace7/Unity3D/gabriele/Animal-AI/models_arenas/arenas_paper/box_reason_1/c2_0247.yaml,0,1001,0,0,0,1.4947865,0.0
2.996,471,61580.113454,2.996000051498413,3,1000,/workspace7/Unity3D/gabriele/Animal-AI/models_arenas/arenas_paper/box_reason_1/c2_0672.yaml,2.996000051498413,941,0,0,0,2.0250041,0.0
0.0,501,61600.778452,0,3,1000,/workspace7/Unity3D/gabriele/Animal-AI/models_arenas/arenas_paper/box_reason_1/c2_0433.yaml,0,1001,0,0,0,1.6495073,0.0
2.996,440,61615.239024,2.996000051498413,3,1000,/workspace7/Unity3D/gabriele/Animal-AI/models_arenas/arenas_paper/box_reason_1/c2_0707.yaml,0,0,0,0,0,0.0,0.0
0.0,501,61634.764458,0,3,1000,/workspace7/Unity3D/gabriele/Animal-AI/models_arenas/arenas_paper/box_reason_1/c2_0570.yaml,0,1001,0,0,0,1.146706,0.0
0.0,501,61652.521563,0,3,1000,/workspace7/Unity3D/gabriele/Animal-AI/models_arenas/arenas_paper/box_reason_1/c2_0191.yaml,0,1001,0,0,0,2.3312647,0.0
0.0,501,61673.541992,0,3,1000,/workspace7/Unity3D/gabriele/Animal-AI/models_arenas/arenas_paper/box_reason_1/c2_0900.yaml,0,1001,0,0,0,0.9367152,0.0
0.0,501,61689.887091,0,3,1000,/workspace7/Unity3D/gabriele/Animal-AI/models_arenas/arenas_paper/box_reason_1/c2_0418.yaml,0,1001,0,0,0,0.56157404,0.0
0.0,501,61710.24837,0,3,1000,/workspace7/Unity3D/gabriele/Animal-AI/models_arenas/arenas_paper/box_reason_1/c2_0177.yaml,0,1001,0,0,0,1.1583246,0.0
0.0,501,61727.387591,0,3,1000,/workspace7/Unity3D/gabriele/Animal-AI/models_arenas/arenas_paper/box_reason_1/c2_0247.yaml,0,1001,0,0,0,2.2402217,0.0
0.0,501,61747.443955,0,3,1000,/workspace7/Unity3D/gabriele/Animal-AI/models_arenas/arenas_paper/box_reason_1/c2_0797.yaml,0,1001,0,0,0,0.55540746,0.0
0.0,501,61764.688051,0,3,1000,/workspace7/Unity3D/gabriele/Animal-AI/models_arenas/arenas_paper/box_reason_1/c2_0971.yaml,0,1001,0,0,0,1.1088636,0.0
0.0,501,61784.516164,0,3,1000,/workspace7/Unity3D/gabriele/Animal-AI/models_arenas/arenas_paper/box_reason_1/c2_0807.yaml,0,1001,0,0,0,0.8497057,0.0
2.996,102,61788.05239,2.996000051498413,3,1000,/workspace7/Unity3D/gabriele/Animal-AI/models_arenas/arenas_paper/box_reason_1/c2_0307.yaml,2.996000051498413,204,0,0,0,2.215718,0.0
0.0,501,61805.208516,0,3,1000,/workspace7/Unity3D/gabriele/Animal-AI/models_arenas/arenas_paper/box_reason_1/c2_0668.yaml,0,1001,0,0,0,0.50596267,0.0
0.0,501,61826.119296,0,3,1000,/workspace7/Unity3D/gabriele/Animal-AI/models_arenas/arenas_paper/box_reason_1/c2_0423.yaml,0,1001,0,0,0,1.7256838,0.0
0.0,501,61843.220421,0,3,1000,/workspace7/Unity3D/gabriele/Animal-AI/models_arenas/arenas_paper/box_reason_1/c2_0685.yaml,0,1001,0,0,0,0.61164254,0.0
0.0,501,61863.844262,0,3,1000,/workspace7/Unity3D/gabriele/Animal-AI/models_arenas/arenas_paper/box_reason_1/c2_0418.yaml,0,1001,0,0,0,0.47037947,0.0
0.0,501,61880.59241,0,3,1000,/workspace7/Unity3D/gabriele/Animal-AI/models_arenas/arenas_paper/box_reason_1/c2_0328.yaml,0,1001,0,0,0,0.52255964,0.0
0.0,501,61901.098852,0,3,1000,/workspace7/Unity3D/gabriele/Animal-AI/models_arenas/arenas_paper/box_reason_1/c2_0804.yaml,0,1001,0,0,0,0.59350365,0.0
2.996,211,61908.490189,2.996000051498413,3,1000,/workspace7/Unity3D/gabriele/Animal-AI/models_arenas/arenas_paper/box_reason_1/c2_0792.yaml,2.996000051498413,422,0,0,0,2.249134,0.0
0.0,501,61929.089953,0,3,1000,/workspace7/Unity3D/gabriele/Animal-AI/models_arenas/arenas_paper/box_reason_1/c2_0842.yaml,0,1001,0,0,0,0.9296511,0.0
2.996,414,61943.05791,2.996000051498413,3,1000,/workspace7/Unity3D/gabriele/Animal-AI/models_arenas/arenas_paper/box_reason_1/c2_0419.yaml,0,0,0,0,0,0.0,0.0
0.0,501,61960.522408,0,3,1000,/workspace7/Unity3D/gabriele/Animal-AI/models_arenas/arenas_paper/box_reason_1/c2_0673.yaml,0,1001,0,0,0,0.5588455,0.0
0.0,501,61980.455222,0,3,1000,/workspace7/Unity3D/gabriele/Animal-AI/models_arenas/arenas_paper/box_reason_1/c2_0037.yaml,0,1001,0,0,0,1.1154704,0.0
0.0,501,61997.111193,0,3,1000,/workspace7/Unity3D/gabriele/Animal-AI/models_arenas/arenas_paper/box_reason_1/c2_0067.yaml,0,1001,0,0,0,0.64429736,0.0
2.996,339,62010.444074,2.996000051498413,3,1000,/workspace7/Unity3D/gabriele/Animal-AI/models_arenas/arenas_paper/box_reason_1/c2_0904.yaml,0,0,0,0,0,0.0,0.0
0.0,501,62027.358969,0,3,1000,/workspace7/Unity3D/gabriele/Animal-AI/models_arenas/arenas_paper/box_reason_1/c2_0953.yaml,0,1001,0,0,0,2.5192037,0.0
0.0,501,62046.104185,0,3,1000,/workspace7/Unity3D/gabriele/Animal-AI/models_arenas/arenas_paper/box_reason_1/c2_0928.yaml,0,1001,0,0,0,1.142332,0.0
2.996,179,62051.904845,2.996000051498413,3,1000,/workspace7/Unity3D/gabriele/Animal-AI/models_arenas/arenas_paper/box_reason_1/c2_0291.yaml,2.996000051498413,358,0,0,0,2.9435692,0.0
2.996,330,62062.931854,2.996000051498413,3,1000,/workspace7/Unity3D/gabriele/Animal-AI/models_arenas/arenas_paper/box_reason_1/c2_0721.yaml,0,0,0,0,0,0.0,0.0
0.0,501,62083.230487,0,3,1000,/workspace7/Unity3D/gabriele/Animal-AI/models_arenas/arenas_paper/box_reason_1/c2_0722.yaml,0,1001,0,0,0,0.9073717,0.0
0.0,501,62100.604049,0,3,1000,/workspace7/Unity3D/gabriele/Animal-AI/models_arenas/arenas_paper/box_reason_1/c2_0920.yaml,0,1001,0,0,0,0.9441878,0.0
0.0,501,62121.288773,0,3,1000,/workspace7/Unity3D/gabriele/Animal-AI/models_arenas/arenas_paper/box_reason_1/c2_0618.yaml,0,1001,0,0,0,2.1626906,0.0
2.996,434,62135.731483,2.996000051498413,3,1000,/workspace7/Unity3D/gabriele/Animal-AI/models_arenas/arenas_paper/box_reason_1/c2_0264.yaml,0,0,0,0,0,0.0,0.0
2.996,402,62152.326902,2.996000051498413,3,1000,/workspace7/Unity3D/gabriele/Animal-AI/models_arenas/arenas_paper/box_reason_1/c2_0393.yaml,0,0,0,0,0,0.0,0.0
0.0,501,62169.092915,0,3,1000,/workspace7/Unity3D/gabriele/Animal-AI/models_arenas/arenas_paper/box_reason_1/c2_0740.yaml,0,1001,0,0,0,0.7251036,0.0
2.996,392,62184.700169,2.996000051498413,3,1000,/workspace7/Unity3D/gabriele/Animal-AI/models_arenas/arenas_paper/box_reason_1/c2_0238.yaml,0,0,0,0,0,0.0,0.0
2.996,317,62195.824053,2.996000051498413,3,1000,/workspace7/Unity3D/gabriele/Animal-AI/models_arenas/arenas_paper/box_reason_1/c2_0122.yaml,2.996000051498413,634,0,0,0,2.8145876,0.0
0.0,501,62212.869733,0,3,1000,/workspace7/Unity3D/gabriele/Animal-AI/models_arenas/arenas_paper/box_reason_1/c2_0890.yaml,0,1001,0,0,0,0.6973411,0.0
0.0,501,62233.765009,0,3,1000,/workspace7/Unity3D/gabriele/Animal-AI/models_arenas/arenas_paper/box_reason_1/c2_0433.yaml,0,1001,0,0,0,1.1955363,0.0
2.996,302,62243.884146,2.996000051498413,3,1000,/workspace7/Unity3D/gabriele/Animal-AI/models_arenas/arenas_paper/box_reason_1/c2_0601.yaml,0,0,0,0,0,0.0,0.0
0.0,501,62264.216948,0,3,1000,/workspace7/Unity3D/gabriele/Animal-AI/models_arenas/arenas_paper/box_reason_1/c2_0358.yaml,0,1001,0,0,0,1.3798271,0.0
2.996,454,62278.613407,2.996000051498413,3,1000,/workspace7/Unity3D/gabriele/Animal-AI/models_arenas/arenas_paper/box_reason_1/c2_0876.yaml,2.996000051498413,908,0,0,0,2.3268104,0.0
0.0,501,62299.213248,0,3,1000,/workspace7/Unity3D/gabriele/Animal-AI/models_arenas/arenas_paper/box_reason_1/c2_0803.yaml,0,1001,0,0,0,2.7842813,0.0
0.0,501,62316.326038,0,3,1000,/workspace7/Unity3D/gabriele/Animal-AI/models_arenas/arenas_paper/box_reason_1/c2_0185.yaml,0,1001,0,0,0,0.5852376,0.0
0.0,501,62337.009636,0,3,1000,/workspace7/Unity3D/gabriele/Animal-AI/models_arenas/arenas_paper/box_reason_1/c2_0406.yaml,0,1001,0,0,0,1.2395546,0.0
0.0,501,62352.734509,0,3,1000,/workspace7/Unity3D/gabriele/Animal-AI/models_arenas/arenas_paper/box_reason_1/c2_0396.yaml,0,1001,0,0,0,1.2092896,0.0
0.0,501,62372.914941,0,3,1000,/workspace7/Unity3D/gabriele/Animal-AI/models_arenas/arenas_paper/box_reason_1/c2_0987.yaml,0,1001,0,0,0,0.70320636,0.0
2.996,459,62388.531729,2.996000051498413,3,1000,/workspace7/Unity3D/gabriele/Animal-AI/models_arenas/arenas_paper/box_reason_1/c2_0922.yaml,2.996000051498413,918,0,0,0,3.028503,0.0
0.0,501,62408.903526,0,3,1000,/workspace7/Unity3D/gabriele/Animal-AI/models_arenas/arenas_paper/box_reason_1/c2_0760.yaml,0,1001,0,0,0,1.7601827,0.0
0.0,501,62425.851132,0,3,1000,/workspace7/Unity3D/gabriele/Animal-AI/models_arenas/arenas_paper/box_reason_1/c2_0737.yaml,0,1001,0,0,0,1.3696945,0.0
0.0,501,62446.492176,0,3,1000,/workspace7/Unity3D/gabriele/Animal-AI/models_arenas/arenas_paper/box_reason_1/c2_0123.yaml,0,1001,0,0,0,1.869838,0.0
2.996,258,62454.667437,2.996000051498413,3,1000,/workspace7/Unity3D/gabriele/Animal-AI/models_arenas/arenas_paper/box_reason_1/c2_0750.yaml,2.996000051498413,516,0,0,0,3.4200978,0.0
0.0,501,62470.85974,0,3,1000,/workspace7/Unity3D/gabriele/Animal-AI/models_arenas/arenas_paper/box_reason_1/c2_0973.yaml,0,1001,0,0,0,0.6188021,0.0
0.0,501,62491.887728,0,3,1000,/workspace7/Unity3D/gabriele/Animal-AI/models_arenas/arenas_paper/box_reason_1/c2_0029.yaml,0,1001,0,0,0,2.3656733,0.0
0.0,501,62509.034779,0,3,1000,/workspace7/Unity3D/gabriele/Animal-AI/models_arenas/arenas_paper/box_reason_1/c2_0773.yaml,0,1001,0,0,0,0.71835303,0.0
0.0,501,62529.968381,0,3,1000,/workspace7/Unity3D/gabriele/Animal-AI/models_arenas/arenas_paper/box_reason_1/c2_0774.yaml,0,1001,0,0,0,1.2177553,0.0
0.0,501,62548.734471,0,3,1000,/workspace7/Unity3D/gabriele/Animal-AI/models_arenas/arenas_paper/box_reason_1/c2_0963.yaml,0,1001,0,0,0,1.7592632,0.0
0.0,501,62569.395752,0,3,1000,/workspace7/Unity3D/gabriele/Animal-AI/models_arenas/arenas_paper/box_reason_1/c2_0593.yaml,0,1001,0,0,0,2.6871645,0.0
2.996,501,62585.436577,2.996000051498413,3,1000,/workspace7/Unity3D/gabriele/Animal-AI/models_arenas/arenas_paper/box_reason_1/c2_0735.yaml,2.996000051498413,1001,0,0,0,3.1023123,0.0
0.0,501,62606.070766,0,3,1000,/workspace7/Unity3D/gabriele/Animal-AI/models_arenas/arenas_paper/box_reason_1/c2_0020.yaml,0,1001,0,0,0,2.5233026,0.0
0.0,501,62622.959918,0,3,1000,/workspace7/Unity3D/gabriele/Animal-AI/models_arenas/arenas_paper/box_reason_1/c2_0986.yaml,0,1001,0,0,0,0.60292315,0.0
0.0,501,62643.681646,0,3,1000,/workspace7/Unity3D/gabriele/Animal-AI/models_arenas/arenas_paper/box_reason_1/c2_0377.yaml,0,1001,0,0,0,2.6100383,0.0
0.0,501,62660.283628,0,3,1000,/workspace7/Unity3D/gabriele/Animal-AI/models_arenas/arenas_paper/box_reason_1/c2_0394.yaml,0,1001,0,0,0,1.4594749,0.0
2.996,253,62672.465625,2.996000051498413,3,1000,/workspace7/Unity3D/gabriele/Animal-AI/models_arenas/arenas_paper/box_reason_1/c2_0939.yaml,2.996000051498413,505,0,0,0,2.978186,0.0
0.0,501,62690.024107,0,3,1000,/workspace7/Unity3D/gabriele/Animal-AI/models_arenas/arenas_paper/box_reason_1/c2_0198.yaml,0,1001,0,0,0,3.2146242,0.0
2.996,272,62699.825228,2.996000051498413,3,1000,/workspace7/Unity3D/gabriele/Animal-AI/models_arenas/arenas_paper/box_reason_1/c2_0333.yaml,2.996000051498413,544,0,0,0,3.2342834,0.0
0.0,501,62720.407027,0,3,1000,/workspace7/Unity3D/gabriele/Animal-AI/models_arenas/arenas_paper/box_reason_1/c2_0419.yaml,0,1001,0,0,0,2.9747186,0.0
0.0,501,62737.731315,0,3,1000,/workspace7/Unity3D/gabriele/Animal-AI/models_arenas/arenas_paper/box_reason_1/c2_0503.yaml,0,1001,0,0,0,0.8920682,0.0
0.0,501,62757.8289,0,3,1000,/workspace7/Unity3D/gabriele/Animal-AI/models_arenas/arenas_paper/box_reason_1/c2_0346.yaml,0,1001,0,0,0,0.94617563,0.0
2.996,481,62774.154166,2.996000051498413,3,1000,/workspace7/Unity3D/gabriele/Animal-AI/models_arenas/arenas_paper/box_reason_1/c2_0240.yaml,2.996000051498413,962,0,0,0,2.1862626,0.0
2.996,379,62790.892898,2.996000051498413,3,1000,/workspace7/Unity3D/gabriele/Animal-AI/models_arenas/arenas_paper/box_reason_1/c2_0098.yaml,2.996000051498413,758,0,0,0,3.00011,0.0
0.0,501,62806.937448,0,3,1000,/workspace7/Unity3D/gabriele/Animal-AI/models_arenas/arenas_paper/box_reason_1/c2_0914.yaml,0,1001,0,0,0,0.9806025,0.0
2.996,135,62811.372462,2.996000051498413,3,1000,/workspace7/Unity3D/gabriele/Animal-AI/models_arenas/arenas_paper/box_reason_1/c2_0737.yaml,2.996000051498413,270,0,0,0,2.198887,0.0
0.0,501,62831.949991,0,3,1000,/workspace7/Unity3D/gabriele/Animal-AI/models_arenas/arenas_paper/box_reason_1/c2_0906.yaml,0,1001,0,0,0,0.7823009,0.0
0.0,501,62848.360901,0,3,1000,/workspace7/Unity3D/gabriele/Animal-AI/models_arenas/arenas_paper/box_reason_1/c2_0387.yaml,0,1001,0,0,0,1.6907222,0.0
0.0,501,62868.342482,0,3,1000,/workspace7/Unity3D/gabriele/Animal-AI/models_arenas/arenas_paper/box_reason_1/c2_0605.yaml,0,1001,0,0,0,0.8115021,0.0
0.0,501,62887.718941,0,3,1000,/workspace7/Unity3D/gabriele/Animal-AI/models_arenas/arenas_paper/box_reason_1/c2_0988.yaml,0,1001,0,0,0,1.4108652,0.0
0.0,501,62909.01068,0,3,1000,/workspace7/Unity3D/gabriele/Animal-AI/models_arenas/arenas_paper/box_reason_1/c2_0011.yaml,0,1001,0,0,0,0.6633501,0.0
0.0,501,62926.292567,0,3,1000,/workspace7/Unity3D/gabriele/Animal-AI/models_arenas/arenas_paper/box_reason_1/c2_0795.yaml,0,1001,0,0,0,1.6670352,0.0
0.0,501,62946.921312,0,3,1000,/workspace7/Unity3D/gabriele/Animal-AI/models_arenas/arenas_paper/box_reason_1/c2_0874.yaml,0,1001,0,0,0,1.137818,0.0
2.996,135,62951.669945,2.996000051498413,3,1000,/workspace7/Unity3D/gabriele/Animal-AI/models_arenas/arenas_paper/box_reason_1/c2_0916.yaml,2.996000051498413,269,0,0,0,2.9451444,0.0
0.0,501,62968.973214,0,3,1000,/workspace7/Unity3D/gabriele/Animal-AI/models_arenas/arenas_paper/box_reason_1/c2_0749.yaml,0,1001,0,0,0,0.8135769,0.0
0.0,501,62989.93499,0,3,1000,/workspace7/Unity3D/gabriele/Animal-AI/models_arenas/arenas_paper/box_reason_1/c2_0033.yaml,0,1001,0,0,0,1.0886389,0.0
0.0,501,63007.377127,0,3,1000,/workspace7/Unity3D/gabriele/Animal-AI/models_arenas/arenas_paper/box_reason_1/c2_0223.yaml,0,1001,0,0,0,0.8639141,0.0
0.0,501,63028.034951,0,3,1000,/workspace7/Unity3D/gabriele/Animal-AI/models_arenas/arenas_paper/box_reason_1/c2_0048.yaml,0,1001,0,0,0,0.8130073,0.0
0.0,501,63044.876743,0,3,1000,/workspace7/Unity3D/gabriele/Animal-AI/models_arenas/arenas_paper/box_reason_1/c2_0938.yaml,0,1001,0,0,0,2.1649582,0.0
0.0,501,63064.299866,0,3,1000,/workspace7/Unity3D/gabriele/Animal-AI/models_arenas/arenas_paper/box_reason_1/c2_0462.yaml,0,1001,0,0,0,3.2174869,0.0
2.996,359,63077.505306,2.996000051498413,3,1000,/workspace7/Unity3D/gabriele/Animal-AI/models_arenas/arenas_paper/box_reason_1/c2_0295.yaml,2.996000051498413,718,0,0,0,3.1925063,0.0
0.0,501,63098.288518,0,3,1000,/workspace7/Unity3D/gabriele/Animal-AI/models_arenas/arenas_paper/box_reason_1/c2_0936.yaml,0,1001,0,0,0,2.3658702,0.0
0.0,501,63114.86203,0,3,1000,/workspace7/Unity3D/gabriele/Animal-AI/models_arenas/arenas_paper/box_reason_1/c2_0856.yaml,0,1001,0,0,0,1.3499097,0.0
2.996,309,63127.966212,2.996000051498413,3,1000,/workspace7/Unity3D/gabriele/Animal-AI/models_arenas/arenas_paper/box_reason_1/c2_0758.yaml,2.996000051498413,618,0,0,0,2.8355467,0.0
0.0,501,63144.975544,0,3,1000,/workspace7/Unity3D/gabriele/Animal-AI/models_arenas/arenas_paper/box_reason_1/c2_0337.yaml,0,1001,0,0,0,0.80567396,0.0
2.996,226,63152.571806,2.996000051498413,3,1000,/workspace7/Unity3D/gabriele/Animal-AI/models_arenas/arenas_paper/box_reason_1/c2_0476.yaml,2.996000051498413,452,0,0,0,2.9372473,0.0
2.996,442,63171.503508,2.996000051498413,3,1000,/workspace7/Unity3D/gabriele/Animal-AI/models_arenas/arenas_paper/box_reason_1/c2_0625.yaml,2.996000051498413,883,0,0,0,2.5136487,0.0
0.0,501,63188.179508,0,3,1000,/workspace7/Unity3D/gabriele/Animal-AI/models_arenas/arenas_paper/box_reason_1/c2_0228.yaml,0,1001,0,0,0,1.3931088,0.0
2.996,100,63191.560598,2.996000051498413,3,1000,/workspace7/Unity3D/gabriele/Animal-AI/models_arenas/arenas_paper/box_reason_1/c2_0603.yaml,2.996000051498413,199,0,0,0,3.1984787,0.0
2.996,170,63200.75632,2.996000051498413,3,1000,/workspace7/Unity3D/gabriele/Animal-AI/models_arenas/arenas_paper/box_reason_1/c2_0615.yaml,2.996000051498413,339,0,0,0,2.42272,0.0
0.0,501,63216.24928,0,3,1000,/workspace7/Unity3D/gabriele/Animal-AI/models_arenas/arenas_paper/box_reason_1/c2_0444.yaml,0,1001,0,0,0,1.8328526,0.0
0.0,501,63235.394382,0,3,1000,/workspace7/Unity3D/gabriele/Animal-AI/models_arenas/arenas_paper/box_reason_1/c2_0061.yaml,0,1001,0,0,0,2.7022836,0.0
2.996,146,63239.925524,2.996000051498413,3,1000,/workspace7/Unity3D/gabriele/Animal-AI/models_arenas/arenas_paper/box_reason_1/c2_0625.yaml,2.996000051498413,292,0,0,0,3.2883854,0.0
0.0,501,63256.82317,0,3,1000,/workspace7/Unity3D/gabriele/Animal-AI/models_arenas/arenas_paper/box_reason_1/c2_0421.yaml,0,1001,0,0,0,1.0904241,0.0
2.996,284,63269.882325,2.996000051498413,3,1000,/workspace7/Unity3D/gabriele/Animal-AI/models_arenas/arenas_paper/box_reason_1/c2_0067.yaml,2.996000051498413,567,0,0,0,3.1539564,0.0
0.0,501,63285.52026,0,3,1000,/workspace7/Unity3D/gabriele/Animal-AI/models_arenas/arenas_paper/box_reason_1/c2_0055.yaml,0,1001,0,0,0,1.018937,0.0
2.996,309,63295.315027,2.996000051498413,3,1000,/workspace7/Unity3D/gabriele/Animal-AI/models_arenas/arenas_paper/box_reason_1/c2_0062.yaml,0,0,0,0,0,0.0,0.0
0.0,501,63316.450853,0,3,1000,/workspace7/Unity3D/gabriele/Animal-AI/models_arenas/arenas_paper/box_reason_1/c2_0770.yaml,0,1001,0,0,0,0.7580789,0.0
2.996,386,63329.673492,2.996000051498413,3,1000,/workspace7/Unity3D/gabriele/Animal-AI/models_arenas/arenas_paper/box_reason_1/c2_0717.yaml,2.996000051498413,771,0,0,0,2.2298298,0.0
2.996,352,63344.964041,2.996000051498413,3,1000,/workspace7/Unity3D/gabriele/Animal-AI/models_arenas/arenas_paper/box_reason_1/c2_0129.yaml,2.996000051498413,704,0,0,0,3.365201,0.0
2.996,422,63358.23881,2.996000051498413,3,1000,/workspace7/Unity3D/gabriele/Animal-AI/models_arenas/arenas_paper/box_reason_1/c2_0069.yaml,2.996000051498413,843,0,0,0,3.0236483,0.0
0.0,501,63378.800526,0,3,1000,/workspace7/Unity3D/gabriele/Animal-AI/models_arenas/arenas_paper/box_reason_1/c2_0858.yaml,0,1001,0,0,0,0.89989007,0.0
0.0,501,63395.536193,0,3,1000,/workspace7/Unity3D/gabriele/Animal-AI/models_arenas/arenas_paper/box_reason_1/c2_0250.yaml,0,1001,0,0,0,2.1490154,0.0
0.0,501,63416.088651,0,3,1000,/workspace7/Unity3D/gabriele/Animal-AI/models_arenas/arenas_paper/box_reason_1/c2_0236.yaml,0,1001,0,0,0,1.2162263,0.0
2.996,195,63422.946912,2.996000051498413,3,1000,/workspace7/Unity3D/gabriele/Animal-AI/models_arenas/arenas_paper/box_reason_1/c2_0214.yaml,2.996000051498413,389,0,0,0,3.1497858,0.0
2.996,353,63435.264471,2.996000051498413,3,1000,/workspace7/Unity3D/gabriele/Animal-AI/models_arenas/arenas_paper/box_reason_1/c2_0357.yaml,2.996000051498413,705,0,0,0,3.235314,0.0
0.0,501,63455.467687,0,3,1000,/workspace7/Unity3D/gabriele/Animal-AI/models_arenas/arenas_paper/box_reason_1/c2_0400.yaml,0,1001,0,0,0,2.293391,0.0
2.996,479,63471.531323,2.996000051498413,3,1000,/workspace7/Unity3D/gabriele/Animal-AI/models_arenas/arenas_paper/box_reason_1/c2_0369.yaml,2.996000051498413,958,0,0,0,3.0991604,0.0
2.996,438,63485.949127,2.996000051498413,3,1000,/workspace7/Unity3D/gabriele/Animal-AI/models_arenas/arenas_paper/box_reason_1/c2_0100.yaml,2.996000051498413,876,0,0,0,2.9884129,0.0
0.0,501,63506.67812,0,3,1000,/workspace7/Unity3D/gabriele/Animal-AI/models_arenas/arenas_paper/box_reason_1/c2_0396.yaml,0,1001,0,0,0,0.8137969,0.0
2.996,455,63521.369986,2.996000051498413,3,1000,/workspace7/Unity3D/gabriele/Animal-AI/models_arenas/arenas_paper/box_reason_1/c2_0671.yaml,2.996000051498413,909,0,0,0,3.6674075,0.0
0.0,501,63541.901539,0,3,1000,/workspace7/Unity3D/gabriele/Animal-AI/models_arenas/arenas_paper/box_reason_1/c2_0120.yaml,0,1001,0,0,0,1.2772541,0.0
2.996,258,63549.861437,2.996000051498413,3,1000,/workspace7/Unity3D/gabriele/Animal-AI/models_arenas/arenas_paper/box_reason_1/c2_0440.yaml,0,0,0,0,0,0.0,0.0
2.996,434,63567.267399,2.996000051498413,3,1000,/workspace7/Unity3D/gabriele/Animal-AI/models_arenas/arenas_paper/box_reason_1/c2_0482.yaml,0,0,0,0,0,0.0,0.0
0.0,501,63584.144503,0,3,1000,/workspace7/Unity3D/gabriele/Animal-AI/models_arenas/arenas_paper/box_reason_1/c2_0621.yaml,0,1001,0,0,0,3.0892067,0.0
0.0,501,63605.365955,0,3,1000,/workspace7/Unity3D/gabriele/Animal-AI/models_arenas/arenas_paper/box_reason_1/c2_0850.yaml,0,1001,0,0,0,1.8031641,0.0
2.996,203,63612.171277,2.996000051498413,3,1000,/workspace7/Unity3D/gabriele/Animal-AI/models_arenas/arenas_paper/box_reason_1/c2_0546.yaml,2.996000051498413,405,0,0,0,3.227556,0.0
2.996,292,63621.963104,2.996000051498413,3,1000,/workspace7/Unity3D/gabriele/Animal-AI/models_arenas/arenas_paper/box_reason_1/c2_0178.yaml,2.996000051498413,584,0,0,0,2.6936486,0.0
0.0,501,63642.232072,0,3,1000,/workspace7/Unity3D/gabriele/Animal-AI/models_arenas/arenas_paper/box_reason_1/c2_0232.yaml,0,1001,0,0,0,3.0835366,0.0
2.996,400,63655.89287,2.996000051498413,3,1000,/workspace7/Unity3D/gabriele/Animal-AI/models_arenas/arenas_paper/box_reason_1/c2_0102.yaml,2.996000051498413,800,0,0,0,2.84976,0.0
0.0,501,63676.702466,0,3,1000,/workspace7/Unity3D/gabriele/Animal-AI/models_arenas/arenas_paper/box_reason_1/c2_0117.yaml,0,1001,0,0,0,2.231787,0.0
2.996,437,63692.033217,2.996000051498413,3,1000,/workspace7/Unity3D/gabriele/Animal-AI/models_arenas/arenas_paper/box_reason_1/c2_0089.yaml,2.996000051498413,874,0,0,0,2.2337596,0.0
0.0,501,63709.671191,0,3,1000,/workspace7/Unity3D/gabriele/Animal-AI/models_arenas/arenas_paper/box_reason_1/c2_0577.yaml,0,1001,0,0,0,0.8591609,0.0
2.996,120,63717.430752,2.996000051498413,3,1000,/workspace7/Unity3D/gabriele/Animal-AI/models_arenas/arenas_paper/box_reason_1/c2_0545.yaml,2.996000051498413,239,0,0,0,3.475428,0.0
2.996,229,63725.44369,2.996000051498413,3,1000,/workspace7/Unity3D/gabriele/Animal-AI/models_arenas/arenas_paper/box_reason_1/c2_0577.yaml,2.996000051498413,457,0,0,0,2.5225542,0.0
0.0,501,63742.909045,0,3,1000,/workspace7/Unity3D/gabriele/Animal-AI/models_arenas/arenas_paper/box_reason_1/c2_0151.yaml,0,1001,0,0,0,2.9613938,0.0
0.0,501,63763.224572,0,3,1000,/workspace7/Unity3D/gabriele/Animal-AI/models_arenas/arenas_paper/box_reason_1/c2_0086.yaml,0,1001,0,0,0,0.71226925,0.0
2.996,456,63778.129688,2.996000051498413,3,1000,/workspace7/Unity3D/gabriele/Animal-AI/models_arenas/arenas_paper/box_reason_1/c2_0959.yaml,2.996000051498413,912,0,0,0,2.7073882,0.0
0.0,501,63799.16521,0,3,1000,/workspace7/Unity3D/gabriele/Animal-AI/models_arenas/arenas_paper/box_reason_1/c2_0866.yaml,0,1001,0,0,0,1.8694954,0.0
0.0,501,63816.503334,0,3,1000,/workspace7/Unity3D/gabriele/Animal-AI/models_arenas/arenas_paper/box_reason_1/c2_0166.yaml,0,1001,0,0,0,1.1705788,0.0
2.996,288,63829.181318,2.996000051498413,3,1000,/workspace7/Unity3D/gabriele/Animal-AI/models_arenas/arenas_paper/box_reason_1/c2_0729.yaml,2.996000051498413,575,0,0,0,2.82207,0.0
0.0,501,63846.419458,0,3,1000,/workspace7/Unity3D/gabriele/Animal-AI/models_arenas/arenas_paper/box_reason_1/c2_0509.yaml,0,1001,0,0,0,1.6226686,0.0
0.0,501,63866.849404,0,3,1000,/workspace7/Unity3D/gabriele/Animal-AI/models_arenas/arenas_paper/box_reason_1/c2_0784.yaml,0,1001,0,0,0,1.3108184,0.0
0.0,501,63882.216047,0,3,1000,/workspace7/Unity3D/gabriele/Animal-AI/models_arenas/arenas_paper/box_reason_1/c2_0727.yaml,0,1001,0,0,0,2.6168933,0.0
2.996,115,63885.778723,2.996000051498413,3,1000,/workspace7/Unity3D/gabriele/Animal-AI/models_arenas/arenas_paper/box_reason_1/c2_0444.yaml,2.996000051498413,230,0,0,0,2.4824958,0.0
2.996,135,63890.032618,2.996000051498413,3,1000,/workspace7/Unity3D/gabriele/Animal-AI/models_arenas/arenas_paper/box_reason_1/c2_0480.yaml,0,0,0,0,0,0.0,0.0
0.0,501,63910.629159,0,3,1000,/workspace7/Unity3D/gabriele/Animal-AI/models_arenas/arenas_paper/box_reason_1/c2_0971.yaml,0,1001,0,0,0,1.2966342,0.0
0.0,501,63928.006881,0,3,1000,/workspace7/Unity3D/gabriele/Animal-AI/models_arenas/arenas_paper/box_reason_1/c2_0348.yaml,0,1001,0,0,0,1.1876817,0.0
0.0,501,63949.138499,0,3,1000,/workspace7/Unity3D/gabriele/Animal-AI/models_arenas/arenas_paper/box_reason_1/c2_0681.yaml,0,1001,0,0,0,2.6310759,0.0
0.0,501,63966.338174,0,3,1000,/workspace7/Unity3D/gabriele/Animal-AI/models_arenas/arenas_paper/box_reason_1/c2_0060.yaml,0,1001,0,0,0,2.7265506,0.0
2.996,190,63977.774178,2.996000051498413,3,1000,/workspace7/Unity3D/gabriele/Animal-AI/models_arenas/arenas_paper/box_reason_1/c2_0374.yaml,2.996000051498413,379,0,0,0,3.3822036,0.0
2.996,353,63988.512518,2.996000051498413,3,1000,/workspace7/Unity3D/gabriele/Animal-AI/models_arenas/arenas_paper/box_reason_1/c2_0633.yaml,0,0,0,0,0,0.0,0.0
2.996,202,63995.112305,2.996000051498413,3,1000,/workspace7/Unity3D/gabriele/Animal-AI/models_arenas/arenas_paper/box_reason_1/c2_0147.yaml,2.996000051498413,403,0,0,0,2.901724,0.0
2.996,261,64003.66416,2.996000051498413,3,1000,/workspace7/Unity3D/gabriele/Animal-AI/models_arenas/arenas_paper/box_reason_1/c2_0948.yaml,2.996000051498413,521,0,0,0,3.2663717,0.0
0.0,501,64024.560519,0,3,1000,/workspace7/Unity3D/gabriele/Animal-AI/models_arenas/arenas_paper/box_reason_1/c2_0591.yaml,0,1001,0,0,0,3.2741787,0.0
0.0,501,64041.256623,0,3,1000,/workspace7/Unity3D/gabriele/Animal-AI/models_arenas/arenas_paper/box_reason_1/c2_0462.yaml,0,1001,0,0,0,1.5848837,0.0
2.996,312,64055.477689,2.996000051498413,3,1000,/workspace7/Unity3D/gabriele/Animal-AI/models_arenas/arenas_paper/box_reason_1/c2_0916.yaml,2.996000051498413,623,0,0,0,2.3043568,0.0
2.996,164,64060.661762,2.996000051498413,3,1000,/workspace7/Unity3D/gabriele/Animal-AI/models_arenas/arenas_paper/box_reason_1/c2_0587.yaml,2.996000051498413,328,0,0,0,2.972957,0.0
0.0,501,64077.84952,0,3,1000,/workspace7/Unity3D/gabriele/Animal-AI/models_arenas/arenas_paper/box_reason_1/c2_0967.yaml,0,1001,0,0,0,1.4171066,0.0
0.0,501,64099.036294,0,3,1000,/workspace7/Unity3D/gabriele/Animal-AI/models_arenas/arenas_paper/box_reason_1/c2_0880.yaml,0,1001,0,0,0,3.2215948,0.0
0.0,501,64115.778087,0,3,1000,/workspace7/Unity3D/gabriele/Animal-AI/models_arenas/arenas_paper/box_reason_1/c2_0157.yaml,0,1001,0,0,0,1.250166,0.0
0.0,501,64136.497265,0,3,1000,/workspace7/Unity3D/gabriele/Animal-AI/models_arenas/arenas_paper/box_reason_1/c2_0230.yaml,0,1001,0,0,0,1.2007184,0.0
0.0,501,64153.846698,0,3,1000,/workspace7/Unity3D/gabriele/Animal-AI/models_arenas/arenas_paper/box_reason_1/c2_0574.yaml,0,1001,0,0,0,1.2615199,0.0
2.996,205,64164.696923,2.996000051498413,3,1000,/workspace7/Unity3D/gabriele/Animal-AI/models_arenas/arenas_paper/box_reason_1/c2_0276.yaml,2.996000051498413,410,0,0,0,2.474717,0.0
0.0,501,64182.227391,0,3,1000,/workspace7/Unity3D/gabriele/Animal-AI/models_arenas/arenas_paper/box_reason_1/c2_0826.yaml,0,1001,0,0,0,1.5670983,0.0
2.996,152,64187.565493,2.996000051498413,3,1000,/workspace7/Unity3D/gabriele/Animal-AI/models_arenas/arenas_paper/box_reason_1/c2_0805.yaml,2.996000051498413,303,0,0,0,2.7708309,0.0
2.996,212,64194.999975,2.996000051498413,3,1000,/workspace7/Unity3D/gabriele/Animal-AI/models_arenas/arenas_paper/box_reason_1/c2_0904.yaml,2.996000051498413,423,0,0,0,3.2499352,0.0
0.0,501,64215.907721,0,3,1000,/workspace7/Unity3D/gabriele/Animal-AI/models_arenas/arenas_paper/box_reason_1/c2_0134.yaml,0,1001,0,0,0,1.5969615,0.0
2.996,379,64228.745171,2.996000051498413,3,1000,/workspace7/Unity3D/gabriele/Animal-AI/models_arenas/arenas_paper/box_reason_1/c2_0226.yaml,0,0,0,0,0,0.0,0.0
0.0,501,64249.434127,0,3,1000,/workspace7/Unity3D/gabriele/Animal-AI/models_arenas/arenas_paper/box_reason_1/c2_0022.yaml,0,1001,0,0,0,1.6506608,0.0
0.0,501,64265.8128,0,3,1000,/workspace7/Unity3D/gabriele/Animal-AI/models_arenas/arenas_paper/box_reason_1/c2_0339.yaml,0,1001,0,0,0,1.2283368,0.0
2.996,205,64272.735527,2.996000051498413,3,1000,/workspace7/Unity3D/gabriele/Animal-AI/models_arenas/arenas_paper/box_reason_1/c2_0931.yaml,2.996000051498413,409,0,0,0,2.8043103,0.0
2.996,102,64279.738683,2.996000051498413,3,1000,/workspace7/Unity3D/gabriele/Animal-AI/models_arenas/arenas_paper/box_reason_1/c2_0738.yaml,0,0,0,0,0,0.0,0.0
2.996,290,64289.497021,2.996000051498413,3,1000,/workspace7/Unity3D/gabriele/Animal-AI/models_arenas/arenas_paper/box_reason_1/c2_0392.yaml,2.996000051498413,579,0,0,0,3.2601726,0.0
0.0,501,64306.370662,0,3,1000,/workspace7/Unity3D/gabriele/Animal-AI/models_arenas/arenas_paper/box_reason_1/c2_0202.yaml,0,1001,0,0,0,1.0822791,0.0
0.0,501,64327.439986,0,3,1000,/workspace7/Unity3D/gabriele/Animal-AI/models_arenas/arenas_paper/box_reason_1/c2_0685.yaml,0,1001,0,0,0,1.1251409,0.0
2.996,161,64333.04979,2.996000051498413,3,1000,/workspace7/Unity3D/gabriele/Animal-AI/models_arenas/arenas_paper/box_reason_1/c2_0101.yaml,2.996000051498413,321,0,0,0,2.2773404,0.0
2.996,259,64341.92009,2.996000051498413,3,1000,/workspace7/Unity3D/gabriele/Animal-AI/models_arenas/arenas_paper/box_reason_1/c2_0853.yaml,2.996000051498413,517,0,0,0,2.7402763,0.0
0.0,501,64362.522772,0,3,1000,/workspace7/Unity3D/gabriele/Animal-AI/models_arenas/arenas_paper/box_reason_1/c2_0572.yaml,0,1001,0,0,0,1.6302145,0.0
0.0,501,64379.522084,0,3,1000,/workspace7/Unity3D/gabriele/Animal-AI/models_arenas/arenas_paper/box_reason_1/c2_0282.yaml,0,1001,0,0,0,2.8305616,0.0
2.996,375,64395.240786,2.996000051498413,3,1000,/workspace7/Unity3D/gabriele/Animal-AI/models_arenas/arenas_paper/box_reason_1/c2_0717.yaml,2.996000051498413,749,0,0,0,3.0708094,0.0
0.0,501,64412.019975,0,3,1000,/workspace7/Unity3D/gabriele/Animal-AI/models_arenas/arenas_paper/box_reason_1/c2_0615.yaml,0,1001,0,0,0,0.98108506,0.0
0.0,501,64432.308444,0,3,1000,/workspace7/Unity3D/gabriele/Animal-AI/models_arenas/arenas_paper/box_reason_1/c2_0604.yaml,0,1001,0,0,0,1.7838483,0.0
0.0,501,64448.55065,0,3,1000,/workspace7/Unity3D/gabriele/Animal-AI/models_arenas/arenas_paper/box_reason_1/c2_0575.yaml,0,1001,0,0,0,1.2485875,0.0
0.0,501,64469.26355,0,3,1000,/workspace7/Unity3D/gabriele/Animal-AI/models_arenas/arenas_paper/box_reason_1/c2_0753.yaml,0,1001,0,0,0,2.4130023,0.0
2.996,382,64482.345553,2.996000051498413,3,1000,/workspace7/Unity3D/gabriele/Animal-AI/models_arenas/arenas_paper/box_reason_1/c2_0411.yaml,2.996000051498413,763,0,0,0,3.2542653,0.0
0.0,501,64502.383227,0,3,1000,/workspace7/Unity3D/gabriele/Animal-AI/models_arenas/arenas_paper/box_reason_1/c2_0118.yaml,0,1001,0,0,0,2.30227,0.0
0.0,501,64519.491776,0,3,1000,/workspace7/Unity3D/gabriele/Animal-AI/models_arenas/arenas_paper/box_reason_1/c2_0447.yaml,0,1001,0,0,0,1.156034,0.0
0.0,501,64539.50837,0,3,1000,/workspace7/Unity3D/gabriele/Animal-AI/models_arenas/arenas_paper/box_reason_1/c2_0314.yaml,0,1001,0,0,0,2.1404305,0.0
0.0,501,64555.369126,0,3,1000,/workspace7/Unity3D/gabriele/Animal-AI/models_arenas/arenas_paper/box_reason_1/c2_0170.yaml,0,1001,0,0,0,0.8498989,0.0
2.996,343,64566.134421,2.996000051498413,3,1000,/workspace7/Unity3D/gabriele/Animal-AI/models_arenas/arenas_paper/box_reason_1/c2_0102.yaml,2.996000051498413,685,0,0,0,2.4181733,0.0
2.996,487,64586.76635,2.996000051498413,3,1000,/workspace7/Unity3D/gabriele/Animal-AI/models_arenas/arenas_paper/box_reason_1/c2_0105.yaml,2.996000051498413,974,0,0,0,3.2696097,0.0
2.996,242,64595.026262,2.996000051498413,3,1000,/workspace7/Unity3D/gabriele/Animal-AI/models_arenas/arenas_paper/box_reason_1/c2_0324.yaml,2.996000051498413,484,0,0,0,2.132255,0.0
0.0,501,64615.805658,0,3,1000,/workspace7/Unity3D/gabriele/Animal-AI/models_arenas/arenas_paper/box_reason_1/c2_0902.yaml,0,1001,0,0,0,1.1637951,0.0
0.0,501,64632.65027,0,3,1000,/workspace7/Unity3D/gabriele/Animal-AI/models_arenas/arenas_paper/box_reason_1/c2_0498.yaml,0,1001,0,0,0,1.0963732,0.0
0.0,501,64653.759882,0,3,1000,/workspace7/Unity3D/gabriele/Animal-AI/models_arenas/arenas_paper/box_reason_1/c2_0449.yaml,0,1001,0,0,0,2.4298527,0.0
0.0,501,64672.428728,0,3,1000,/workspace7/Unity3D/gabriele/Animal-AI/models_arenas/arenas_paper/box_reason_1/c2_0236.yaml,0,1001,0,0,0,1.118491,0.0
2.996,164,64678.098151,2.996000051498413,3,1000,/workspace7/Unity3D/gabriele/Animal-AI/models_arenas/arenas_paper/box_reason_1/c2_0486.yaml,0,0,0,0,0,0.0,0.0
0.0,501,64699.006847,0,3,1000,/workspace7/Unity3D/gabriele/Animal-AI/models_arenas/arenas_paper/box_reason_1/c2_0198.yaml,0,1001,0,0,0,1.9495248,0.0
2.996,228,64706.446932,2.996000051498413,3,1000,/workspace7/Unity3D/gabriele/Animal-AI/models_arenas/arenas_paper/box_reason_1/c2_0688.yaml,2.996000051498413,455,0,0,0,2.8836026,0.0
2.996,440,64721.466442,2.996000051498413,3,1000,/workspace7/Unity3D/gabriele/Animal-AI/models_arenas/arenas_paper/box_reason_1/c2_0282.yaml,2.996000051498413,879,0,0,0,2.9971442,0.0
2.996,208,64731.926155,2.996000051498413,3,1000,/workspace7/Unity3D/gabriele/Animal-AI/models_arenas/arenas_paper/box_reason_1/c2_0191.yaml,2.996000051498413,416,0,0,0,3.2095184,0.0
2.996,437,64746.105945,2.996000051498413,3,1000,/workspace7/Unity3D/gabriele/Animal-AI/models_arenas/arenas_paper/box_reason_1/c2_0918.yaml,0,0,0,0,0,0.0,0.0
2.996,499,64767.128334,2.996000051498413,3,1000,/workspace7/Unity3D/gabriele/Animal-AI/models_arenas/arenas_paper/box_reason_1/c2_0390.yaml,2.996000051498413,998,0,0,0,2.5582647,0.0
0.0,501,64783.266399,0,3,1000,/workspace7/Unity3D/gabriele/Animal-AI/models_arenas/arenas_paper/box_reason_1/c2_0468.yaml,0,1001,0,0,0,1.1760764,0.0
2.996,140,64787.790504,2.996000051498413,3,1000,/workspace7/Unity3D/gabriele/Animal-AI/models_arenas/arenas_paper/box_reason_1/c2_0184.yaml,2.996000051498413,279,0,0,0,3.2648146,0.0
0.0,501,64808.144387,0,3,1000,/workspace7/Unity3D/gabriele/Animal-AI/models_arenas/arenas_paper/box_reason_1/c2_0402.yaml,0,1001,0,0,0,1.6766142,0.0
2.996,352,64819.433709,2.996000051498413,3,1000,/workspace7/Unity3D/gabriele/Animal-AI/models_arenas/arenas_paper/box_reason_1/c2_0435.yaml,0,0,0,0,0,0.0,0.0
0.0,501,64839.893183,0,3,1000,/workspace7/Unity3D/gabriele/Animal-AI/models_arenas/arenas_paper/box_reason_1/c2_0210.yaml,0,1001,0,0,0,1.2499636,0.0
2.996,386,64852.555035,2.996000051498413,3,1000,/workspace7/Unity3D/gabriele/Animal-AI/models_arenas/arenas_paper/box_reason_1/c2_0535.yaml,0,0,0,0,0,0.0,0.0
2.996,352,64864.827438,2.996000051498413,3,1000,/workspace7/Unity3D/gabriele/Animal-AI/models_arenas/arenas_paper/box_reason_1/c2_0310.yaml,2.996000051498413,703,0,0,0,3.260059,0.0
0.0,501,64885.201566,0,3,1000,/workspace7/Unity3D/gabriele/Animal-AI/models_arenas/arenas_paper/box_reason_1/c2_0933.yaml,0,1001,0,0,0,2.2106736,0.0
0.0,501,64902.235639,0,3,1000,/workspace7/Unity3D/gabriele/Animal-AI/models_arenas/arenas_paper/box_reason_1/c2_0449.yaml,0,1001,0,0,0,1.3543534,0.0
2.996,378,64919.097419,2.996000051498413,3,1000,/workspace7/Unity3D/gabriele/Animal-AI/models_arenas/arenas_paper/box_reason_1/c2_0840.yaml,2.996000051498413,755,0,0,0,2.584897,0.0
2.996,307,64929.719074,2.996000051498413,3,1000,/workspace7/Unity3D/gabriele/Animal-AI/models_arenas/arenas_paper/box_reason_1/c2_0300.yaml,2.996000051498413,614,0,0,0,3.0304582,0.0
0.0,501,64950.694286,0,3,1000,/workspace7/Unity3D/gabriele/Animal-AI/models_arenas/arenas_paper/box_reason_1/c2_0751.yaml,0,1001,0,0,0,1.8021492,0.0
0.0,501,64967.925854,0,3,1000,/workspace7/Unity3D/gabriele/Animal-AI/models_arenas/arenas_paper/box_reason_1/c2_0575.yaml,0,1001,0,0,0,1.4435828,0.0
2.996,400,64980.900559,2.996000051498413,3,1000,/workspace7/Unity3D/gabriele/Animal-AI/models_arenas/arenas_paper/box_reason_1/c2_0970.yaml,0,0,0,0,0,0.0,0.0
0.0,501,65001.61624,0,3,1000,/workspace7/Unity3D/gabriele/Animal-AI/models_arenas/arenas_paper/box_reason_1/c2_0501.yaml,0,1001,0,0,0,2.4695332,0.0
2.996,269,65010.70592,2.996000051498413,3,1000,/workspace7/Unity3D/gabriele/Animal-AI/models_arenas/arenas_paper/box_reason_1/c2_0527.yaml,2.996000051498413,537,0,0,0,2.7782476,0.0
0.0,501,65030.890652,0,3,1000,/workspace7/Unity3D/gabriele/Animal-AI/models_arenas/arenas_paper/box_reason_1/c2_0592.yaml,0,1001,0,0,0,1.2894723,0.0
2.996,300,65041.40391,2.996000051498413,3,1000,/workspace7/Unity3D/gabriele/Animal-AI/models_arenas/arenas_paper/box_reason_1/c2_0897.yaml,2.996000051498413,600,0,0,0,3.0657904,0.0
0.0,501,65058.612343,0,3,1000,/workspace7/Unity3D/gabriele/Animal-AI/models_arenas/arenas_paper/box_reason_1/c2_0172.yaml,0,1001,0,0,0,2.8966367,0.0
0.0,501,65078.966035,0,3,1000,/workspace7/Unity3D/gabriele/Animal-AI/models_arenas/arenas_paper/box_reason_1/c2_0200.yaml,0,1001,0,0,0,1.1591593,0.0
0.0,501,65095.894595,0,3,1000,/workspace7/Unity3D/gabriele/Animal-AI/models_arenas/arenas_paper/box_reason_1/c2_0845.yaml,0,1001,0,0,0,3.2059803,0.0
0.0,501,65117.02265,0,3,1000,/workspace7/Unity3D/gabriele/Animal-AI/models_arenas/arenas_paper/box_reason_1/c2_0376.yaml,0,1001,0,0,0,1.1435761,0.0
0.0,501,65134.230004,0,3,1000,/workspace7/Unity3D/gabriele/Animal-AI/models_arenas/arenas_paper/box_reason_1/c2_0578.yaml,0,1001,0,0,0,1.394608,0.0
2.996,307,65147.553093,2.996000051498413,3,1000,/workspace7/Unity3D/gabriele/Animal-AI/models_arenas/arenas_paper/box_reason_1/c2_0154.yaml,0,0,0,0,0,0.0,0.0
2.996,205,65154.314622,2.996000051498413,3,1000,/workspace7/Unity3D/gabriele/Animal-AI/models_arenas/arenas_paper/box_reason_1/c2_0012.yaml,0,0,0,0,0,0.0,0.0
2.996,177,65160.428106,2.996000051498413,3,1000,/workspace7/Unity3D/gabriele/Animal-AI/models_arenas/arenas_paper/box_reason_1/c2_0043.yaml,2.996000051498413,354,0,0,0,3.0959911,0.0
2.996,194,65167.039207,2.996000051498413,3,1000,/workspace7/Unity3D/gabriele/Animal-AI/models_arenas/arenas_paper/box_reason_1/c2_0158.yaml,2.996000051498413,388,0,0,0,3.0589666,0.0
2.996,170,65176.181703,2.996000051498413,3,1000,/workspace7/Unity3D/gabriele/Animal-AI/models_arenas/arenas_paper/box_reason_1/c2_0193.yaml,0,0,0,0,0,0.0,0.0
2.996,118,65180.27569,2.996000051498413,3,1000,/workspace7/Unity3D/gabriele/Animal-AI/models_arenas/arenas_paper/box_reason_1/c2_0950.yaml,2.996000051498413,235,0,0,0,3.0309768,0.0
0.0,501,65198.016304,0,3,1000,/workspace7/Unity3D/gabriele/Animal-AI/models_arenas/arenas_paper/box_reason_1/c2_0809.yaml,0,1001,0,0,0,1.8036695,0.0
0.0,501,65219.061849,0,3,1000,/workspace7/Unity3D/gabriele/Animal-AI/models_arenas/arenas_paper/box_reason_1/c2_0772.yaml,0,1001,0,0,0,0.8592022,0.0
2.996,223,65226.742624,2.996000051498413,3,1000,/workspace7/Unity3D/gabriele/Animal-AI/models_arenas/arenas_paper/box_reason_1/c2_0913.yaml,2.996000051498413,445,0,0,0,3.0528417,0.0
0.0,501,65244.115536,0,3,1000,/workspace7/Unity3D/gabriele/Animal-AI/models_arenas/arenas_paper/box_reason_1/c2_0281.yaml,0,1001,0,0,0,1.7191103,0.0
2.996,432,65262.865772,2.996000051498413,3,1000,/workspace7/Unity3D/gabriele/Animal-AI/models_arenas/arenas_paper/box_reason_1/c2_0175.yaml,2.996000051498413,863,0,0,0,2.1090174,0.0
0.0,501,65279.759943,0,3,1000,/workspace7/Unity3D/gabriele/Animal-AI/models_arenas/arenas_paper/box_reason_1/c2_0495.yaml,0,1001,0,0,0,1.3350601,0.0
0.0,501,65299.796255,0,3,1000,/workspace7/Unity3D/gabriele/Animal-AI/models_arenas/arenas_paper/box_reason_1/c2_0765.yaml,0,1001,0,0,0,1.6209085,0.0
0.0,501,65315.672996,0,3,1000,/workspace7/Unity3D/gabriele/Animal-AI/models_arenas/arenas_paper/box_reason_1/c2_0586.yaml,0,1001,0,0,0,1.1775911,0.0
0.0,501,65335.732206,0,3,1000,/workspace7/Unity3D/gabriele/Animal-AI/models_arenas/arenas_paper/box_reason_1/c2_0306.yaml,0,1001,0,0,0,2.1883423,0.0
0.0,501,65351.204825,0,3,1000,/workspace7/Unity3D/gabriele/Animal-AI/models_arenas/arenas_paper/box_reason_1/c2_0851.yaml,0,1001,0,0,0,2.3971121,0.0
0.0,501,65371.741979,0,3,1000,/workspace7/Unity3D/gabriele/Animal-AI/models_arenas/arenas_paper/box_reason_1/c2_0089.yaml,0,1001,0,0,0,1.5920515,0.0
0.0,501,65388.155749,0,3,1000,/workspace7/Unity3D/gabriele/Animal-AI/models_arenas/arenas_paper/box_reason_1/c2_0656.yaml,0,1001,0,0,0,1.1737057,0.0
0.0,501,65409.068341,0,3,1000,/workspace7/Unity3D/gabriele/Animal-AI/models_arenas/arenas_paper/box_reason_1/c2_0348.yaml,0,1001,0,0,0,1.6594985,0.0
2.996,211,65415.858449,2.996000051498413,3,1000,/workspace7/Unity3D/gabriele/Animal-AI/models_arenas/arenas_paper/box_reason_1/c2_0599.yaml,2.996000051498413,422,0,0,0,2.8690684,0.0
0.0,501,65435.703805,0,3,1000,/workspace7/Unity3D/gabriele/Animal-AI/models_arenas/arenas_paper/box_reason_1/c2_0421.yaml,0,1001,0,0,0,1.5541583,0.0
2.996,137,65440.061508,2.996000051498413,3,1000,/workspace7/Unity3D/gabriele/Animal-AI/models_arenas/arenas_paper/box_reason_1/c2_0122.yaml,2.996000051498413,273,0,0,0,2.953806,0.0
0.0,501,65457.358414,0,3,1000,/workspace7/Unity3D/gabriele/Animal-AI/models_arenas/arenas_paper/box_reason_1/c2_0464.yaml,0,1001,0,0,0,1.337242,0.0
0.0,501,65478.124309,0,3,1000,/workspace7/Unity3D/gabriele/Animal-AI/models_arenas/arenas_paper/box_reason_1/c2_0448.yaml,0,1001,0,0,0,2.0349495,0.0
0.0,501,65494.940409,0,3,1000,/workspace7/Unity3D/gabriele/Animal-AI/models_arenas/arenas_paper/box_reason_1/c2_0720.yaml,0,1001,0,0,0,1.3663826,0.0
2.996,353,65509.349098,2.996000051498413,3,1000,/workspace7/Unity3D/gabriele/Animal-AI/models_arenas/arenas_paper/box_reason_1/c2_0453.yaml,0,0,0,0,0,0.0,0.0
0.0,501,65526.182179,0,3,1000,/workspace7/Unity3D/gabriele/Animal-AI/models_arenas/arenas_paper/box_reason_1/c2_0508.yaml,0,1001,0,0,0,1.0308006,0.0
0.0,501,65546.849979,0,3,1000,/workspace7/Unity3D/gabriele/Animal-AI/models_arenas/arenas_paper/box_reason_1/c2_0377.yaml,0,1001,0,0,0,2.1945271,0.0
2.996,182,65552.988352,2.996000051498413,3,1000,/workspace7/Unity3D/gabriele/Animal-AI/models_arenas/arenas_paper/box_reason_1/c2_0283.yaml,2.996000051498413,364,0,0,0,2.83776,0.0
2.996,209,65560.147314,2.996000051498413,3,1000,/workspace7/Unity3D/gabriele/Animal-AI/models_arenas/arenas_paper/box_reason_1/c2_0229.yaml,2.996000051498413,417,0,0,0,3.1094344,0.0
2.996,212,65566.805151,2.996000051498413,3,1000,/workspace7/Unity3D/gabriele/Animal-AI/models_arenas/arenas_paper/box_reason_1/c2_0257.yaml,0,0,0,0,0,0.0,0.0
2.996,242,65574.107935,2.996000051498413,3,1000,/workspace7/Unity3D/gabriele/Animal-AI/models_arenas/arenas_paper/box_reason_1/c2_0332.yaml,0,0,0,0,0,0.0,0.0
2.996,428,65592.645019,2.996000051498413,3,1000,/workspace7/Unity3D/gabriele/Animal-AI/models_arenas/arenas_paper/box_reason_1/c2_0255.yaml,2.996000051498413,856,0,0,0,3.205922,0.0
0.0,501,65609.622165,0,3,1000,/workspace7/Unity3D/gabriele/Animal-AI/models_arenas/arenas_paper/box_reason_1/c2_0735.yaml,0,1001,0,0,0,0.94734395,0.0
0.0,501,65630.734945,0,3,1000,/workspace7/Unity3D/gabriele/Animal-AI/models_arenas/arenas_paper/box_reason_1/c2_0048.yaml,0,1001,0,0,0,1.4175403,0.0
0.0,501,65648.089209,0,3,1000,/workspace7/Unity3D/gabriele/Animal-AI/models_arenas/arenas_paper/box_reason_1/c2_0667.yaml,0,1001,0,0,0,2.3269534,0.0
0.0,501,65668.451187,0,3,1000,/workspace7/Unity3D/gabriele/Animal-AI/models_arenas/arenas_paper/box_reason_1/c2_0328.yaml,0,1001,0,0,0,1.2085762,0.0
2.996,440,65682.397056,2.996000051498413,3,1000,/workspace7/Unity3D/gabriele/Animal-AI/models_arenas/arenas_paper/box_reason_1/c2_0006.yaml,0,0,0,0,0,0.0,0.0
2.996,132,65687.020405,2.996000051498413,3,1000,/workspace7/Unity3D/gabriele/Animal-AI/models_arenas/arenas_paper/box_reason_1/c2_0973.yaml,2.996000051498413,263,0,0,0,2.7714,0.0
2.996,247,65699.031476,2.996000051498413,3,1000,/workspace7/Unity3D/gabriele/Animal-AI/models_arenas/arenas_paper/box_reason_1/c2_0751.yaml,2.996000051498413,493,0,0,0,2.1895022,0.0
2.996,205,65705.462816,2.996000051498413,3,1000,/workspace7/Unity3D/gabriele/Animal-AI/models_arenas/arenas_paper/box_reason_1/c2_0686.yaml,0,0,0,0,0,0.0,0.0
2.996,343,65717.061045,2.996000051498413,3,1000,/workspace7/Unity3D/gabriele/Animal-AI/models_arenas/arenas_paper/box_reason_1/c2_0611.yaml,0,0,0,0,0,0.0,0.0
2.996,136,65721.91281,2.996000051498413,3,1000,/workspace7/Unity3D/gabriele/Animal-AI/models_arenas/arenas_paper/box_reason_1/c2_0370.yaml,2.996000051498413,271,0,0,0,2.6104753,0.0
2.996,206,65732.816357,2.996000051498413,3,1000,/workspace7/Unity3D/gabriele/Animal-AI/models_arenas/arenas_paper/box_reason_1/c2_0988.yaml,2.996000051498413,412,0,0,0,2.0435584,0.0
2.996,452,65748.599335,2.996000051498413,3,1000,/workspace7/Unity3D/gabriele/Animal-AI/models_arenas/arenas_paper/box_reason_1/c2_0994.yaml,2.996000051498413,904,0,0,0,2.6513865,0.0
2.996,115,65752.454842,2.996000051498413,3,1000,/workspace7/Unity3D/gabriele/Animal-AI/models_arenas/arenas_paper/box_reason_1/c2_0045.yaml,2.996000051498413,229,0,0,0,2.979235,0.0
2.996,325,65763.719902,2.996000051498413,3,1000,/workspace7/Unity3D/gabriele/Animal-AI/models_arenas/arenas_paper/box_reason_1/c2_0087.yaml,2.996000051498413,650,0,0,0,3.2720444,0.0
0.0,501,65784.635097,0,3,1000,/workspace7/Unity3D/gabriele/Animal-AI/models_arenas/arenas_paper/box_reason_1/c2_0459.yaml,0,1001,0,0,0,2.4365745,0.0
2.996,147,65789.810649,2.996000051498413,3,1000,/workspace7/Unity3D/gabriele/Animal-AI/models_arenas/arenas_paper/box_reason_1/c2_0816.yaml,2.996000051498413,293,0,0,0,2.6791427,0.0
2.996,251,65798.548549,2.996000051498413,3,1000,/workspace7/Unity3D/gabriele/Animal-AI/models_arenas/arenas_paper/box_reason_1/c2_0751.yaml,2.996000051498413,502,0,0,0,3.1412578,0.0
2.996,423,65817.099624,2.996000051498413,3,1000,/workspace7/Unity3D/gabriele/Animal-AI/models_arenas/arenas_paper/box_reason_1/c2_0058.yaml,2.996000051498413,846,0,0,0,3.2137847,0.0
0.0,501,65834.143981,0,3,1000,/workspace7/Unity3D/gabriele/Animal-AI/models_arenas/arenas_paper/box_reason_1/c2_0259.yaml,0,1001,0,0,0,2.634799,0.0
2.996,182,65840.251986,2.996000051498413,3,1000,/workspace7/Unity3D/gabriele/Animal-AI/models_arenas/arenas_paper/box_reason_1/c2_0596.yaml,2.996000051498413,363,0,0,0,3.3083384,0.0
2.996,296,65854.128106,2.996000051498413,3,1000,/workspace7/Unity3D/gabriele/Animal-AI/models_arenas/arenas_paper/box_reason_1/c2_0941.yaml,2.996000051498413,592,0,0,0,3.1593976,0.0
2.996,182,65860.534556,2.996000051498413,3,1000,/workspace7/Unity3D/gabriele/Animal-AI/models_arenas/arenas_paper/box_reason_1/c2_0575.yaml,2.996000051498413,363,0,0,0,3.372823,0.0
0.0,501,65877.981607,0,3,1000,/workspace7/Unity3D/gabriele/Animal-AI/models_arenas/arenas_paper/box_reason_1/c2_0269.yaml,0,1001,0,0,0,2.294648,0.0
2.996,325,65892.536435,2.996000051498413,3,1000,/workspace7/Unity3D/gabriele/Animal-AI/models_arenas/arenas_paper/box_reason_1/c2_0184.yaml,2.996000051498413,649,0,0,0,1.8277956,0.0
2.996,164,65897.945863,2.996000051498413,3,1000,/workspace7/Unity3D/gabriele/Animal-AI/models_arenas/arenas_paper/box_reason_1/c2_0748.yaml,0,0,0,0,0,0.0,0.0
0.0,501,65914.841325,0,3,1000,/workspace7/Unity3D/gabriele/Animal-AI/models_arenas/arenas_paper/box_reason_1/c2_0350.yaml,0,1001,0,0,0,1.8546842,0.0
0.0,501,65935.133982,0,3,1000,/workspace7/Unity3D/gabriele/Animal-AI/models_arenas/arenas_paper/box_reason_1/c2_0852.yaml,0,1001,0,0,0,1.1587456,0.0
0.0,501,65951.942684,0,3,1000,/workspace7/Unity3D/gabriele/Animal-AI/models_arenas/arenas_paper/box_reason_1/c2_0577.yaml,0,1001,0,0,0,2.514878,0.0
2.996,464,65971.455189,2.996000051498413,3,1000,/workspace7/Unity3D/gabriele/Animal-AI/models_arenas/arenas_paper/box_reason_1/c2_0131.yaml,2.996000051498413,928,0,0,0,2.487787,0.0
2.996,112,65975.282451,2.996000051498413,3,1000,/workspace7/Unity3D/gabriele/Animal-AI/models_arenas/arenas_paper/box_reason_1/c2_0458.yaml,2.996000051498413,224,0,0,0,2.977493,0.0
2.996,352,65986.454075,2.996000051498413,3,1000,/workspace7/Unity3D/gabriele/Animal-AI/models_arenas/arenas_paper/box_reason_1/c2_0147.yaml,0,0,0,0,0,0.0,0.0
2.996,186,65996.419903,2.996000051498413,3,1000,/workspace7/Unity3D/gabriele/Animal-AI/models_arenas/arenas_paper/box_reason_1/c2_0363.yaml,2.996000051498413,372,0,0,0,2.9794223,0.0
2.996,207,66003.433646,2.996000051498413,3,1000,/workspace7/Unity3D/gabriele/Animal-AI/models_arenas/arenas_paper/box_reason_1/c2_0413.yaml,2.996000051498413,413,0,0,0,3.1017778,0.0
0.0,501,66020.484336,0,3,1000,/workspace7/Unity3D/gabriele/Animal-AI/models_arenas/arenas_paper/box_reason_1/c2_0858.yaml,0,1001,0,0,0,1.6296785,0.0
2.996,440,66039.486001,2.996000051498413,3,1000,/workspace7/Unity3D/gabriele/Animal-AI/models_arenas/arenas_paper/box_reason_1/c2_0365.yaml,2.996000051498413,880,0,0,0,2.4638424,0.0
2.996,101,66042.918864,2.996000051498413,3,1000,/workspace7/Unity3D/gabriele/Animal-AI/models_arenas/arenas_paper/box_reason_1/c2_0002.yaml,2.996000051498413,202,0,0,0,3.209447,0.0
0.0,501,66059.997494,0,3,1000,/workspace7/Unity3D/gabriele/Animal-AI/models_arenas/arenas_paper/box_reason_1/c2_0651.yaml,0,1001,0,0,0,2.1640024,0.0
2.996,132,66064.021258,2.996000051498413,3,1000,/workspace7/Unity3D/gabriele/Animal-AI/models_arenas/arenas_paper/box_reason_1/c2_0898.yaml,0,0,0,0,0,0.0,0.0
0.0,501,66084.623056,0,3,1000,/workspace7/Unity3D/gabriele/Animal-AI/models_arenas/arenas_paper/box_reason_1/c2_0655.yaml,0,1001,0,0,0,2.516587,0.0
2.996,290,66095.078929,2.996000051498413,3,1000,/workspace7/Unity3D/gabriele/Animal-AI/models_arenas/arenas_paper/box_reason_1/c2_0721.yaml,0,0,0,0,0,0.0,0.0
0.0,501,66115.640393,0,3,1000,/workspace7/Unity3D/gabriele/Animal-AI/models_arenas/arenas_paper/box_reason_1/c2_0464.yaml,0,1001,0,0,0,2.4047046,0.0
0.0,501,66131.854629,0,3,1000,/workspace7/Unity3D/gabriele/Animal-AI/models_arenas/arenas_paper/box_reason_1/c2_0698.yaml,0,1001,0,0,0,1.9580586,0.0
2.996,176,66137.889457,2.996000051498413,3,1000,/workspace7/Unity3D/gabriele/Animal-AI/models_arenas/arenas_paper/box_reason_1/c2_0353.yaml,2.996000051498413,351,0,0,0,3.2178752,0.0
0.0,501,66158.745627,0,3,1000,/workspace7/Unity3D/gabriele/Animal-AI/models_arenas/arenas_paper/box_reason_1/c2_0464.yaml,0,1001,0,0,0,2.298561,0.0
0.0,501,66175.374168,0,3,1000,/workspace7/Unity3D/gabriele/Animal-AI/models_arenas/arenas_paper/box_reason_1/c2_0943.yaml,0,1001,0,0,0,1.7931371,0.0
0.0,501,66196.610742,0,3,1000,/workspace7/Unity3D/gabriele/Animal-AI/models_arenas/arenas_paper/box_reason_1/c2_0630.yaml,0,1001,0,0,0,1.9052068,0.0
0.0,501,66214.229589,0,3,1000,/workspace7/Unity3D/gabriele/Animal-AI/models_arenas/arenas_paper/box_reason_1/c2_0462.yaml,0,1001,0,0,0,1.542225,0.0
0.0,501,66235.453974,0,3,1000,/workspace7/Unity3D/gabriele/Animal-AI/models_arenas/arenas_paper/box_reason_1/c2_0269.yaml,0,1001,0,0,0,2.171763,0.0
0.0,501,66253.032085,0,3,1000,/workspace7/Unity3D/gabriele/Animal-AI/models_arenas/arenas_paper/box_reason_1/c2_0309.yaml,0,1001,0,0,0,1.3320724,0.0
0.0,501,66274.101493,0,3,1000,/workspace7/Unity3D/gabriele/Animal-AI/models_arenas/arenas_paper/box_reason_1/c2_0556.yaml,0,1001,0,0,0,2.1006181,0.0
2.996,310,66284.802655,2.996000051498413,3,1000,/workspace7/Unity3D/gabriele/Animal-AI/models_arenas/arenas_paper/box_reason_1/c2_0440.yaml,2.996000051498413,620,0,0,0,2.7553086,0.0
2.996,166,66290.642482,2.996000051498413,3,1000,/workspace7/Unity3D/gabriele/Animal-AI/models_arenas/arenas_paper/box_reason_1/c2_0530.yaml,2.996000051498413,331,0,0,0,2.9315224,0.0
2.996,182,66300.649898,2.996000051498413,3,1000,/workspace7/Unity3D/gabriele/Animal-AI/models_arenas/arenas_paper/box_reason_1/c2_0303.yaml,2.996000051498413,364,0,0,0,2.816686,0.0
2.996,209,66307.536971,2.996000051498413,3,1000,/workspace7/Unity3D/gabriele/Animal-AI/models_arenas/arenas_paper/box_reason_1/c2_0603.yaml,2.996000051498413,417,0,0,0,2.0620973,0.0
2.996,497,66324.347615,2.996000051498413,3,1000,/workspace7/Unity3D/gabriele/Animal-AI/models_arenas/arenas_paper/box_reason_1/c2_0048.yaml,2.996000051498413,993,0,0,0,2.8530138,0.0
2.996,357,66339.916046,2.996000051498413,3,1000,/workspace7/Unity3D/gabriele/Animal-AI/models_arenas/arenas_paper/box_reason_1/c2_0713.yaml,2.996000051498413,714,0,0,0,2.6000648,0.0
2.996,115,66343.470932,2.996000051498413,3,1000,/workspace7/Unity3D/gabriele/Animal-AI/models_arenas/arenas_paper/box_reason_1/c2_0215.yaml,2.996000051498413,230,0,0,0,2.6458297,0.0
2.996,209,66349.671196,2.996000051498413,3,1000,/workspace7/Unity3D/gabriele/Animal-AI/models_arenas/arenas_paper/box_reason_1/c2_0860.yaml,0,0,0,0,0,0.0,0.0
2.996,160,66355.055796,2.996000051498413,3,1000,/workspace7/Unity3D/gabriele/Animal-AI/models_arenas/arenas_paper/box_reason_1/c2_0528.yaml,2.996000051498413,319,0,0,0,3.0226579,0.0
2.996,125,66359.20079,2.996000051498413,3,1000,/workspace7/Unity3D/gabriele/Animal-AI/models_arenas/arenas_paper/box_reason_1/c2_0552.yaml,2.996000051498413,249,0,0,0,3.3699849,0.0
0.0,501,66379.797395,0,3,1000,/workspace7/Unity3D/gabriele/Animal-AI/models_arenas/arenas_paper/box_reason_1/c2_0242.yaml,0,1001,0,0,0,3.080014,0.0
2.996,182,66385.625886,2.996000051498413,3,1000,/workspace7/Unity3D/gabriele/Animal-AI/models_arenas/arenas_paper/box_reason_1/c2_0498.yaml,0,0,0,0,0,0.0,0.0
2.996,147,66390.570561,2.996000051498413,3,1000,/workspace7/Unity3D/gabriele/Animal-AI/models_arenas/arenas_paper/box_reason_1/c2_0742.yaml,2.996000051498413,293,0,0,0,2.756398,0.0
0.0,501,66411.268932,0,3,1000,/workspace7/Unity3D/gabriele/Animal-AI/models_arenas/arenas_paper/box_reason_1/c2_0830.yaml,0,1001,0,0,0,2.2138321,0.0
0.0,501,66428.238095,0,3,1000,/workspace7/Unity3D/gabriele/Animal-AI/models_arenas/arenas_paper/box_reason_1/c2_0103.yaml,0,1001,0,0,0,1.2112192,0.0
2.996,299,66438.82506,2.996000051498413,3,1000,/workspace7/Unity3D/gabriele/Animal-AI/models_arenas/arenas_paper/box_reason_1/c2_0485.yaml,2.996000051498413,597,0,0,0,3.1908543,0.0
0.0,501,66461.05968,0,3,1000,/workspace7/Unity3D/gabriele/Animal-AI/models_arenas/arenas_paper/box_reason_1/c2_0878.yaml,0,1001,0,0,0,1.596734,0.0
2.996,114,66465.126524,2.996000051498413,3,1000,/workspace7/Unity3D/gabriele/Animal-AI/models_arenas/arenas_paper/box_reason_1/c2_0754.yaml,2.996000051498413,227,0,0,0,2.7937067,0.0
0.0,501,66481.616021,0,3,1000,/workspace7/Unity3D/gabriele/Animal-AI/models_arenas/arenas_paper/box_reason_1/c2_0835.yaml,0,1001,0,0,0,1.2113339,0.0
0.0,501,66501.481387,0,3,1000,/workspace7/Unity3D/gabriele/Animal-AI/models_arenas/arenas_paper/box_reason_1/c2_0040.yaml,0,1001,0,0,0,1.5263865,0.0
0.0,501,66518.377545,0,3,1000,/workspace7/Unity3D/gabriele/Animal-AI/models_arenas/arenas_paper/box_reason_1/c2_0021.yaml,0,1001,0,0,0,2.3703043,0.0
0.0,501,66539.404341,0,3,1000,/workspace7/Unity3D/gabriele/Animal-AI/models_arenas/arenas_paper/box_reason_1/c2_0524.yaml,0,1001,0,0,0,1.1499636,0.0
2.996,186,66545.452486,2.996000051498413,3,1000,/workspace7/Unity3D/gabriele/Animal-AI/models_arenas/arenas_paper/box_reason_1/c2_0695.yaml,0,0,0,0,0,0.0,0.0
0.0,501,66565.401032,0,3,1000,/workspace7/Unity3D/gabriele/Animal-AI/models_arenas/arenas_paper/box_reason_1/c2_0384.yaml,0,1001,0,0,0,2.3075938,0.0
2.996,445,66579.612466,2.996000051498413,3,1000,/workspace7/Unity3D/gabriele/Animal-AI/models_arenas/arenas_paper/box_reason_1/c2_0892.yaml,2.996000051498413,889,0,0,0,3.1888618,0.0
2.996,182,66585.326585,2.996000051498413,3,1000,/workspace7/Unity3D/gabriele/Animal-AI/models_arenas/arenas_paper/box_reason_1/c2_0758.yaml,0,0,0,0,0,0.0,0.0
2.996,291,66598.574005,2.996000051498413,3,1000,/workspace7/Unity3D/gabriele/Animal-AI/models_arenas/arenas_paper/box_reason_1/c2_0501.yaml,2.996000051498413,582,0,0,0,3.252733,0.0
2.996,197,66605.089475,2.996000051498413,3,1000,/workspace7/Unity3D/gabriele/Animal-AI/models_arenas/arenas_paper/box_reason_1/c2_0221.yaml,2.996000051498413,393,0,0,0,3.0096707,0.0
0.0,501,66621.645782,0,3,1000,/workspace7/Unity3D/gabriele/Animal-AI/models_arenas/arenas_paper/box_reason_1/c2_0930.yaml,0,1001,0,0,0,1.685694,0.0
2.996,147,66626.572775,2.996000051498413,3,1000,/workspace7/Unity3D/gabriele/Animal-AI/models_arenas/arenas_paper/box_reason_1/c2_0765.yaml,2.996000051498413,294,0,0,0,3.1669316,0.0
2.996,259,66638.470354,2.996000051498413,3,1000,/workspace7/Unity3D/gabriele/Animal-AI/models_arenas/arenas_paper/box_reason_1/c2_0158.yaml,2.996000051498413,517,0,0,0,3.239295,0.0
2.996,171,66644.24388,2.996000051498413,3,1000,/workspace7/Unity3D/gabriele/Animal-AI/models_arenas/arenas_paper/box_reason_1/c2_0267.yaml,2.996000051498413,342,0,0,0,3.0777643,0.0
0.0,501,66660.693518,0,3,1000,/workspace7/Unity3D/gabriele/Animal-AI/models_arenas/arenas_paper/box_reason_1/c2_0547.yaml,0,1001,0,0,0,2.9780736,0.0
2.996,206,66671.253994,2.996000051498413,3,1000,/workspace7/Unity3D/gabriele/Animal-AI/models_arenas/arenas_paper/box_reason_1/c2_0404.yaml,0,0,0,0,0,0.0,0.0
2.996,223,66679.118287,2.996000051498413,3,1000,/workspace7/Unity3D/gabriele/Animal-AI/models_arenas/arenas_paper/box_reason_1/c2_0335.yaml,2.996000051498413,445,0,0,0,3.1827583,0.0
0.0,501,66694.638747,0,3,1000,/workspace7/Unity3D/gabriele/Animal-AI/models_arenas/arenas_paper/box_reason_1/c2_0839.yaml,0,1001,0,0,0,1.591796,0.0
0.0,501,66713.936127,0,3,1000,/workspace7/Unity3D/gabriele/Animal-AI/models_arenas/arenas_paper/box_reason_1/c2_0174.yaml,0,1001,0,0,0,1.2412238,0.0
2.996,182,66720.096882,2.996000051498413,3,1000,/workspace7/Unity3D/gabriele/Animal-AI/models_arenas/arenas_paper/box_reason_1/c2_0178.yaml,0,0,0,0,0,0.0,0.0
2.996,142,66725.04041,2.996000051498413,3,1000,/workspace7/Unity3D/gabriele/Animal-AI/models_arenas/arenas_paper/box_reason_1/c2_0639.yaml,2.996000051498413,284,0,0,0,3.2531114,0.0
0.0,501,66745.934591,0,3,1000,/workspace7/Unity3D/gabriele/Animal-AI/models_arenas/arenas_paper/box_reason_1/c2_0513.yaml,0,1001,0,0,0,2.496892,0.0
0.0,501,66762.153435,0,3,1000,/workspace7/Unity3D/gabriele/Animal-AI/models_arenas/arenas_paper/box_reason_1/c2_0913.yaml,0,1001,0,0,0,2.185577,0.0
2.996,380,66774.251046,2.996000051498413,3,1000,/workspace7/Unity3D/gabriele/Animal-AI/models_arenas/arenas_paper/box_reason_1/c2_0669.yaml,2.996000051498413,760,0,0,0,3.1875348,0.0
2.996,420,66791.860401,2.996000051498413,3,1000,/workspace7/Unity3D/gabriele/Animal-AI/models_arenas/arenas_paper/box_reason_1/c2_0268.yaml,2.996000051498413,839,0,0,0,2.7200465,0.0
0.0,501,66809.191748,0,3,1000,/workspace7/Unity3D/gabriele/Animal-AI/models_arenas/arenas_paper/box_reason_1/c2_0935.yaml,0,1001,0,0,0,2.214005,0.0
2.996,112,66812.94942,2.996000051498413,3,1000,/workspace7/Unity3D/gabriele/Animal-AI/models_arenas/arenas_paper/box_reason_1/c2_0144.yaml,2.996000051498413,223,0,0,0,2.43462,0.0
2.996,491,66832.88122,2.996000051498413,3,1000,/workspace7/Unity3D/gabriele/Animal-AI/models_arenas/arenas_paper/box_reason_1/c2_0775.yaml,2.996000051498413,981,0,0,0,2.9092827,0.0
2.996,124,66837.26529,2.996000051498413,3,1000,/workspace7/Unity3D/gabriele/Animal-AI/models_arenas/arenas_paper/box_reason_1/c2_0095.yaml,2.996000051498413,247,0,0,0,3.1419237,0.0
2.996,351,66849.594676,2.996000051498413,3,1000,/workspace7/Unity3D/gabriele/Animal-AI/models_arenas/arenas_paper/box_reason_1/c2_0307.yaml,2.996000051498413,701,0,0,0,3.2395725,0.0
2.996,166,66858.852667,2.996000051498413,3,1000,/workspace7/Unity3D/gabriele/Animal-AI/models_arenas/arenas_paper/box_reason_1/c2_0450.yaml,0,0,0,0,0,0.0,0.0
0.0,501,66876.26001,0,3,1000,/workspace7/Unity3D/gabriele/Animal-AI/models_arenas/arenas_paper/box_reason_1/c2_0460.yaml,0,1001,0,0,0,1.7577828,0.0
2.996,197,66882.899368,2.996000051498413,3,1000,/workspace7/Unity3D/gabriele/Animal-AI/models_arenas/arenas_paper/box_reason_1/c2_0492.yaml,2.996000051498413,394,0,0,0,2.9385116,0.0
2.996,485,66903.367912,2.996000051498413,3,1000,/workspace7/Unity3D/gabriele/Animal-AI/models_arenas/arenas_paper/box_reason_1/c2_0170.yaml,2.996000051498413,969,0,0,0,2.8205743,0.0
0.0,501,66920.489551,0,3,1000,/workspace7/Unity3D/gabriele/Animal-AI/models_arenas/arenas_paper/box_reason_1/c2_0349.yaml,0,1001,0,0,0,1.4890938,0.0
2.996,110,66924.393754,2.996000051498413,3,1000,/workspace7/Unity3D/gabriele/Animal-AI/models_arenas/arenas_paper/box_reason_1/c2_0534.yaml,2.996000051498413,219,0,0,0,3.2545066,0.0
2.996,138,66932.888452,2.996000051498413,3,1000,/workspace7/Unity3D/gabriele/Animal-AI/models_arenas/arenas_paper/box_reason_1/c2_0864.yaml,2.996000051498413,276,0,0,0,3.3906465,0.0
2.996,318,66944.039411,2.996000051498413,3,1000,/workspace7/Unity3D/gabriele/Animal-AI/models_arenas/arenas_paper/box_reason_1/c2_0538.yaml,2.996000051498413,636,0,0,0,3.0269983,0.0
2.996,327,66954.827361,2.996000051498413,3,1000,/workspace7/Unity3D/gabriele/Animal-AI/models_arenas/arenas_paper/box_reason_1/c2_0126.yaml,2.996000051498413,654,0,0,0,2.453247,0.0
2.996,179,66960.555332,2.996000051498413,3,1000,/workspace7/Unity3D/gabriele/Animal-AI/models_arenas/arenas_paper/box_reason_1/c2_0389.yaml,2.996000051498413,357,0,0,0,3.132991,0.0
0.0,501,66980.800327,0,3,1000,/workspace7/Unity3D/gabriele/Animal-AI/models_arenas/arenas_paper/box_reason_1/c2_0785.yaml,0,1001,0,0,0,2.2332127,0.0
0.0,501,66998.312915,0,3,1000,/workspace7/Unity3D/gabriele/Animal-AI/models_arenas/arenas_paper/box_reason_1/c2_0302.yaml,0,1001,0,0,0,1.6380111,0.0
0.0,501,67018.170931,0,3,1000,/workspace7/Unity3D/gabriele/Animal-AI/models_arenas/arenas_paper/box_reason_1/c2_0048.yaml,0,1001,0,0,0,1.8916117,0.0
2.996,119,67021.963298,2.996000051498413,3,1000,/workspace7/Unity3D/gabriele/Animal-AI/models_arenas/arenas_paper/box_reason_1/c2_0159.yaml,2.996000051498413,238,0,0,0,3.1824093,0.0
2.996,412,67035.895726,2.996000051498413,3,1000,/workspace7/Unity3D/gabriele/Animal-AI/models_arenas/arenas_paper/box_reason_1/c2_0503.yaml,2.996000051498413,823,0,0,0,3.3712296,0.0
2.996,166,67044.835696,2.996000051498413,3,1000,/workspace7/Unity3D/gabriele/Animal-AI/models_arenas/arenas_paper/box_reason_1/c2_0592.yaml,2.996000051498413,331,0,0,0,2.5836773,0.0
2.996,258,67053.053779,2.996000051498413,3,1000,/workspace7/Unity3D/gabriele/Animal-AI/models_arenas/arenas_paper/box_reason_1/c2_0361.yaml,2.996000051498413,515,0,0,0,2.9160414,0.0
2.996,427,67067.386965,2.996000051498413,3,1000,/workspace7/Unity3D/gabriele/Animal-AI/models_arenas/arenas_paper/box_reason_1/c2_0071.yaml,2.996000051498413,854,0,0,0,2.8129272,0.0
2.996,101,67070.799047,2.996000051498413,3,1000,/workspace7/Unity3D/gabriele/Animal-AI/models_arenas/arenas_paper/box_reason_1/c2_0161.yaml,0,0,0,0,0,0.0,0.0
0.0,501,67091.679309,0,3,1000,/workspace7/Unity3D/gabriele/Animal-AI/models_arenas/arenas_paper/box_reason_1/c2_0266.yaml,0,1001,0,0,0,1.3382945,0.0
2.996,299,67101.03985,2.996000051498413,3,1000,/workspace7/Unity3D/gabriele/Animal-AI/models_arenas/arenas_paper/box_reason_1/c2_0395.yaml,0,0,0,0,0,0.0,0.0
0.0,501,67121.325227,0,3,1000,/workspace7/Unity3D/gabriele/Animal-AI/models_arenas/arenas_paper/box_reason_1/c2_0288.yaml,0,1001,0,0,0,1.40943,0.0
0.0,501,67138.697009,0,3,1000,/workspace7/Unity3D/gabriele/Animal-AI/models_arenas/arenas_paper/box_reason_1/c2_0473.yaml,0,1001,0,0,0,2.201838,0.0
2.996,398,67155.864832,2.996000051498413,3,1000,/workspace7/Unity3D/gabriele/Animal-AI/models_arenas/arenas_paper/box_reason_1/c2_0259.yaml,2.996000051498413,796,0,0,0,3.183651,0.0
0.0,501,67171.853978,0,3,1000,/workspace7/Unity3D/gabriele/Animal-AI/models_arenas/arenas_paper/box_reason_1/c2_0176.yaml,0,1001,0,0,0,2.0887368,0.0
0.0,501,67191.484367,0,3,1000,/workspace7/Unity3D/gabriele/Animal-AI/models_arenas/arenas_paper/box_reason_1/c2_0240.yaml,0,1001,0,0,0,1.8177296,0.0
0.0,501,67207.769582,0,3,1000,/workspace7/Unity3D/gabriele/Animal-AI/models_arenas/arenas_paper/box_reason_1/c2_0146.yaml,0,1001,0,0,0,2.1860547,0.0
0.0,501,67228.109975,0,3,1000,/workspace7/Unity3D/gabriele/Animal-AI/models_arenas/arenas_paper/box_reason_1/c2_0618.yaml,0,1001,0,0,0,1.530253,0.0
2.996,296,67237.788903,2.996000051498413,3,1000,/workspace7/Unity3D/gabriele/Animal-AI/models_arenas/arenas_paper/box_reason_1/c2_0130.yaml,0,0,0,0,0,0.0,0.0
2.996,164,67243.391263,2.996000051498413,3,1000,/workspace7/Unity3D/gabriele/Animal-AI/models_arenas/arenas_paper/box_reason_1/c2_0080.yaml,2.996000051498413,327,0,0,0,3.4592814,0.0
2.996,499,67263.312427,2.996000051498413,3,1000,/workspace7/Unity3D/gabriele/Animal-AI/models_arenas/arenas_paper/box_reason_1/c2_0121.yaml,2.996000051498413,998,0,0,0,3.3005445,0.0
0.0,501,67279.690079,0,3,1000,/workspace7/Unity3D/gabriele/Animal-AI/models_arenas/arenas_paper/box_reason_1/c2_0936.yaml,0,1001,0,0,0,2.0507345,0.0
2.996,263,67288.386068,2.996000051498413,3,1000,/workspace7/Unity3D/gabriele/Animal-AI/models_arenas/arenas_paper/box_reason_1/c2_0897.yaml,2.996000051498413,525,0,0,0,3.3930666,0.0
2.996,156,67293.793032,2.996000051498413,3,1000,/workspace7/Unity3D/gabriele/Animal-AI/models_arenas/arenas_paper/box_reason_1/c2_0141.yaml,2.996000051498413,312,0,0,0,3.0699713,0.0
2.996,150,67302.352018,2.996000051498413,3,1000,/workspace7/Unity3D/gabriele/Animal-AI/models_arenas/arenas_paper/box_reason_1/c2_0020.yaml,2.996000051498413,299,0,0,0,2.9581957,0.0
2.996,171,67308.115835,2.996000051498413,3,1000,/workspace7/Unity3D/gabriele/Animal-AI/models_arenas/arenas_paper/box_reason_1/c2_0671.yaml,2.996000051498413,342,0,0,0,3.3604236,0.0
0.0,501,67325.065691,0,3,1000,/workspace7/Unity3D/gabriele/Animal-AI/models_arenas/arenas_paper/box_reason_1/c2_0571.yaml,0,1001,0,0,0,3.5886087,0.0
0.0,501,67346.010153,0,3,1000,/workspace7/Unity3D/gabriele/Animal-AI/models_arenas/arenas_paper/box_reason_1/c2_0522.yaml,0,1001,0,0,0,2.1268108,0.0
0.0,501,67363.114731,0,3,1000,/workspace7/Unity3D/gabriele/Animal-AI/models_arenas/arenas_paper/box_reason_1/c2_0260.yaml,0,1001,0,0,0,2.7086198,0.0
2.996,185,67369.608263,2.996000051498413,3,1000,/workspace7/Unity3D/gabriele/Animal-AI/models_arenas/arenas_paper/box_reason_1/c2_0451.yaml,2.996000051498413,370,0,0,0,3.2670941,0.0
2.996,345,67384.192106,2.996000051498413,3,1000,/workspace7/Unity3D/gabriele/Animal-AI/models_arenas/arenas_paper/box_reason_1/c2_0369.yaml,2.996000051498413,690,0,0,0,3.178986,0.0
2.996,142,67389.098246,2.996000051498413,3,1000,/workspace7/Unity3D/gabriele/Animal-AI/models_arenas/arenas_paper/box_reason_1/c2_0961.yaml,2.996000051498413,284,0,0,0,3.2470024,0.0
0.0,501,67406.22393,0,3,1000,/workspace7/Unity3D/gabriele/Animal-AI/models_arenas/arenas_paper/box_reason_1/c2_0859.yaml,0,1001,0,0,0,2.40137,0.0
0.0,501,67426.85574,0,3,1000,/workspace7/Unity3D/gabriele/Animal-AI/models_arenas/arenas_paper/box_reason_1/c2_0495.yaml,0,1001,0,0,0,1.5326941,0.0
2.996,235,67434.214162,2.996000051498413,3,1000,/workspace7/Unity3D/gabriele/Animal-AI/models_arenas/arenas_paper/box_reason_1/c2_0059.yaml,2.996000051498413,470,0,0,0,3.3530192,0.0
2.996,232,67442.049408,2.996000051498413,3,1000,/workspace7/Unity3D/gabriele/Animal-AI/models_arenas/arenas_paper/box_reason_1/c2_0941.yaml,2.996000051498413,463,0,0,0,2.5739012,0.0
0.0,501,67462.465766,0,3,1000,/workspace7/Unity3D/gabriele/Animal-AI/models_arenas/arenas_paper/box_reason_1/c2_0165.yaml,0,1001,0,0,0,1.801376,0.0
2.996,214,67469.830442,2.996000051498413,3,1000,/workspace7/Unity3D/gabriele/Animal-AI/models_arenas/arenas_paper/box_reason_1/c2_0155.yaml,2.996000051498413,428,0,0,0,3.4359314,0.0
2.996,316,67480.760611,2.996000051498413,3,1000,/workspace7/Unity3D/gabriele/Animal-AI/models_arenas/arenas_paper/box_reason_1/c2_0170.yaml,2.996000051498413,631,0,0,0,2.7229104,0.0
2.996,184,67490.842251,2.996000051498413,3,1000,/workspace7/Unity3D/gabriele/Animal-AI/models_arenas/arenas_paper/box_reason_1/c2_0492.yaml,2.996000051498413,367,0,0,0,3.3249657,0.0
2.996,102,67494.42869,2.996000051498413,3,1000,/workspace7/Unity3D/gabriele/Animal-AI/models_arenas/arenas_paper/box_reason_1/c2_0624.yaml,2.996000051498413,204,0,0,0,3.2854962,0.0
2.996,139,67499.296898,2.996000051498413,3,1000,/workspace7/Unity3D/gabriele/Animal-AI/models_arenas/arenas_paper/box_reason_1/c2_0708.yaml,2.996000051498413,278,0,0,0,3.361792,0.0
2.996,499,67515.130173,2.996000051498413,3,1000,/workspace7/Unity3D/gabriele/Animal-AI/models_arenas/arenas_paper/box_reason_1/c2_0742.yaml,0,0,0,0,0,0.0,0.0
2.996,215,67526.084262,2.996000051498413,3,1000,/workspace7/Unity3D/gabriele/Animal-AI/models_arenas/arenas_paper/box_reason_1/c2_0325.yaml,2.996000051498413,429,0,0,0,3.1807795,0.0
0.0,501,67542.446574,0,3,1000,/workspace7/Unity3D/gabriele/Animal-AI/models_arenas/arenas_paper/box_reason_1/c2_0137.yaml,0,1001,0,0,0,1.7825149,0.0
2.996,165,67547.756964,2.996000051498413,3,1000,/workspace7/Unity3D/gabriele/Animal-AI/models_arenas/arenas_paper/box_reason_1/c2_0172.yaml,2.996000051498413,329,0,0,0,2.997415,0.0
2.996,112,67551.375141,2.996000051498413,3,1000,/workspace7/Unity3D/gabriele/Animal-AI/models_arenas/arenas_paper/box_reason_1/c2_0936.yaml,0,0,0,0,0,0.0,0.0
2.996,151,67560.113639,2.996000051498413,3,1000,/workspace7/Unity3D/gabriele/Animal-AI/models_arenas/arenas_paper/box_reason_1/c2_0646.yaml,2.996000051498413,301,0,0,0,3.371497,0.0
2.996,110,67563.643667,2.996000051498413,3,1000,/workspace7/Unity3D/gabriele/Animal-AI/models_arenas/arenas_paper/box_reason_1/c2_0576.yaml,0,0,0,0,0,0.0,0.0
0.0,501,67580.37208,0,3,1000,/workspace7/Unity3D/gabriele/Animal-AI/models_arenas/arenas_paper/box_reason_1/c2_0589.yaml,0,1001,0,0,0,1.6350228,0.0
2.996,387,67597.127951,2.996000051498413,3,1000,/workspace7/Unity3D/gabriele/Animal-AI/models_arenas/arenas_paper/box_reason_1/c2_0881.yaml,2.996000051498413,773,0,0,0,3.0180244,0.0
0.0,501,67614.062272,0,3,1000,/workspace7/Unity3D/gabriele/Animal-AI/models_arenas/arenas_paper/box_reason_1/c2_0498.yaml,0,1001,0,0,0,1.8239505,0.0
0.0,501,67634.254223,0,3,1000,/workspace7/Unity3D/gabriele/Animal-AI/models_arenas/arenas_paper/box_reason_1/c2_0444.yaml,0,1001,0,0,0,2.2772954,0.0
2.996,355,67645.977097,2.996000051498413,3,1000,/workspace7/Unity3D/gabriele/Animal-AI/models_arenas/arenas_paper/box_reason_1/c2_0620.yaml,2.996000051498413,710,0,0,0,3.038889,0.0
2.996,162,67651.674456,2.996000051498413,3,1000,/workspace7/Unity3D/gabriele/Animal-AI/models_arenas/arenas_paper/box_reason_1/c2_0197.yaml,2.996000051498413,324,0,0,0,3.055096,0.0
2.996,191,67658.258964,2.996000051498413,3,1000,/workspace7/Unity3D/gabriele/Animal-AI/models_arenas/arenas_paper/box_reason_1/c2_0702.yaml,2.996000051498413,382,0,0,0,3.1515136,0.0
0.0,501,67678.869679,0,3,1000,/workspace7/Unity3D/gabriele/Animal-AI/models_arenas/arenas_paper/box_reason_1/c2_0649.yaml,0,1001,0,0,0,2.8838315,0.0
0.0,501,67695.957073,0,3,1000,/workspace7/Unity3D/gabriele/Animal-AI/models_arenas/arenas_paper/box_reason_1/c2_0079.yaml,0,1001,0,0,0,1.4936258,0.0
2.996,165,67701.432097,2.996000051498413,3,1000,/workspace7/Unity3D/gabriele/Animal-AI/models_arenas/arenas_paper/box_reason_1/c2_0890.yaml,2.996000051498413,329,0,0,0,3.0565603,0.0
2.996,487,67721.239995,2.996000051498413,3,1000,/workspace7/Unity3D/gabriele/Animal-AI/models_arenas/arenas_paper/box_reason_1/c2_0470.yaml,2.996000051498413,974,0,0,0,2.805638,0.0
2.996,165,67726.510495,2.996000051498413,3,1000,/workspace7/Unity3D/gabriele/Animal-AI/models_arenas/arenas_paper/box_reason_1/c2_0357.yaml,0,0,0,0,0,0.0,0.0
2.996,261,67734.650056,2.996000051498413,3,1000,/workspace7/Unity3D/gabriele/Animal-AI/models_arenas/arenas_paper/box_reason_1/c2_0025.yaml,2.996000051498413,522,0,0,0,2.8919725,0.0
2.996,160,67740.060106,2.996000051498413,3,1000,/workspace7/Unity3D/gabriele/Animal-AI/models_arenas/arenas_paper/box_reason_1/c2_0902.yaml,2.996000051498413,319,0,0,0,3.1800601,0.0
2.996,353,67756.159609,2.996000051498413,3,1000,/workspace7/Unity3D/gabriele/Animal-AI/models_arenas/arenas_paper/box_reason_1/c2_0459.yaml,2.996000051498413,705,0,0,0,3.0275116,0.0
0.0,501,67772.650491,0,3,1000,/workspace7/Unity3D/gabriele/Animal-AI/models_arenas/arenas_paper/box_reason_1/c2_0185.yaml,0,1001,0,0,0,2.8942306,0.0
2.996,137,67776.820702,2.996000051498413,3,1000,/workspace7/Unity3D/gabriele/Animal-AI/models_arenas/arenas_paper/box_reason_1/c2_0358.yaml,2.996000051498413,274,0,0,0,3.2360287,0.0
2.996,177,67786.149773,2.996000051498413,3,1000,/workspace7/Unity3D/gabriele/Animal-AI/models_arenas/arenas_paper/box_reason_1/c2_0576.yaml,2.996000051498413,353,0,0,0,3.1652699,0.0
0.0,501,67803.314998,0,3,1000,/workspace7/Unity3D/gabriele/Animal-AI/models_arenas/arenas_paper/box_reason_1/c2_0144.yaml,0,1001,0,0,0,2.616706,0.0
2.996,172,67809.072543,2.996000051498413,3,1000,/workspace7/Unity3D/gabriele/Animal-AI/models_arenas/arenas_paper/box_reason_1/c2_0274.yaml,2.996000051498413,344,0,0,0,3.085096,0.0
2.996,391,67826.254719,2.996000051498413,3,1000,/workspace7/Unity3D/gabriele/Animal-AI/models_arenas/arenas_paper/box_reason_1/c2_0430.yaml,2.996000051498413,782,0,0,0,3.03011,0.0
2.996,129,67830.709655,2.996000051498413,3,1000,/workspace7/Unity3D/gabriele/Animal-AI/models_arenas/arenas_paper/box_reason_1/c2_0373.yaml,2.996000051498413,258,0,0,0,2.4237123,0.0
2.996,191,67836.3853,2.996000051498413,3,1000,/workspace7/Unity3D/gabriele/Animal-AI/models_arenas/arenas_paper/box_reason_1/c2_0882.yaml,0,0,0,0,0,0.0,0.0
2.996,93,67839.473123,2.996000051498413,3,1000,/workspace7/Unity3D/gabriele/Animal-AI/models_arenas/arenas_paper/box_reason_1/c2_0307.yaml,2.996000051498413,185,0,0,0,3.2581449,0.0
2.996,358,67851.72672,2.996000051498413,3,1000,/workspace7/Unity3D/gabriele/Animal-AI/models_arenas/arenas_paper/box_reason_1/c2_0532.yaml,2.996000051498413,715,0,0,0,2.9905806,0.0
2.996,414,67869.56076,2.996000051498413,3,1000,/workspace7/Unity3D/gabriele/Animal-AI/models_arenas/arenas_paper/box_reason_1/c2_0548.yaml,2.996000051498413,828,0,0,0,2.9211802,0.0
2.996,361,67881.43413,2.996000051498413,3,1000,/workspace7/Unity3D/gabriele/Animal-AI/models_arenas/arenas_paper/box_reason_1/c2_0998.yaml,2.996000051498413,721,0,0,0,3.0093393,0.0
2.996,354,67897.033114,2.996000051498413,3,1000,/workspace7/Unity3D/gabriele/Animal-AI/models_arenas/arenas_paper/box_reason_1/c2_0677.yaml,2.996000051498413,707,0,0,0,3.089235,0.0
2.996,309,67907.487709,2.996000051498413,3,1000,/workspace7/Unity3D/gabriele/Animal-AI/models_arenas/arenas_paper/box_reason_1/c2_0735.yaml,2.996000051498413,618,0,0,0,3.024843,0.0
2.996,143,67912.307446,2.996000051498413,3,1000,/workspace7/Unity3D/gabriele/Animal-AI/models_arenas/arenas_paper/box_reason_1/c2_0102.yaml,2.996000051498413,286,0,0,0,3.3464813,0.0
0.0,501,67932.068509,0,3,1000,/workspace7/Unity3D/gabriele/Animal-AI/models_arenas/arenas_paper/box_reason_1/c2_0348.yaml,0,1001,0,0,0,3.0051844,0.0
2.996,182,67937.874331,2.996000051498413,3,1000,/workspace7/Unity3D/gabriele/Animal-AI/models_arenas/arenas_paper/box_reason_1/c2_0753.yaml,2.996000051498413,363,0,0,0,3.1348991,0.0
2.996,414,67951.56391,2.996000051498413,3,1000,/workspace7/Unity3D/gabriele/Animal-AI/models_arenas/arenas_paper/box_reason_1/c2_0364.yaml,0,0,0,0,0,0.0,0.0
2.996,136,67956.008003,2.996000051498413,3,1000,/workspace7/Unity3D/gabriele/Animal-AI/models_arenas/arenas_paper/box_reason_1/c2_0605.yaml,2.996000051498413,272,0,0,0,2.9639335,0.0
2.996,300,67970.106654,2.996000051498413,3,1000,/workspace7/Unity3D/gabriele/Animal-AI/models_arenas/arenas_paper/box_reason_1/c2_0168.yaml,2.996000051498413,599,0,0,0,3.1202068,0.0
2.996,448,67985.003303,2.996000051498413,3,1000,/workspace7/Unity3D/gabriele/Animal-AI/models_arenas/arenas_paper/box_reason_1/c2_0634.yaml,2.996000051498413,896,0,0,0,3.3024843,0.0
2.996,417,67999.600871,2.996000051498413,3,1000,/workspace7/Unity3D/gabriele/Animal-AI/models_arenas/arenas_paper/box_reason_1/c2_0575.yaml,2.996000051498413,833,0,0,0,3.2839987,0.0
2.996,355,68014.745662,2.996000051498413,3,1000,/workspace7/Unity3D/gabriele/Animal-AI/models_arenas/arenas_paper/box_reason_1/c2_0922.yaml,0,0,0,0,0,0.0,0.0
2.996,478,68031.294608,2.996000051498413,3,1000,/workspace7/Unity3D/gabriele/Animal-AI/models_arenas/arenas_paper/box_reason_1/c2_0364.yaml,2.996000051498413,955,0,0,0,3.2986374,0.0
0.0,501,68050.259204,0,3,1000,/workspace7/Unity3D/gabriele/Animal-AI/models_arenas/arenas_paper/box_reason_1/c2_0997.yaml,0,1001,0,0,0,1.7266122,0.0
2.996,257,68058.761144,2.996000051498413,3,1000,/workspace7/Unity3D/gabriele/Animal-AI/models_arenas/arenas_paper/box_reason_1/c2_0198.yaml,2.996000051498413,514,0,0,0,2.968446,0.0
2.996,281,68068.152797,2.996000051498413,3,1000,/workspace7/Unity3D/gabriele/Animal-AI/models_arenas/arenas_paper/box_reason_1/c2_0796.yaml,2.996000051498413,562,0,0,0,3.0245593,0.0
2.996,143,68072.786359,2.996000051498413,3,1000,/workspace7/Unity3D/gabriele/Animal-AI/models_arenas/arenas_paper/box_reason_1/c2_0783.yaml,0,0,0,0,0,0.0,0.0
0.0,501,68093.550317,0,3,1000,/workspace7/Unity3D/gabriele/Animal-AI/models_arenas/arenas_paper/box_reason_1/c2_0347.yaml,0,1001,0,0,0,2.1554499,0.0
0.0,501,68110.914009,0,3,1000,/workspace7/Unity3D/gabriele/Animal-AI/models_arenas/arenas_paper/box_reason_1/c2_0049.yaml,0,1001,0,0,0,2.5331216,0.0
2.996,309,68125.431731,2.996000051498413,3,1000,/workspace7/Unity3D/gabriele/Animal-AI/models_arenas/arenas_paper/box_reason_1/c2_0237.yaml,2.996000051498413,617,0,0,0,3.0800507,0.0
2.996,246,68133.979754,2.996000051498413,3,1000,/workspace7/Unity3D/gabriele/Animal-AI/models_arenas/arenas_paper/box_reason_1/c2_0249.yaml,2.996000051498413,492,0,0,0,2.998455,0.0
2.996,109,68137.480414,2.996000051498413,3,1000,/workspace7/Unity3D/gabriele/Animal-AI/models_arenas/arenas_paper/box_reason_1/c2_0112.yaml,2.996000051498413,218,0,0,0,3.1438217,0.0
2.996,190,68143.786843,2.996000051498413,3,1000,/workspace7/Unity3D/gabriele/Animal-AI/models_arenas/arenas_paper/box_reason_1/c2_0646.yaml,2.996000051498413,380,0,0,0,2.8149784,0.0
2.996,143,68148.265901,2.996000051498413,3,1000,/workspace7/Unity3D/gabriele/Animal-AI/models_arenas/arenas_paper/box_reason_1/c2_0211.yaml,0,0,0,0,0,0.0,0.0
2.996,246,68160.135149,2.996000051498413,3,1000,/workspace7/Unity3D/gabriele/Animal-AI/models_arenas/arenas_paper/box_reason_1/c2_0904.yaml,0,0,0,0,0,0.0,0.0
0.0,501,68177.621865,0,3,1000,/workspace7/Unity3D/gabriele/Animal-AI/models_arenas/arenas_paper/box_reason_1/c2_0539.yaml,0,1001,0,0,0,2.1526377,0.0
2.996,93,68180.665604,2.996000051498413,3,1000,/workspace7/Unity3D/gabriele/Animal-AI/models_arenas/arenas_paper/box_reason_1/c2_0819.yaml,0,0,0,0,0,0.0,0.0
2.996,269,68192.432237,2.996000051498413,3,1000,/workspace7/Unity3D/gabriele/Animal-AI/models_arenas/arenas_paper/box_reason_1/c2_0811.yaml,2.996000051498413,538,0,0,0,2.3471308,0.0
0.0,501,68208.133592,0,3,1000,/workspace7/Unity3D/gabriele/Animal-AI/models_arenas/arenas_paper/box_reason_1/c2_0966.yaml,0,1001,0,0,0,1.5612465,0.0
2.996,195,68214.839171,2.996000051498413,3,1000,/workspace7/Unity3D/gabriele/Animal-AI/models_arenas/arenas_paper/box_reason_1/c2_0154.yaml,2.996000051498413,390,0,0,0,3.1193175,0.0
2.996,476,68234.005569,2.996000051498413,3,1000,/workspace7/Unity3D/gabriele/Animal-AI/models_arenas/arenas_paper/box_reason_1/c2_0653.yaml,2.996000051498413,952,0,0,0,2.9777837,0.0
2.996,126,68238.198382,2.996000051498413,3,1000,/workspace7/Unity3D/gabriele/Animal-AI/models_arenas/arenas_paper/box_reason_1/c2_0647.yaml,2.996000051498413,251,0,0,0,3.261876,0.0
2.996,341,68249.951891,2.996000051498413,3,1000,/workspace7/Unity3D/gabriele/Animal-AI/models_arenas/arenas_paper/box_reason_1/c2_0862.yaml,2.996000051498413,682,0,0,0,3.051999,0.0
2.996,177,68256.373227,2.996000051498413,3,1000,/workspace7/Unity3D/gabriele/Animal-AI/models_arenas/arenas_paper/box_reason_1/c2_0569.yaml,2.996000051498413,354,0,0,0,3.2349806,0.0
2.996,114,68264.867038,2.996000051498413,3,1000,/workspace7/Unity3D/gabriele/Animal-AI/models_arenas/arenas_paper/box_reason_1/c2_0085.yaml,2.996000051498413,228,0,0,0,2.9449391,0.0
2.996,298,68275.286584,2.996000051498413,3,1000,/workspace7/Unity3D/gabriele/Animal-AI/models_arenas/arenas_paper/box_reason_1/c2_0135.yaml,2.996000051498413,595,0,0,0,2.8138504,0.0
2.996,200,68282.185484,2.996000051498413,3,1000,/workspace7/Unity3D/gabriele/Animal-AI/models_arenas/arenas_paper/box_reason_1/c2_0101.yaml,2.996000051498413,400,0,0,0,2.8348308,0.0
2.996,354,68293.34992,2.996000051498413,3,1000,/workspace7/Unity3D/gabriele/Animal-AI/models_arenas/arenas_paper/box_reason_1/c2_0416.yaml,2.996000051498413,708,0,0,0,3.128431,0.0
0.0,501,68314.095946,0,3,1000,/workspace7/Unity3D/gabriele/Animal-AI/models_arenas/arenas_paper/box_reason_1/c2_0060.yaml,0,1001,0,0,0,1.735177,0.0
2.996,415,68327.930828,2.996000051498413,3,1000,/workspace7/Unity3D/gabriele/Animal-AI/models_arenas/arenas_paper/box_reason_1/c2_0643.yaml,2.996000051498413,829,0,0,0,3.129858,0.0
0.0,501,68348.939694,0,3,1000,/workspace7/Unity3D/gabriele/Animal-AI/models_arenas/arenas_paper/box_reason_1/c2_0018.yaml,0,1001,0,0,0,2.2563365,0.0
2.996,132,68353.581197,2.996000051498413,3,1000,/workspace7/Unity3D/gabriele/Animal-AI/models_arenas/arenas_paper/box_reason_1/c2_0724.yaml,2.996000051498413,263,0,0,0,3.1759226,0.0
0.0,501,68370.608227,0,3,1000,/workspace7/Unity3D/gabriele/Animal-AI/models_arenas/arenas_paper/box_reason_1/c2_0171.yaml,0,1001,0,0,0,1.9404299,0.0
2.996,143,68378.784822,2.996000051498413,3,1000,/workspace7/Unity3D/gabriele/Animal-AI/models_arenas/arenas_paper/box_reason_1/c2_0079.yaml,0,0,0,0,0,0.0,0.0
2.996,300,68388.765883,2.996000051498413,3,1000,/workspace7/Unity3D/gabriele/Animal-AI/models_arenas/arenas_paper/box_reason_1/c2_0090.yaml,2.996000051498413,599,0,0,0,2.959737,0.0
2.996,339,68400.332687,2.996000051498413,3,1000,/workspace7/Unity3D/gabriele/Animal-AI/models_arenas/arenas_paper/box_reason_1/c2_0892.yaml,2.996000051498413,678,0,0,0,3.1601238,0.0
0.0,501,68421.347348,0,3,1000,/workspace7/Unity3D/gabriele/Animal-AI/models_arenas/arenas_paper/box_reason_1/c2_0706.yaml,0,1001,0,0,0,1.8480755,0.0
2.996,261,68428.962487,2.996000051498413,3,1000,/workspace7/Unity3D/gabriele/Animal-AI/models_arenas/arenas_paper/box_reason_1/c2_0483.yaml,0,0,0,0,0,0.0,0.0
2.996,151,68433.99046,2.996000051498413,3,1000,/workspace7/Unity3D/gabriele/Animal-AI/models_arenas/arenas_paper/box_reason_1/c2_0982.yaml,2.996000051498413,302,0,0,0,2.7564049,0.0
0.0,501,68454.781453,0,3,1000,/workspace7/Unity3D/gabriele/Animal-AI/models_arenas/arenas_paper/box_reason_1/c2_0134.yaml,0,1001,0,0,0,2.7619133,0.0
2.996,375,68467.919455,2.996000051498413,3,1000,/workspace7/Unity3D/gabriele/Animal-AI/models_arenas/arenas_paper/box_reason_1/c2_0491.yaml,2.996000051498413,749,0,0,0,2.8934982,0.0
0.0,501,68485.513626,0,3,1000,/workspace7/Unity3D/gabriele/Animal-AI/models_arenas/arenas_paper/box_reason_1/c2_0846.yaml,0,1001,0,0,0,2.2828112,0.0
2.996,453,68504.377731,2.996000051498413,3,1000,/workspace7/Unity3D/gabriele/Animal-AI/models_arenas/arenas_paper/box_reason_1/c2_0119.yaml,2.996000051498413,905,0,0,0,2.7657857,0.0
2.996,360,68516.211702,2.996000051498413,3,1000,/workspace7/Unity3D/gabriele/Animal-AI/models_arenas/arenas_paper/box_reason_1/c2_0094.yaml,2.996000051498413,719,0,0,0,3.0277395,0.0
0.0,501,68537.223652,0,3,1000,/workspace7/Unity3D/gabriele/Animal-AI/models_arenas/arenas_paper/box_reason_1/c2_0854.yaml,0,1001,0,0,0,2.8003535,0.0
0.0,501,68554.852476,0,3,1000,/workspace7/Unity3D/gabriele/Animal-AI/models_arenas/arenas_paper/box_reason_1/c2_0780.yaml,0,1001,0,0,0,2.1465912,0.0
2.996,141,68559.637943,2.996000051498413,3,1000,/workspace7/Unity3D/gabriele/Animal-AI/models_arenas/arenas_paper/box_reason_1/c2_0344.yaml,2.996000051498413,281,0,0,0,3.1906385,0.0
0.0,501,68579.387815,0,3,1000,/workspace7/Unity3D/gabriele/Animal-AI/models_arenas/arenas_paper/box_reason_1/c2_0805.yaml,0,1001,0,0,0,2.5425854,0.0
0.0,501,68595.192608,0,3,1000,/workspace7/Unity3D/gabriele/Animal-AI/models_arenas/arenas_paper/box_reason_1/c2_0026.yaml,0,1001,0,0,0,2.3965793,0.0
0.0,501,68615.934309,0,3,1000,/workspace7/Unity3D/gabriele/Animal-AI/models_arenas/arenas_paper/box_reason_1/c2_0431.yaml,0,1001,0,0,0,2.0063248,0.0
2.996,126,68619.99311,2.996000051498413,3,1000,/workspace7/Unity3D/gabriele/Animal-AI/models_arenas/arenas_paper/box_reason_1/c2_0706.yaml,0,0,0,0,0,0.0,0.0
2.996,172,68625.911087,2.996000051498413,3,1000,/workspace7/Unity3D/gabriele/Animal-AI/models_arenas/arenas_paper/box_reason_1/c2_0492.yaml,2.996000051498413,344,0,0,0,3.1184022,0.0
2.996,364,68642.017121,2.996000051498413,3,1000,/workspace7/Unity3D/gabriele/Animal-AI/models_arenas/arenas_paper/box_reason_1/c2_0567.yaml,2.996000051498413,728,0,0,0,3.2796133,0.0
2.996,121,68646.172486,2.996000051498413,3,1000,/workspace7/Unity3D/gabriele/Animal-AI/models_arenas/arenas_paper/box_reason_1/c2_0112.yaml,2.996000051498413,242,0,0,0,3.2320964,0.0
0.0,501,68663.210397,0,3,1000,/workspace7/Unity3D/gabriele/Animal-AI/models_arenas/arenas_paper/box_reason_1/c2_0782.yaml,0,1001,0,0,0,2.2844276,0.0
0.0,501,68683.621396,0,3,1000,/workspace7/Unity3D/gabriele/Animal-AI/models_arenas/arenas_paper/box_reason_1/c2_0163.yaml,0,1001,0,0,0,1.7279116,0.0
2.996,338,68695.162418,2.996000051498413,3,1000,/workspace7/Unity3D/gabriele/Animal-AI/models_arenas/arenas_paper/box_reason_1/c2_0271.yaml,2.996000051498413,676,0,0,0,2.8939602,0.0
2.996,128,68699.365833,2.996000051498413,3,1000,/workspace7/Unity3D/gabriele/Animal-AI/models_arenas/arenas_paper/box_reason_1/c2_0931.yaml,2.996000051498413,256,0,0,0,3.2562344,0.0
2.996,302,68709.543699,2.996000051498413,3,1000,/workspace7/Unity3D/gabriele/Animal-AI/models_arenas/arenas_paper/box_reason_1/c2_0614.yaml,2.996000051498413,603,0,0,0,3.1726294,0.0
0.0,501,68730.613457,0,3,1000,/workspace7/Unity3D/gabriele/Animal-AI/models_arenas/arenas_paper/box_reason_1/c2_0957.yaml,0,1001,0,0,0,2.0992556,0.0
2.996,173,68736.700187,2.996000051498413,3,1000,/workspace7/Unity3D/gabriele/Animal-AI/models_arenas/arenas_paper/box_reason_1/c2_0244.yaml,2.996000051498413,345,0,0,0,3.0401676,0.0
2.996,137,68741.160078,2.996000051498413,3,1000,/workspace7/Unity3D/gabriele/Animal-AI/models_arenas/arenas_paper/box_reason_1/c2_0219.yaml,2.996000051498413,273,0,0,0,2.9502242,0.0
2.996,133,68745.639488,2.996000051498413,3,1000,/workspace7/Unity3D/gabriele/Animal-AI/models_arenas/arenas_paper/box_reason_1/c2_0187.yaml,2.996000051498413,266,0,0,0,2.9229114,0.0
2.996,101,68752.756523,2.996000051498413,3,1000,/workspace7/Unity3D/gabriele/Animal-AI/models_arenas/arenas_paper/box_reason_1/c2_0231.yaml,2.996000051498413,201,0,0,0,3.2350917,0.0
0.0,501,68769.895642,0,3,1000,/workspace7/Unity3D/gabriele/Animal-AI/models_arenas/arenas_paper/box_reason_1/c2_0742.yaml,0,1001,0,0,0,2.8540502,0.0
2.996,100,68773.330216,2.996000051498413,3,1000,/workspace7/Unity3D/gabriele/Animal-AI/models_arenas/arenas_paper/box_reason_1/c2_0742.yaml,2.996000051498413,200,0,0,0,3.0916753,0.0
2.996,129,68777.898442,2.996000051498413,3,1000,/workspace7/Unity3D/gabriele/Animal-AI/models_arenas/arenas_paper/box_reason_1/c2_0337.yaml,2.996000051498413,257,0,0,0,3.1555598,0.0
2.996,136,68782.728525,2.996000051498413,3,1000,/workspace7/Unity3D/gabriele/Animal-AI/models_arenas/arenas_paper/box_reason_1/c2_0103.yaml,2.996000051498413,272,0,0,0,3.2430875,0.0
2.996,174,68792.346232,2.996000051498413,3,1000,/workspace7/Unity3D/gabriele/Animal-AI/models_arenas/arenas_paper/box_reason_1/c2_0438.yaml,2.996000051498413,348,0,0,0,2.9505115,0.0
2.996,137,68796.964466,2.996000051498413,3,1000,/workspace7/Unity3D/gabriele/Animal-AI/models_arenas/arenas_paper/box_reason_1/c2_0981.yaml,2.996000051498413,274,0,0,0,2.963675,0.0
0.0,501,68814.045915,0,3,1000,/workspace7/Unity3D/gabriele/Animal-AI/models_arenas/arenas_paper/box_reason_1/c2_0380.yaml,0,1001,0,0,0,1.6455024,0.0
2.996,448,68831.511978,2.996000051498413,3,1000,/workspace7/Unity3D/gabriele/Animal-AI/models_arenas/arenas_paper/box_reason_1/c2_0872.yaml,0,0,0,0,0,0.0,0.0
0.0,501,68847.817129,0,3,1000,/workspace7/Unity3D/gabriele/Animal-AI/models_arenas/arenas_paper/box_reason_1/c2_0325.yaml,0,1001,0,0,0,2.2341425,0.0
2.996,281,68856.837378,2.996000051498413,3,1000,/workspace7/Unity3D/gabriele/Animal-AI/models_arenas/arenas_paper/box_reason_1/c2_0256.yaml,0,0,0,0,0,0.0,0.0
2.996,190,68866.858882,2.996000051498413,3,1000,/workspace7/Unity3D/gabriele/Animal-AI/models_arenas/arenas_paper/box_reason_1/c2_0831.yaml,2.996000051498413,380,0,0,0,3.1206195,0.0
2.996,309,68876.658669,2.996000051498413,3,1000,/workspace7/Unity3D/gabriele/Animal-AI/models_arenas/arenas_paper/box_reason_1/c2_0960.yaml,0,0,0,0,0,0.0,0.0
0.0,501,68893.117427,0,3,1000,/workspace7/Unity3D/gabriele/Animal-AI/models_arenas/arenas_paper/box_reason_1/c2_0843.yaml,0,1001,0,0,0,3.1222293,0.0
2.996,297,68906.711669,2.996000051498413,3,1000,/workspace7/Unity3D/gabriele/Animal-AI/models_arenas/arenas_paper/box_reason_1/c2_0444.yaml,2.996000051498413,594,0,0,0,2.9941993,0.0
0.0,501,68923.726069,0,3,1000,/workspace7/Unity3D/gabriele/Animal-AI/models_arenas/arenas_paper/box_reason_1/c2_0276.yaml,0,1001,0,0,0,2.1248899,0.0
0.0,501,68944.324993,0,3,1000,/workspace7/Unity3D/gabriele/Animal-AI/models_arenas/arenas_paper/box_reason_1/c2_0195.yaml,0,1001,0,0,0,2.6155539,0.0
2.996,108,68947.674025,2.996000051498413,3,1000,/workspace7/Unity3D/gabriele/Animal-AI/models_arenas/arenas_paper/box_reason_1/c2_0006.yaml,2.996000051498413,215,0,0,0,3.51476,0.0
2.996,138,68952.248944,2.996000051498413,3,1000,/workspace7/Unity3D/gabriele/Animal-AI/models_arenas/arenas_paper/box_reason_1/c2_0709.yaml,2.996000051498413,276,0,0,0,2.950751,0.0
2.996,121,68956.310544,2.996000051498413,3,1000,/workspace7/Unity3D/gabriele/Animal-AI/models_arenas/arenas_paper/box_reason_1/c2_0646.yaml,2.996000051498413,242,0,0,0,3.1013603,0.0
2.996,126,68960.284534,2.996000051498413,3,1000,/workspace7/Unity3D/gabriele/Animal-AI/models_arenas/arenas_paper/box_reason_1/c2_0034.yaml,2.996000051498413,251,0,0,0,3.0451965,0.0
0.0,501,68980.960955,0,3,1000,/workspace7/Unity3D/gabriele/Animal-AI/models_arenas/arenas_paper/box_reason_1/c2_0757.yaml,0,1001,0,0,0,2.064118,0.0
2.996,146,68985.839392,2.996000051498413,3,1000,/workspace7/Unity3D/gabriele/Animal-AI/models_arenas/arenas_paper/box_reason_1/c2_0124.yaml,2.996000051498413,291,0,0,0,3.32895,0.0
2.996,141,68990.448492,2.996000051498413,3,1000,/workspace7/Unity3D/gabriele/Animal-AI/models_arenas/arenas_paper/box_reason_1/c2_0355.yaml,2.996000051498413,282,0,0,0,3.0658302,0.0
0.0,501,69010.717482,0,3,1000,/workspace7/Unity3D/gabriele/Animal-AI/models_arenas/arenas_paper/box_reason_1/c2_0348.yaml,0,1001,0,0,0,2.0023775,0.0
2.996,156,69016.84725,2.996000051498413,3,1000,/workspace7/Unity3D/gabriele/Animal-AI/models_arenas/arenas_paper/box_reason_1/c2_0694.yaml,0,0,0,0,0,0.0,0.0
2.996,245,69024.917111,2.996000051498413,3,1000,/workspace7/Unity3D/gabriele/Animal-AI/models_arenas/arenas_paper/box_reason_1/c2_0747.yaml,2.996000051498413,490,0,0,0,3.0334828,0.0
0.0,501,69041.24519,0,3,1000,/workspace7/Unity3D/gabriele/Animal-AI/models_arenas/arenas_paper/box_reason_1/c2_0498.yaml,0,1001,0,0,0,1.7068717,0.0
2.996,154,69050.177229,2.996000051498413,3,1000,/workspace7/Unity3D/gabriele/Animal-AI/models_arenas/arenas_paper/box_reason_1/c2_0448.yaml,2.996000051498413,308,0,0,0,2.6040933,0.0
2.996,193,69056.913834,2.996000051498413,3,1000,/workspace7/Unity3D/gabriele/Animal-AI/models_arenas/arenas_paper/box_reason_1/c2_0542.yaml,2.996000051498413,385,0,0,0,3.2219846,0.0
2.996,309,69067.220036,2.996000051498413,3,1000,/workspace7/Unity3D/gabriele/Animal-AI/models_arenas/arenas_paper/box_reason_1/c2_0495.yaml,0,0,0,0,0,0.0,0.0
0.0,501,69087.780052,0,3,1000,/workspace7/Unity3D/gabriele/Animal-AI/models_arenas/arenas_paper/box_reason_1/c2_0091.yaml,0,1001,0,0,0,2.1502168,0.0
2.996,145,69092.709589,2.996000051498413,3,1000,/workspace7/Unity3D/gabriele/Animal-AI/models_arenas/arenas_paper/box_reason_1/c2_0331.yaml,2.996000051498413,289,0,0,0,3.0859513,0.0
0.0,501,69108.503222,0,3,1000,/workspace7/Unity3D/gabriele/Animal-AI/models_arenas/arenas_paper/box_reason_1/c2_0591.yaml,0,1001,0,0,0,2.2149847,0.0
0.0,501,69129.250397,0,3,1000,/workspace7/Unity3D/gabriele/Animal-AI/models_arenas/arenas_paper/box_reason_1/c2_0714.yaml,0,1001,0,0,0,2.2743402,0.0
2.996,177,69135.49442,2.996000051498413,3,1000,/workspace7/Unity3D/gabriele/Animal-AI/models_arenas/arenas_paper/box_reason_1/c2_0182.yaml,2.996000051498413,353,0,0,0,3.1930065,0.0
0.0,501,69152.874633,0,3,1000,/workspace7/Unity3D/gabriele/Animal-AI/models_arenas/arenas_paper/box_reason_1/c2_0934.yaml,0,1001,0,0,0,2.1519084,0.0
0.0,501,69173.893468,0,3,1000,/workspace7/Unity3D/gabriele/Animal-AI/models_arenas/arenas_paper/box_reason_1/c2_0940.yaml,0,1001,0,0,0,2.1626313,0.0
0.0,501,69191.314712,0,3,1000,/workspace7/Unity3D/gabriele/Animal-AI/models_arenas/arenas_paper/box_reason_1/c2_0406.yaml,0,1001,0,0,0,1.5806785,0.0
2.996,164,69200.449545,2.996000051498413,3,1000,/workspace7/Unity3D/gabriele/Animal-AI/models_arenas/arenas_paper/box_reason_1/c2_0985.yaml,2.996000051498413,327,0,0,0,3.389331,0.0
2.996,470,69216.351536,2.996000051498413,3,1000,/workspace7/Unity3D/gabriele/Animal-AI/models_arenas/arenas_paper/box_reason_1/c2_0492.yaml,2.996000051498413,940,0,0,0,2.858734,0.0
2.996,195,69222.570935,2.996000051498413,3,1000,/workspace7/Unity3D/gabriele/Animal-AI/models_arenas/arenas_paper/box_reason_1/c2_0091.yaml,0,0,0,0,0,0.0,0.0
2.996,100,69225.97483,2.996000051498413,3,1000,/workspace7/Unity3D/gabriele/Animal-AI/models_arenas/arenas_paper/box_reason_1/c2_0606.yaml,2.996000051498413,200,0,0,0,3.2827077,0.0
2.996,131,69230.568971,2.996000051498413,3,1000,/workspace7/Unity3D/gabriele/Animal-AI/models_arenas/arenas_paper/box_reason_1/c2_0183.yaml,2.996000051498413,261,0,0,0,2.8905365,0.0
2.996,124,69238.605821,2.996000051498413,3,1000,/workspace7/Unity3D/gabriele/Animal-AI/models_arenas/arenas_paper/box_reason_1/c2_0027.yaml,2.996000051498413,248,0,0,0,3.0495281,0.0
0.0,501,69256.012894,0,3,1000,/workspace7/Unity3D/gabriele/Animal-AI/models_arenas/arenas_paper/box_reason_1/c2_0065.yaml,0,1001,0,0,0,2.8871663,0.0
2.996,125,69260.406278,2.996000051498413,3,1000,/workspace7/Unity3D/gabriele/Animal-AI/models_arenas/arenas_paper/box_reason_1/c2_0065.yaml,2.996000051498413,250,0,0,0,2.9900568,0.0
2.996,295,69274.392192,2.996000051498413,3,1000,/workspace7/Unity3D/gabriele/Animal-AI/models_arenas/arenas_paper/box_reason_1/c2_0776.yaml,2.996000051498413,590,0,0,0,2.6108167,0.0
2.996,493,69291.288484,2.996000051498413,3,1000,/workspace7/Unity3D/gabriele/Animal-AI/models_arenas/arenas_paper/box_reason_1/c2_0003.yaml,2.996000051498413,986,0,0,0,3.1864762,0.0
2.996,120,69295.348348,2.996000051498413,3,1000,/workspace7/Unity3D/gabriele/Animal-AI/models_arenas/arenas_paper/box_reason_1/c2_0354.yaml,2.996000051498413,240,0,0,0,3.0236583,0.0
2.996,226,69302.618536,2.996000051498413,3,1000,/workspace7/Unity3D/gabriele/Animal-AI/models_arenas/arenas_paper/box_reason_1/c2_0648.yaml,2.996000051498413,452,0,0,0,3.049592,0.0
2.996,123,69306.382339,2.996000051498413,3,1000,/workspace7/Unity3D/gabriele/Animal-AI/models_arenas/arenas_paper/box_reason_1/c2_0227.yaml,2.996000051498413,245,0,0,0,3.0310543,0.0
2.996,316,69320.854051,2.996000051498413,3,1000,/workspace7/Unity3D/gabriele/Animal-AI/models_arenas/arenas_paper/box_reason_1/c2_0100.yaml,2.996000051498413,631,0,0,0,2.8803768,0.0
2.996,104,69324.396851,2.996000051498413,3,1000,/workspace7/Unity3D/gabriele/Animal-AI/models_arenas/arenas_paper/box_reason_1/c2_0103.yaml,2.996000051498413,207,0,0,0,3.095269,0.0
2.996,113,69328.210456,2.996000051498413,3,1000,/workspace7/Unity3D/gabriele/Animal-AI/models_arenas/arenas_paper/box_reason_1/c2_0971.yaml,2.996000051498413,226,0,0,0,3.1878626,0.0
0.0,501,69348.961663,0,3,1000,/workspace7/Unity3D/gabriele/Animal-AI/models_arenas/arenas_paper/box_reason_1/c2_0375.yaml,0,1001,0,0,0,2.3512259,0.0
2.996,137,69353.636725,2.996000051498413,3,1000,/workspace7/Unity3D/gabriele/Animal-AI/models_arenas/arenas_paper/box_reason_1/c2_0761.yaml,2.996000051498413,273,0,0,0,3.2633448,0.0
2.996,192,69360.43294,2.996000051498413,3,1000,/workspace7/Unity3D/gabriele/Animal-AI/models_arenas/arenas_paper/box_reason_1/c2_0310.yaml,2.996000051498413,383,0,0,0,3.1350296,0.0
0.0,501,69377.470365,0,3,1000,/workspace7/Unity3D/gabriele/Animal-AI/models_arenas/arenas_paper/box_reason_1/c2_0727.yaml,0,1001,0,0,0,2.959292,0.0
2.996,313,69392.101002,2.996000051498413,3,1000,/workspace7/Unity3D/gabriele/Animal-AI/models_arenas/arenas_paper/box_reason_1/c2_0817.yaml,2.996000051498413,625,0,0,0,2.6832693,0.0
2.996,433,69407.046022,2.996000051498413,3,1000,/workspace7/Unity3D/gabriele/Animal-AI/models_arenas/arenas_paper/box_reason_1/c2_0691.yaml,2.996000051498413,865,0,0,0,3.3089032,0.0
0.0,501,69427.649868,0,3,1000,/workspace7/Unity3D/gabriele/Animal-AI/models_arenas/arenas_paper/box_reason_1/c2_0485.yaml,0,1001,0,0,0,2.0096858,0.0
0.0,501,69444.327324,0,3,1000,/workspace7/Unity3D/gabriele/Animal-AI/models_arenas/arenas_paper/box_reason_1/c2_0830.yaml,0,1001,0,0,0,2.5842698,0.0
2.996,203,69451.216552,2.996000051498413,3,1000,/workspace7/Unity3D/gabriele/Animal-AI/models_arenas/arenas_paper/box_reason_1/c2_0471.yaml,2.996000051498413,406,0,0,0,2.95185,0.0
2.996,244,69463.509789,2.996000051498413,3,1000,/workspace7/Unity3D/gabriele/Animal-AI/models_arenas/arenas_paper/box_reason_1/c2_0838.yaml,2.996000051498413,488,0,0,0,3.0920196,0.0
2.996,201,69470.568415,2.996000051498413,3,1000,/workspace7/Unity3D/gabriele/Animal-AI/models_arenas/arenas_paper/box_reason_1/c2_0572.yaml,2.996000051498413,401,0,0,0,2.954527,0.0
0.0,501,69487.611891,0,3,1000,/workspace7/Unity3D/gabriele/Animal-AI/models_arenas/arenas_paper/box_reason_1/c2_0834.yaml,0,1001,0,0,0,1.940278,0.0
2.996,107,69491.389923,2.996000051498413,3,1000,/workspace7/Unity3D/gabriele/Animal-AI/models_arenas/arenas_paper/box_reason_1/c2_0169.yaml,2.996000051498413,213,0,0,0,3.0738592,0.0
2.996,278,69504.606649,2.996000051498413,3,1000,/workspace7/Unity3D/gabriele/Animal-AI/models_arenas/arenas_paper/box_reason_1/c2_0321.yaml,2.996000051498413,556,0,0,0,3.110799,0.0
2.996,319,69515.704756,2.996000051498413,3,1000,/workspace7/Unity3D/gabriele/Animal-AI/models_arenas/arenas_paper/box_reason_1/c2_0003.yaml,2.996000051498413,637,0,0,0,3.018864,0.0
2.996,203,69522.502775,2.996000051498413,3,1000,/workspace7/Unity3D/gabriele/Animal-AI/models_arenas/arenas_paper/box_reason_1/c2_0014.yaml,0,0,0,0,0,0.0,0.0
0.0,501,69543.467246,0,3,1000,/workspace7/Unity3D/gabriele/Animal-AI/models_arenas/arenas_paper/box_reason_1/c2_0265.yaml,0,1001,0,0,0,2.4527423,0.0
2.996,348,69555.434373,2.996000051498413,3,1000,/workspace7/Unity3D/gabriele/Animal-AI/models_arenas/arenas_paper/box_reason_1/c2_0431.yaml,2.996000051498413,695,0,0,0,2.920369,0.0
2.996,215,69562.643251,2.996000051498413,3,1000,/workspace7/Unity3D/gabriele/Animal-AI/models_arenas/arenas_paper/box_reason_1/c2_0393.yaml,2.996000051498413,429,0,0,0,3.313889,0.0
2.996,319,69576.873982,2.996000051498413,3,1000,/workspace7/Unity3D/gabriele/Animal-AI/models_arenas/arenas_paper/box_reason_1/c2_0592.yaml,2.996000051498413,638,0,0,0,2.9145608,0.0
2.996,183,69582.686485,2.996000051498413,3,1000,/workspace7/Unity3D/gabriele/Animal-AI/models_arenas/arenas_paper/box_reason_1/c2_0147.yaml,2.996000051498413,366,0,0,0,3.0824459,0.0
2.996,153,69587.947497,2.996000051498413,3,1000,/workspace7/Unity3D/gabriele/Animal-AI/models_arenas/arenas_paper/box_reason_1/c2_0789.yaml,2.996000051498413,306,0,0,0,3.319275,0.0
2.996,100,69591.181152,2.996000051498413,3,1000,/workspace7/Unity3D/gabriele/Animal-AI/models_arenas/arenas_paper/box_reason_1/c2_0340.yaml,0,0,0,0,0,0.0,0.0
0.0,501,69607.381714,0,3,1000,/workspace7/Unity3D/gabriele/Animal-AI/models_arenas/arenas_paper/box_reason_1/c2_0573.yaml,0,1001,0,0,0,2.3238401,0.0
0.0,501,69628.337053,0,3,1000,/workspace7/Unity3D/gabriele/Animal-AI/models_arenas/arenas_paper/box_reason_1/c2_0519.yaml,0,1001,0,0,0,2.0684013,0.0
2.996,338,69639.105658,2.996000051498413,3,1000,/workspace7/Unity3D/gabriele/Animal-AI/models_arenas/arenas_paper/box_reason_1/c2_0120.yaml,2.996000051498413,676,0,0,0,3.1346915,0.0
2.996,170,69644.630159,2.996000051498413,3,1000,/workspace7/Unity3D/gabriele/Animal-AI/models_arenas/arenas_paper/box_reason_1/c2_0234.yaml,2.996000051498413,339,0,0,0,3.068099,0.0
0.0,501,69665.722016,0,3,1000,/workspace7/Unity3D/gabriele/Animal-AI/models_arenas/arenas_paper/box_reason_1/c2_0411.yaml,0,1001,0,0,0,2.8791819,0.0
2.996,104,69669.213639,2.996000051498413,3,1000,/workspace7/Unity3D/gabriele/Animal-AI/models_arenas/arenas_paper/box_reason_1/c2_0382.yaml,0,0,0,0,0,0.0,0.0
2.996,129,69673.749438,2.996000051498413,3,1000,/workspace7/Unity3D/gabriele/Animal-AI/models_arenas/arenas_paper/box_reason_1/c2_0994.yaml,2.996000051498413,258,0,0,0,2.9690292,0.0
2.996,115,69677.614771,2.996000051498413,3,1000,/workspace7/Unity3D/gabriele/Animal-AI/models_arenas/arenas_paper/box_reason_1/c2_0531.yaml,2.996000051498413,229,0,0,0,3.0010922,0.0
2.996,412,69695.110698,2.996000051498413,3,1000,/workspace7/Unity3D/gabriele/Animal-AI/models_arenas/arenas_paper/box_reason_1/c2_0873.yaml,2.996000051498413,824,0,0,0,2.704455,0.0
2.996,319,69706.015718,2.996000051498413,3,1000,/workspace7/Unity3D/gabriele/Animal-AI/models_arenas/arenas_paper/box_reason_1/c2_0536.yaml,2.996000051498413,637,0,0,0,3.0262232,0.0
2.996,168,69711.96602,2.996000051498413,3,1000,/workspace7/Unity3D/gabriele/Animal-AI/models_arenas/arenas_paper/box_reason_1/c2_0512.yaml,2.996000051498413,336,0,0,0,3.5298848,0.0
0.0,501,69732.707793,0,3,1000,/workspace7/Unity3D/gabriele/Animal-AI/models_arenas/arenas_paper/box_reason_1/c2_0479.yaml,0,1001,0,0,0,2.4792027,0.0
2.996,204,69739.735491,2.996000051498413,3,1000,/workspace7/Unity3D/gabriele/Animal-AI/models_arenas/arenas_paper/box_reason_1/c2_0358.yaml,2.996000051498413,408,0,0,0,3.4331398,0.0
2.996,124,69744.101461,2.996000051498413,3,1000,/workspace7/Unity3D/gabriele/Animal-AI/models_arenas/arenas_paper/box_reason_1/c2_0124.yaml,2.996000051498413,248,0,0,0,3.1501741,0.0
2.996,464,69764.130603,2.996000051498413,3,1000,/workspace7/Unity3D/gabriele/Animal-AI/models_arenas/arenas_paper/box_reason_1/c2_0681.yaml,2.996000051498413,928,0,0,0,3.246129,0.0
2.996,161,69769.834858,2.996000051498413,3,1000,/workspace7/Unity3D/gabriele/Animal-AI/models_arenas/arenas_paper/box_reason_1/c2_0745.yaml,2.996000051498413,322,0,0,0,2.83537,0.0
0.0,501,69786.602647,0,3,1000,/workspace7/Unity3D/gabriele/Animal-AI/models_arenas/arenas_paper/box_reason_1/c2_0358.yaml,0,1001,0,0,0,2.04824,0.0
0.0,501,69807.252897,0,3,1000,/workspace7/Unity3D/gabriele/Animal-AI/models_arenas/arenas_paper/box_reason_1/c2_0700.yaml,0,1001,0,0,0,2.1445296,0.0
0.0,501,69824.103769,0,3,1000,/workspace7/Unity3D/gabriele/Animal-AI/models_arenas/arenas_paper/box_reason_1/c2_0791.yaml,0,1001,0,0,0,1.9400907,0.0
0.0,501,69844.663687,0,3,1000,/workspace7/Unity3D/gabriele/Animal-AI/models_arenas/arenas_paper/box_reason_1/c2_0300.yaml,0,1001,0,0,0,2.6873326,0.0
2.996,145,69849.541431,2.996000051498413,3,1000,/workspace7/Unity3D/gabriele/Animal-AI/models_arenas/arenas_paper/box_reason_1/c2_0235.yaml,2.996000051498413,290,0,0,0,3.180717,0.0
2.996,293,69859.015064,2.996000051498413,3,1000,/workspace7/Unity3D/gabriele/Animal-AI/models_arenas/arenas_paper/box_reason_1/c2_0343.yaml,2.996000051498413,586,0,0,0,2.849578,0.0
2.996,157,69864.178443,2.996000051498413,3,1000,/workspace7/Unity3D/gabriele/Animal-AI/models_arenas/arenas_paper/box_reason_1/c2_0875.yaml,2.996000051498413,313,0,0,0,3.326653,0.0
2.996,301,69878.23986,2.996000051498413,3,1000,/workspace7/Unity3D/gabriele/Animal-AI/models_arenas/arenas_paper/box_reason_1/c2_0660.yaml,2.996000051498413,601,0,0,0,3.1063008,0.0
2.996,177,69884.403495,2.996000051498413,3,1000,/workspace7/Unity3D/gabriele/Animal-AI/models_arenas/arenas_paper/box_reason_1/c2_0707.yaml,2.996000051498413,354,0,0,0,3.0910046,0.0
2.996,307,69894.569238,2.996000051498413,3,1000,/workspace7/Unity3D/gabriele/Animal-AI/models_arenas/arenas_paper/box_reason_1/c2_0720.yaml,2.996000051498413,614,0,0,0,2.9332116,0.0
0.0,501,69914.489533,0,3,1000,/workspace7/Unity3D/gabriele/Animal-AI/models_arenas/arenas_paper/box_reason_1/c2_0333.yaml,0,1001,0,0,0,2.1677966,0.0
0.0,501,69931.949452,0,3,1000,/workspace7/Unity3D/gabriele/Animal-AI/models_arenas/arenas_paper/box_reason_1/c2_0408.yaml,0,1001,0,0,0,1.5054147,0.0
2.996,420,69946.229186,2.996000051498413,3,1000,/workspace7/Unity3D/gabriele/Animal-AI/models_arenas/arenas_paper/box_reason_1/c2_0801.yaml,2.996000051498413,840,0,0,0,2.9331264,0.0
2.996,92,69952.799968,2.996000051498413,3,1000,/workspace7/Unity3D/gabriele/Animal-AI/models_arenas/arenas_paper/box_reason_1/c2_0513.yaml,2.996000051498413,183,0,0,0,2.862393,0.0
2.996,483,69968.820187,2.996000051498413,3,1000,/workspace7/Unity3D/gabriele/Animal-AI/models_arenas/arenas_paper/box_reason_1/c2_0635.yaml,2.996000051498413,965,0,0,0,3.1214552,0.0
2.996,469,69988.352035,2.996000051498413,3,1000,/workspace7/Unity3D/gabriele/Animal-AI/models_arenas/arenas_paper/box_reason_1/c2_0466.yaml,2.996000051498413,937,0,0,0,2.8383145,0.0
2.996,136,69993.173155,2.996000051498413,3,1000,/workspace7/Unity3D/gabriele/Animal-AI/models_arenas/arenas_paper/box_reason_1/c2_0093.yaml,2.996000051498413,272,0,0,0,3.171054,0.0
2.996,122,69997.468573,2.996000051498413,3,1000,/workspace7/Unity3D/gabriele/Animal-AI/models_arenas/arenas_paper/box_reason_1/c2_0997.yaml,2.996000051498413,243,0,0,0,3.2096753,0.0
2.996,224,70005.206362,2.996000051498413,3,1000,/workspace7/Unity3D/gabriele/Animal-AI/models_arenas/arenas_paper/box_reason_1/c2_0883.yaml,2.996000051498413,447,0,0,0,3.3237271,0.0
0.0,501,70025.59616,0,3,1000,/workspace7/Unity3D/gabriele/Animal-AI/models_arenas/arenas_paper/box_reason_1/c2_0858.yaml,0,1001,0,0,0,2.1413472,0.0
2.996,179,70031.402681,2.996000051498413,3,1000,/workspace7/Unity3D/gabriele/Animal-AI/models_arenas/arenas_paper/box_reason_1/c2_0014.yaml,2.996000051498413,358,0,0,0,3.415869,0.0
2.996,126,70035.819457,2.996000051498413,3,1000,/workspace7/Unity3D/gabriele/Animal-AI/models_arenas/arenas_paper/box_reason_1/c2_0466.yaml,2.996000051498413,251,0,0,0,3.0183475,0.0
2.996,215,70042.95049,2.996000051498413,3,1000,/workspace7/Unity3D/gabriele/Animal-AI/models_arenas/arenas_paper/box_reason_1/c2_0773.yaml,0,0,0,0,0,0.0,0.0
2.996,437,70058.927545,2.996000051498413,3,1000,/workspace7/Unity3D/gabriele/Animal-AI/models_arenas/arenas_paper/box_reason_1/c2_0252.yaml,2.996000051498413,874,0,0,0,3.0841627,0.0
0.0,501,70079.849175,0,3,1000,/workspace7/Unity3D/gabriele/Animal-AI/models_arenas/arenas_paper/box_reason_1/c2_0221.yaml,0,1001,0,0,0,1.9532418,0.0
2.996,165,70085.587871,2.996000051498413,3,1000,/workspace7/Unity3D/gabriele/Animal-AI/models_arenas/arenas_paper/box_reason_1/c2_0724.yaml,2.996000051498413,329,0,0,0,3.0936944,0.0
2.996,124,70089.956582,2.996000051498413,3,1000,/workspace7/Unity3D/gabriele/Animal-AI/models_arenas/arenas_paper/box_reason_1/c2_0018.yaml,2.996000051498413,247,0,0,0,3.1914916,0.0
2.996,144,70095.009979,2.996000051498413,3,1000,/workspace7/Unity3D/gabriele/Animal-AI/models_arenas/arenas_paper/box_reason_1/c2_0454.yaml,2.996000051498413,287,0,0,0,3.2230313,0.0
2.996,88,70098.113362,2.996000051498413,3,1000,/workspace7/Unity3D/gabriele/Animal-AI/models_arenas/arenas_paper/box_reason_1/c2_0439.yaml,2.996000051498413,176,0,0,0,3.2997985,0.0
2.996,137,70106.586218,2.996000051498413,3,1000,/workspace7/Unity3D/gabriele/Animal-AI/models_arenas/arenas_paper/box_reason_1/c2_0869.yaml,2.996000051498413,273,0,0,0,3.0263767,0.0
2.996,133,70111.293147,2.996000051498413,3,1000,/workspace7/Unity3D/gabriele/Animal-AI/models_arenas/arenas_paper/box_reason_1/c2_0779.yaml,2.996000051498413,266,0,0,0,3.4145174,0.0
2.996,313,70121.350231,2.996000051498413,3,1000,/workspace7/Unity3D/gabriele/Animal-AI/models_arenas/arenas_paper/box_reason_1/c2_0237.yaml,0,0,0,0,0,0.0,0.0
2.996,174,70127.171957,2.996000051498413,3,1000,/workspace7/Unity3D/gabriele/Animal-AI/models_arenas/arenas_paper/box_reason_1/c2_0943.yaml,2.996000051498413,347,0,0,0,3.2573602,0.0
2.996,169,70132.822541,2.996000051498413,3,1000,/workspace7/Unity3D/gabriele/Animal-AI/models_arenas/arenas_paper/box_reason_1/c2_0290.yaml,2.996000051498413,338,0,0,0,3.0895224,0.0
0.0,501,70152.817385,0,3,1000,/workspace7/Unity3D/gabriele/Animal-AI/models_arenas/arenas_paper/box_reason_1/c2_0717.yaml,0,1001,0,0,0,3.0004776,0.0
2.996,100,70156.352987,2.996000051498413,3,1000,/workspace7/Unity3D/gabriele/Animal-AI/models_arenas/arenas_paper/box_reason_1/c2_0496.yaml,2.996000051498413,199,0,0,0,2.6635618,0.0
2.996,133,70160.826962,2.996000051498413,3,1000,/workspace7/Unity3D/gabriele/Animal-AI/models_arenas/arenas_paper/box_reason_1/c2_0344.yaml,0,0,0,0,0,0.0,0.0
2.996,119,70164.862108,2.996000051498413,3,1000,/workspace7/Unity3D/gabriele/Animal-AI/models_arenas/arenas_paper/box_reason_1/c2_0314.yaml,2.996000051498413,237,0,0,0,3.2960322,0.0
0.0,501,70185.677947,0,3,1000,/workspace7/Unity3D/gabriele/Animal-AI/models_arenas/arenas_paper/box_reason_1/c2_0514.yaml,0,1001,0,0,0,1.8990918,0.0
2.996,161,70190.999922,2.996000051498413,3,1000,/workspace7/Unity3D/gabriele/Animal-AI/models_arenas/arenas_paper/box_reason_1/c2_0409.yaml,2.996000051498413,322,0,0,0,3.7056806,0.0
2.996,138,70195.666382,2.996000051498413,3,1000,/workspace7/Unity3D/gabriele/Animal-AI/models_arenas/arenas_paper/box_reason_1/c2_0596.yaml,2.996000051498413,276,0,0,0,3.217006,0.0
2.996,445,70214.462855,2.996000051498413,3,1000,/workspace7/Unity3D/gabriele/Animal-AI/models_arenas/arenas_paper/box_reason_1/c2_0362.yaml,2.996000051498413,889,0,0,0,3.4473338,0.0
2.996,156,70219.604611,2.996000051498413,3,1000,/workspace7/Unity3D/gabriele/Animal-AI/models_arenas/arenas_paper/box_reason_1/c2_0738.yaml,0,0,0,0,0,0.0,0.0
2.996,169,70225.382247,2.996000051498413,3,1000,/workspace7/Unity3D/gabriele/Animal-AI/models_arenas/arenas_paper/box_reason_1/c2_0096.yaml,2.996000051498413,337,0,0,0,3.1730926,0.0
2.996,145,70230.493205,2.996000051498413,3,1000,/workspace7/Unity3D/gabriele/Animal-AI/models_arenas/arenas_paper/box_reason_1/c2_0964.yaml,2.996000051498413,290,0,0,0,3.1743698,0.0
0.0,501,70247.81365,0,3,1000,/workspace7/Unity3D/gabriele/Animal-AI/models_arenas/arenas_paper/box_reason_1/c2_0942.yaml,0,1001,0,0,0,2.8310246,0.0
2.996,333,70263.231541,2.996000051498413,3,1000,/workspace7/Unity3D/gabriele/Animal-AI/models_arenas/arenas_paper/box_reason_1/c2_0438.yaml,2.996000051498413,666,0,0,0,3.0410125,0.0
2.996,145,70267.940558,2.996000051498413,3,1000,/workspace7/Unity3D/gabriele/Animal-AI/models_arenas/arenas_paper/box_reason_1/c2_0022.yaml,0,0,0,0,0,0.0,0.0
2.996,124,70271.933687,2.996000051498413,3,1000,/workspace7/Unity3D/gabriele/Animal-AI/models_arenas/arenas_paper/box_reason_1/c2_0499.yaml,0,0,0,0,0,0.0,0.0
2.996,125,70276.335711,2.996000051498413,3,1000,/workspace7/Unity3D/gabriele/Animal-AI/models_arenas/arenas_paper/box_reason_1/c2_0617.yaml,2.996000051498413,249,0,0,0,3.3707385,0.0
0.0,501,70297.137347,0,3,1000,/workspace7/Unity3D/gabriele/Animal-AI/models_arenas/arenas_paper/box_reason_1/c2_0525.yaml,0,1001,0,0,0,2.5424807,0.0
0.0,501,70314.388117,0,3,1000,/workspace7/Unity3D/gabriele/Animal-AI/models_arenas/arenas_paper/box_reason_1/c2_0347.yaml,0,1001,0,0,0,1.9078726,0.0
2.996,159,70319.775032,2.996000051498413,3,1000,/workspace7/Unity3D/gabriele/Animal-AI/models_arenas/arenas_paper/box_reason_1/c2_0535.yaml,2.996000051498413,318,0,0,0,2.691361,0.0
0.0,501,70340.785302,0,3,1000,/workspace7/Unity3D/gabriele/Animal-AI/models_arenas/arenas_paper/box_reason_1/c2_0413.yaml,0,1001,0,0,0,3.0057497,0.0
0.0,501,70357.440009,0,3,1000,/workspace7/Unity3D/gabriele/Animal-AI/models_arenas/arenas_paper/box_reason_1/c2_0030.yaml,0,1001,0,0,0,1.7992797,0.0
2.996,134,70365.534557,2.996000051498413,3,1000,/workspace7/Unity3D/gabriele/Animal-AI/models_arenas/arenas_paper/box_reason_1/c2_0123.yaml,2.996000051498413,267,0,0,0,3.2532885,0.0
2.996,157,70370.489415,2.996000051498413,3,1000,/workspace7/Unity3D/gabriele/Animal-AI/models_arenas/arenas_paper/box_reason_1/c2_0092.yaml,2.996000051498413,314,0,0,0,3.0269153,0.0
2.996,369,70383.121922,2.996000051498413,3,1000,/workspace7/Unity3D/gabriele/Animal-AI/models_arenas/arenas_paper/box_reason_1/c2_0599.yaml,2.996000051498413,737,0,0,0,3.1510088,0.0
2.996,160,70388.562208,2.996000051498413,3,1000,/workspace7/Unity3D/gabriele/Animal-AI/models_arenas/arenas_paper/box_reason_1/c2_0140.yaml,2.996000051498413,319,0,0,0,3.3149679,0.0
2.996,304,70398.199788,2.996000051498413,3,1000,/workspace7/Unity3D/gabriele/Animal-AI/models_arenas/arenas_paper/box_reason_1/c2_0980.yaml,2.996000051498413,608,0,0,0,3.2486892,0.0
2.996,138,70405.922143,2.996000051498413,3,1000,/workspace7/Unity3D/gabriele/Animal-AI/models_arenas/arenas_paper/box_reason_1/c2_0466.yaml,0,0,0,0,0,0.0,0.0
2.996,99,70409.852243,2.996000051498413,3,1000,/workspace7/Unity3D/gabriele/Animal-AI/models_arenas/arenas_paper/box_reason_1/c2_0962.yaml,2.996000051498413,198,0,0,0,3.599999,0.0
2.996,224,70417.239805,2.996000051498413,3,1000,/workspace7/Unity3D/gabriele/Animal-AI/models_arenas/arenas_paper/box_reason_1/c2_0325.yaml,2.996000051498413,448,0,0,0,3.200571,0.0
0.0,501,70434.552781,0,3,1000,/workspace7/Unity3D/gabriele/Animal-AI/models_arenas/arenas_paper/box_reason_1/c2_0685.yaml,0,1001,0,0,0,2.4701772,0.0
2.996,107,70441.74856,2.996000051498413,3,1000,/workspace7/Unity3D/gabriele/Animal-AI/models_arenas/arenas_paper/box_reason_1/c2_0994.yaml,2.996000051498413,214,0,0,0,3.0038831,0.0
2.996,137,70446.364636,2.996000051498413,3,1000,/workspace7/Unity3D/gabriele/Animal-AI/models_arenas/arenas_paper/box_reason_1/c2_0332.yaml,0,0,0,0,0,0.0,0.0
2.996,124,70450.780753,2.996000051498413,3,1000,/workspace7/Unity3D/gabriele/Animal-AI/models_arenas/arenas_paper/box_reason_1/c2_0167.yaml,2.996000051498413,247,0,0,0,3.1431355,0.0
2.996,113,70454.605237,2.996000051498413,3,1000,/workspace7/Unity3D/gabriele/Animal-AI/models_arenas/arenas_paper/box_reason_1/c2_0665.yaml,2.996000051498413,226,0,0,0,2.9710298,0.0
2.996,491,70471.215623,2.996000051498413,3,1000,/workspace7/Unity3D/gabriele/Animal-AI/models_arenas/arenas_paper/box_reason_1/c2_0217.yaml,2.996000051498413,982,0,0,0,2.6898804,0.0
2.996,101,70478.193059,2.996000051498413,3,1000,/workspace7/Unity3D/gabriele/Animal-AI/models_arenas/arenas_paper/box_reason_1/c2_0674.yaml,2.996000051498413,201,0,0,0,3.4238963,0.0
0.0,501,70495.337331,0,3,1000,/workspace7/Unity3D/gabriele/Animal-AI/models_arenas/arenas_paper/box_reason_1/c2_0936.yaml,0,1001,0,0,0,2.1674361,0.0
2.996,293,70505.226099,2.996000051498413,3,1000,/workspace7/Unity3D/gabriele/Animal-AI/models_arenas/arenas_paper/box_reason_1/c2_0469.yaml,0,0,0,0,0,0.0,0.0
0.0,501,70526.004604,0,3,1000,/workspace7/Unity3D/gabriele/Animal-AI/models_arenas/arenas_paper/box_reason_1/c2_0675.yaml,0,1001,0,0,0,2.4915292,0.0
2.996,168,70531.620394,2.996000051498413,3,1000,/workspace7/Unity3D/gabriele/Animal-AI/models_arenas/arenas_paper/box_reason_1/c2_0221.yaml,2.996000051498413,335,0,0,0,3.2454531,0.0
2.996,186,70538.056588,2.996000051498413,3,1000,/workspace7/Unity3D/gabriele/Animal-AI/models_arenas/arenas_paper/box_reason_1/c2_0719.yaml,2.996000051498413,372,0,0,0,3.14445,0.0
0.0,501,70558.313809,0,3,1000,/workspace7/Unity3D/gabriele/Animal-AI/models_arenas/arenas_paper/box_reason_1/c2_0226.yaml,0,1001,0,0,0,2.7055087,0.0
0.0,501,70574.467574,0,3,1000,/workspace7/Unity3D/gabriele/Animal-AI/models_arenas/arenas_paper/box_reason_1/c2_0410.yaml,0,1001,0,0,0,3.0064602,0.0
2.996,226,70581.960869,2.996000051498413,3,1000,/workspace7/Unity3D/gabriele/Animal-AI/models_arenas/arenas_paper/box_reason_1/c2_0090.yaml,2.996000051498413,452,0,0,0,2.8956168,0.0
2.996,157,70590.750204,2.996000051498413,3,1000,/workspace7/Unity3D/gabriele/Animal-AI/models_arenas/arenas_paper/box_reason_1/c2_0007.yaml,2.996000051498413,313,0,0,0,3.044767,0.0
2.996,141,70595.634596,2.996000051498413,3,1000,/workspace7/Unity3D/gabriele/Animal-AI/models_arenas/arenas_paper/box_reason_1/c2_0679.yaml,2.996000051498413,281,0,0,0,3.1526148,0.0
2.996,112,70599.513495,2.996000051498413,3,1000,/workspace7/Unity3D/gabriele/Animal-AI/models_arenas/arenas_paper/box_reason_1/c2_0437.yaml,2.996000051498413,224,0,0,0,3.361534,0.0
0.0,501,70617.057491,0,3,1000,/workspace7/Unity3D/gabriele/Animal-AI/models_arenas/arenas_paper/box_reason_1/c2_0508.yaml,0,1001,0,0,0,1.7389692,0.0
2.996,194,70627.580224,2.996000051498413,3,1000,/workspace7/Unity3D/gabriele/Animal-AI/models_arenas/arenas_paper/box_reason_1/c2_0788.yaml,2.996000051498413,387,0,0,0,3.2981765,0.0
2.996,132,70632.239567,2.996000051498413,3,1000,/workspace7/Unity3D/gabriele/Animal-AI/models_arenas/arenas_paper/box_reason_1/c2_0624.yaml,2.996000051498413,263,0,0,0,2.7413774,0.0
2.996,171,70638.096342,2.996000051498413,3,1000,/workspace7/Unity3D/gabriele/Animal-AI/models_arenas/arenas_paper/box_reason_1/c2_0836.yaml,2.996000051498413,342,0,0,0,3.1412416,0.0
2.996,253,70646.087632,2.996000051498413,3,1000,/workspace7/Unity3D/gabriele/Animal-AI/models_arenas/arenas_paper/box_reason_1/c2_0066.yaml,2.996000051498413,505,0,0,0,3.1190195,0.0
2.996,252,70654.649645,2.996000051498413,3,1000,/workspace7/Unity3D/gabriele/Animal-AI/models_arenas/arenas_paper/box_reason_1/c2_0342.yaml,2.996000051498413,503,0,0,0,3.1810145,0.0
2.996,212,70665.758643,2.996000051498413,3,1000,/workspace7/Unity3D/gabriele/Animal-AI/models_arenas/arenas_paper/box_reason_1/c2_0312.yaml,2.996000051498413,423,0,0,0,3.1374257,0.0
0.0,501,70683.106819,0,3,1000,/workspace7/Unity3D/gabriele/Animal-AI/models_arenas/arenas_paper/box_reason_1/c2_0778.yaml,0,1001,0,0,0,2.998217,0.0
2.996,110,70686.830001,2.996000051498413,3,1000,/workspace7/Unity3D/gabriele/Animal-AI/models_arenas/arenas_paper/box_reason_1/c2_0665.yaml,2.996000051498413,219,0,0,0,3.327179,0.0
2.996,179,70693.086033,2.996000051498413,3,1000,/workspace7/Unity3D/gabriele/Animal-AI/models_arenas/arenas_paper/box_reason_1/c2_0761.yaml,2.996000051498413,357,0,0,0,3.1225069,0.0
2.996,141,70697.903601,2.996000051498413,3,1000,/workspace7/Unity3D/gabriele/Animal-AI/models_arenas/arenas_paper/box_reason_1/c2_0581.yaml,2.996000051498413,282,0,0,0,3.2693553,0.0
2.996,203,70708.487923,2.996000051498413,3,1000,/workspace7/Unity3D/gabriele/Animal-AI/models_arenas/arenas_paper/box_reason_1/c2_0185.yaml,2.996000051498413,405,0,0,0,3.218288,0.0
2.996,251,70716.948757,2.996000051498413,3,1000,/workspace7/Unity3D/gabriele/Animal-AI/models_arenas/arenas_paper/box_reason_1/c2_0777.yaml,2.996000051498413,501,0,0,0,2.790061,0.0
2.996,213,70724.298452,2.996000051498413,3,1000,/workspace7/Unity3D/gabriele/Animal-AI/models_arenas/arenas_paper/box_reason_1/c2_0509.yaml,2.996000051498413,425,0,0,0,3.2181792,0.0
2.996,130,70728.766449,2.996000051498413,3,1000,/workspace7/Unity3D/gabriele/Animal-AI/models_arenas/arenas_paper/box_reason_1/c2_0082.yaml,2.996000051498413,260,0,0,0,3.3175101,0.0
0.0,501,70749.47045,0,3,1000,/workspace7/Unity3D/gabriele/Animal-AI/models_arenas/arenas_paper/box_reason_1/c2_0978.yaml,0,1001,0,0,0,3.3915296,0.0
2.996,193,70755.915264,2.996000051498413,3,1000,/workspace7/Unity3D/gabriele/Animal-AI/models_arenas/arenas_paper/box_reason_1/c2_0473.yaml,2.996000051498413,386,0,0,0,2.9322681,0.0
2.996,378,70769.020653,2.996000051498413,3,1000,/workspace7/Unity3D/gabriele/Animal-AI/models_arenas/arenas_paper/box_reason_1/c2_0226.yaml,2.996000051498413,756,0,0,0,3.0913982,0.0
2.996,167,70774.88992,2.996000051498413,3,1000,/workspace7/Unity3D/gabriele/Animal-AI/models_arenas/arenas_paper/box_reason_1/c2_0584.yaml,2.996000051498413,334,0,0,0,3.2563531,0.0
2.996,178,70784.599191,2.996000051498413,3,1000,/workspace7/Unity3D/gabriele/Animal-AI/models_arenas/arenas_paper/box_reason_1/c2_0590.yaml,2.996000051498413,356,0,0,0,3.1834757,0.0
2.996,101,70788.136723,2.996000051498413,3,1000,/workspace7/Unity3D/gabriele/Animal-AI/models_arenas/arenas_paper/box_reason_1/c2_0267.yaml,2.996000051498413,201,0,0,0,3.3074841,0.0
2.996,89,70791.228616,2.996000051498413,3,1000,/workspace7/Unity3D/gabriele/Animal-AI/models_arenas/arenas_paper/box_reason_1/c2_0774.yaml,2.996000051498413,178,0,0,0,3.2546785,0.0
2.996,325,70802.671747,2.996000051498413,3,1000,/workspace7/Unity3D/gabriele/Animal-AI/models_arenas/arenas_paper/box_reason_1/c2_0627.yaml,2.996000051498413,650,0,0,0,2.9849882,0.0
2.996,165,70808.459424,2.996000051498413,3,1000,/workspace7/Unity3D/gabriele/Animal-AI/models_arenas/arenas_paper/box_reason_1/c2_0555.yaml,2.996000051498413,329,0,0,0,3.010634,0.0
2.996,118,70812.412036,2.996000051498413,3,1000,/workspace7/Unity3D/gabriele/Animal-AI/models_arenas/arenas_paper/box_reason_1/c2_0630.yaml,2.996000051498413,235,0,0,0,3.0761588,0.0
2.996,194,70822.790637,2.996000051498413,3,1000,/workspace7/Unity3D/gabriele/Animal-AI/models_arenas/arenas_paper/box_reason_1/c2_0879.yaml,2.996000051498413,388,0,0,0,3.3843532,0.0
2.996,201,70829.783762,2.996000051498413,3,1000,/workspace7/Unity3D/gabriele/Animal-AI/models_arenas/arenas_paper/box_reason_1/c2_0039.yaml,2.996000051498413,402,0,0,0,3.135795,0.0
0.0,501,70847.131883,0,3,1000,/workspace7/Unity3D/gabriele/Animal-AI/models_arenas/arenas_paper/box_reason_1/c2_0765.yaml,0,1001,0,0,0,2.4067829,0.0
2.996,118,70851.271935,2.996000051498413,3,1000,/workspace7/Unity3D/gabriele/Animal-AI/models_arenas/arenas_paper/box_reason_1/c2_0046.yaml,2.996000051498413,236,0,0,0,3.525326,0.0
2.996,146,70859.950581,2.996000051498413,3,1000,/workspace7/Unity3D/gabriele/Animal-AI/models_arenas/arenas_paper/box_reason_1/c2_0875.yaml,2.996000051498413,292,0,0,0,2.8353457,0.0
2.996,137,70864.567897,2.996000051498413,3,1000,/workspace7/Unity3D/gabriele/Animal-AI/models_arenas/arenas_paper/box_reason_1/c2_0464.yaml,2.996000051498413,274,0,0,0,2.60239,0.0
2.996,121,70868.781374,2.996000051498413,3,1000,/workspace7/Unity3D/gabriele/Animal-AI/models_arenas/arenas_paper/box_reason_1/c2_0203.yaml,2.996000051498413,241,0,0,0,2.9532664,0.0
0.0,501,70886.07092,0,3,1000,/workspace7/Unity3D/gabriele/Animal-AI/models_arenas/arenas_paper/box_reason_1/c2_0930.yaml,0,1001,0,0,0,2.4889858,0.0
2.996,439,70904.829021,2.996000051498413,3,1000,/workspace7/Unity3D/gabriele/Animal-AI/models_arenas/arenas_paper/box_reason_1/c2_0188.yaml,2.996000051498413,878,0,0,0,3.0963993,0.0
0.0,501,70921.230784,0,3,1000,/workspace7/Unity3D/gabriele/Animal-AI/models_arenas/arenas_paper/box_reason_1/c2_0177.yaml,0,1001,0,0,0,2.302353,0.0
2.996,141,70925.454432,2.996000051498413,3,1000,/workspace7/Unity3D/gabriele/Animal-AI/models_arenas/arenas_paper/box_reason_1/c2_0124.yaml,0,0,0,0,0,0.0,0.0
2.996,460,70944.800736,2.996000051498413,3,1000,/workspace7/Unity3D/gabriele/Animal-AI/models_arenas/arenas_paper/box_reason_1/c2_0827.yaml,2.996000051498413,919,0,0,0,2.8425207,0.0
2.996,94,70948.002033,2.996000051498413,3,1000,/workspace7/Unity3D/gabriele/Animal-AI/models_arenas/arenas_paper/box_reason_1/c2_0688.yaml,2.996000051498413,187,0,0,0,3.039723,0.0
0.0,501,70967.88684,0,3,1000,/workspace7/Unity3D/gabriele/Animal-AI/models_arenas/arenas_paper/box_reason_1/c2_0947.yaml,0,1001,0,0,0,1.7492428,0.0
0.0,501,70984.866842,0,3,1000,/workspace7/Unity3D/gabriele/Animal-AI/models_arenas/arenas_paper/box_reason_1/c2_0663.yaml,0,1001,0,0,0,2.3907034,0.0
0.0,501,71005.216045,0,3,1000,/workspace7/Unity3D/gabriele/Animal-AI/models_arenas/arenas_paper/box_reason_1/c2_0848.yaml,0,1001,0,0,0,2.4994957,0.0
2.996,340,71016.016116,2.996000051498413,3,1000,/workspace7/Unity3D/gabriele/Animal-AI/models_arenas/arenas_paper/box_reason_1/c2_0482.yaml,2.996000051498413,680,0,0,0,3.081494,0.0
2.996,345,71027.2661,2.996000051498413,3,1000,/workspace7/Unity3D/gabriele/Animal-AI/models_arenas/arenas_paper/box_reason_1/c2_0851.yaml,2.996000051498413,689,0,0,0,2.7263746,0.0
2.996,203,71034.148625,2.996000051498413,3,1000,/workspace7/Unity3D/gabriele/Animal-AI/models_arenas/arenas_paper/box_reason_1/c2_0379.yaml,2.996000051498413,405,0,0,0,3.149279,0.0
0.0,501,71055.328169,0,3,1000,/workspace7/Unity3D/gabriele/Animal-AI/models_arenas/arenas_paper/box_reason_1/c2_0659.yaml,0,1001,0,0,0,2.8068173,0.0
0.0,501,71072.172455,0,3,1000,/workspace7/Unity3D/gabriele/Animal-AI/models_arenas/arenas_paper/box_reason_1/c2_0402.yaml,0,1001,0,0,0,2.3264232,0.0
2.996,481,71091.923043,2.996000051498413,3,1000,/workspace7/Unity3D/gabriele/Animal-AI/models_arenas/arenas_paper/box_reason_1/c2_0298.yaml,2.996000051498413,961,0,0,0,3.1286623,0.0
0.0,501,71107.740894,0,3,1000,/workspace7/Unity3D/gabriele/Animal-AI/models_arenas/arenas_paper/box_reason_1/c2_0929.yaml,0,1001,0,0,0,2.0720143,0.0
2.996,171,71116.641356,2.996000051498413,3,1000,/workspace7/Unity3D/gabriele/Animal-AI/models_arenas/arenas_paper/box_reason_1/c2_0595.yaml,2.996000051498413,342,0,0,0,3.1888514,0.0
2.996,123,71120.560483,2.996000051498413,3,1000,/workspace7/Unity3D/gabriele/Animal-AI/models_arenas/arenas_paper/box_reason_1/c2_0708.yaml,2.996000051498413,246,0,0,0,3.1461487,0.0
2.996,121,71124.628831,2.996000051498413,3,1000,/workspace7/Unity3D/gabriele/Animal-AI/models_arenas/arenas_paper/box_reason_1/c2_0646.yaml,2.996000051498413,241,0,0,0,3.1376245,0.0
2.996,97,71127.957355,2.996000051498413,3,1000,/workspace7/Unity3D/gabriele/Animal-AI/models_arenas/arenas_paper/box_reason_1/c2_0670.yaml,2.996000051498413,194,0,0,0,2.974619,0.0
0.0,501,71144.866755,0,3,1000,/workspace7/Unity3D/gabriele/Animal-AI/models_arenas/arenas_paper/box_reason_1/c2_0158.yaml,0,1001,0,0,0,1.8444903,0.0
0.0,501,71165.104097,0,3,1000,/workspace7/Unity3D/gabriele/Animal-AI/models_arenas/arenas_paper/box_reason_1/c2_0262.yaml,0,1001,0,0,0,1.8404634,0.0
2.996,186,71171.353861,2.996000051498413,3,1000,/workspace7/Unity3D/gabriele/Animal-AI/models_arenas/arenas_paper/box_reason_1/c2_0505.yaml,2.996000051498413,372,0,0,0,2.8871617,0.0
2.996,107,71174.983275,2.996000051498413,3,1000,/workspace7/Unity3D/gabriele/Animal-AI/models_arenas/arenas_paper/box_reason_1/c2_0025.yaml,2.996000051498413,213,0,0,0,2.808041,0.0
2.996,185,71181.311022,2.996000051498413,3,1000,/workspace7/Unity3D/gabriele/Animal-AI/models_arenas/arenas_paper/box_reason_1/c2_0594.yaml,2.996000051498413,369,0,0,0,3.029399,0.0
2.996,178,71191.419131,2.996000051498413,3,1000,/workspace7/Unity3D/gabriele/Animal-AI/models_arenas/arenas_paper/box_reason_1/c2_0445.yaml,0,0,0,0,0,0.0,0.0
2.996,125,71195.593042,2.996000051498413,3,1000,/workspace7/Unity3D/gabriele/Animal-AI/models_arenas/arenas_paper/box_reason_1/c2_0285.yaml,2.996000051498413,249,0,0,0,3.555393,0.0
2.996,93,71198.737533,2.996000051498413,3,1000,/workspace7/Unity3D/gabriele/Animal-AI/models_arenas/arenas_paper/box_reason_1/c2_0132.yaml,2.996000051498413,185,0,0,0,3.4973211,0.0
0.0,501,71214.626126,0,3,1000,/workspace7/Unity3D/gabriele/Animal-AI/models_arenas/arenas_paper/box_reason_1/c2_0193.yaml,0,1001,0,0,0,2.4169598,0.0
2.996,157,71219.435964,2.996000051498413,3,1000,/workspace7/Unity3D/gabriele/Animal-AI/models_arenas/arenas_paper/box_reason_1/c2_0932.yaml,0,0,0,0,0,0.0,0.0
2.996,146,71227.791563,2.996000051498413,3,1000,/workspace7/Unity3D/gabriele/Animal-AI/models_arenas/arenas_paper/box_reason_1/c2_0052.yaml,0,0,0,0,0,0.0,0.0
2.996,208,71235.096571,2.996000051498413,3,1000,/workspace7/Unity3D/gabriele/Animal-AI/models_arenas/arenas_paper/box_reason_1/c2_0983.yaml,2.996000051498413,415,0,0,0,3.3208294,0.0
2.996,143,71240.072031,2.996000051498413,3,1000,/workspace7/Unity3D/gabriele/Animal-AI/models_arenas/arenas_paper/box_reason_1/c2_0773.yaml,2.996000051498413,285,0,0,0,3.2165112,0.0
2.996,359,71252.470821,2.996000051498413,3,1000,/workspace7/Unity3D/gabriele/Animal-AI/models_arenas/arenas_paper/box_reason_1/c2_0451.yaml,2.996000051498413,718,0,0,0,3.0181825,0.0
2.996,110,71256.001884,2.996000051498413,3,1000,/workspace7/Unity3D/gabriele/Animal-AI/models_arenas/arenas_paper/box_reason_1/c2_0722.yaml,2.996000051498413,219,0,0,0,3.2296002,0.0
0.0,501,71276.489102,0,3,1000,/workspace7/Unity3D/gabriele/Animal-AI/models_arenas/arenas_paper/box_reason_1/c2_0147.yaml,0,1001,0,0,0,3.0187843,0.0
2.996,273,71285.189271,2.996000051498413,3,1000,/workspace7/Unity3D/gabriele/Animal-AI/models_arenas/arenas_paper/box_reason_1/c2_0286.yaml,2.996000051498413,546,0,0,0,3.2081518,0.0
2.996,123,71289.017519,2.996000051498413,3,1000,/workspace7/Unity3D/gabriele/Animal-AI/models_arenas/arenas_paper/box_reason_1/c2_0575.yaml,2.996000051498413,245,0,0,0,3.5690055,0.0
0.0,501,71309.634933,0,3,1000,/workspace7/Unity3D/gabriele/Animal-AI/models_arenas/arenas_paper/box_reason_1/c2_0395.yaml,0,1001,0,0,0,2.7000053,0.0
2.996,89,71312.536325,2.996000051498413,3,1000,/workspace7/Unity3D/gabriele/Animal-AI/models_arenas/arenas_paper/box_reason_1/c2_0449.yaml,0,0,0,0,0,0.0,0.0
2.996,118,71316.690714,2.996000051498413,3,1000,/workspace7/Unity3D/gabriele/Animal-AI/models_arenas/arenas_paper/box_reason_1/c2_0745.yaml,2.996000051498413,235,0,0,0,3.3112836,0.0
2.996,478,71333.149053,2.996000051498413,3,1000,/workspace7/Unity3D/gabriele/Animal-AI/models_arenas/arenas_paper/box_reason_1/c2_0071.yaml,2.996000051498413,955,0,0,0,3.1032505,0.0
2.996,165,71342.297658,2.996000051498413,3,1000,/workspace7/Unity3D/gabriele/Animal-AI/models_arenas/arenas_paper/box_reason_1/c2_0420.yaml,2.996000051498413,330,0,0,0,3.2902513,0.0
2.996,421,71356.220361,2.996000051498413,3,1000,/workspace7/Unity3D/gabriele/Animal-AI/models_arenas/arenas_paper/box_reason_1/c2_0681.yaml,2.996000051498413,842,0,0,0,2.787859,0.0
0.0,501,71376.22003,0,3,1000,/workspace7/Unity3D/gabriele/Animal-AI/models_arenas/arenas_paper/box_reason_1/c2_0785.yaml,0,1001,0,0,0,3.3237345,0.0
2.996,111,71379.706361,2.996000051498413,3,1000,/workspace7/Unity3D/gabriele/Animal-AI/models_arenas/arenas_paper/box_reason_1/c2_0598.yaml,2.996000051498413,221,0,0,0,3.319825,0.0
2.996,181,71385.610878,2.996000051498413,3,1000,/workspace7/Unity3D/gabriele/Animal-AI/models_arenas/arenas_paper/box_reason_1/c2_0536.yaml,2.996000051498413,362,0,0,0,3.0778806,0.0
2.996,148,71390.759899,2.996000051498413,3,1000,/workspace7/Unity3D/gabriele/Animal-AI/models_arenas/arenas_paper/box_reason_1/c2_0920.yaml,2.996000051498413,295,0,0,0,3.1577737,0.0
2.996,100,71394.155504,2.996000051498413,3,1000,/workspace7/Unity3D/gabriele/Animal-AI/models_arenas/arenas_paper/box_reason_1/c2_0525.yaml,2.996000051498413,199,0,0,0,3.0850093,0.0
2.996,113,71397.726928,2.996000051498413,3,1000,/workspace7/Unity3D/gabriele/Animal-AI/models_arenas/arenas_paper/box_reason_1/c2_0841.yaml,2.996000051498413,226,0,0,0,3.2084413,0.0
0.0,501,71418.329734,0,3,1000,/workspace7/Unity3D/gabriele/Animal-AI/models_arenas/arenas_paper/box_reason_1/c2_0754.yaml,0,1001,0,0,0,1.859743,0.0
2.996,262,71427.55771,2.996000051498413,3,1000,/workspace7/Unity3D/gabriele/Animal-AI/models_arenas/arenas_paper/box_reason_1/c2_0270.yaml,2.996000051498413,524,0,0,0,3.1534061,0.0
2.996,139,71432.268692,2.996000051498413,3,1000,/workspace7/Unity3D/gabriele/Animal-AI/models_arenas/arenas_paper/box_reason_1/c2_0763.yaml,2.996000051498413,278,0,0,0,2.9777188,0.0
2.996,294,71442.392541,2.996000051498413,3,1000,/workspace7/Unity3D/gabriele/Animal-AI/models_arenas/arenas_paper/box_reason_1/c2_0589.yaml,2.996000051498413,587,0,0,0,3.2472825,0.0
2.996,147,71451.134417,2.996000051498413,3,1000,/workspace7/Unity3D/gabriele/Animal-AI/models_arenas/arenas_paper/box_reason_1/c2_0550.yaml,2.996000051498413,294,0,0,0,2.8674479,0.0
2.996,104,71454.654932,2.996000051498413,3,1000,/workspace7/Unity3D/gabriele/Animal-AI/models_arenas/arenas_paper/box_reason_1/c2_0812.yaml,2.996000051498413,208,0,0,0,3.1314964,0.0
2.996,211,71461.734878,2.996000051498413,3,1000,/workspace7/Unity3D/gabriele/Animal-AI/models_arenas/arenas_paper/box_reason_1/c2_0597.yaml,2.996000051498413,422,0,0,0,2.891519,0.0
2.996,83,71464.577498,2.996000051498413,3,1000,/workspace7/Unity3D/gabriele/Animal-AI/models_arenas/arenas_paper/box_reason_1/c2_0586.yaml,2.996000051498413,166,0,0,0,3.3557053,0.0
0.0,501,71481.697648,0,3,1000,/workspace7/Unity3D/gabriele/Animal-AI/models_arenas/arenas_paper/box_reason_1/c2_0731.yaml,0,1001,0,0,0,2.1124558,0.0
2.996,238,71492.763777,2.996000051498413,3,1000,/workspace7/Unity3D/gabriele/Animal-AI/models_arenas/arenas_paper/box_reason_1/c2_0681.yaml,2.996000051498413,476,0,0,0,3.2927747,0.0
2.996,181,71498.709196,2.996000051498413,3,1000,/workspace7/Unity3D/gabriele/Animal-AI/models_arenas/arenas_paper/box_reason_1/c2_0234.yaml,0,0,0,0,0,0.0,0.0
2.996,118,71502.734101,2.996000051498413,3,1000,/workspace7/Unity3D/gabriele/Animal-AI/models_arenas/arenas_paper/box_reason_1/c2_0112.yaml,2.996000051498413,236,0,0,0,3.1501167,0.0
2.996,496,71523.295643,2.996000051498413,3,1000,/workspace7/Unity3D/gabriele/Animal-AI/models_arenas/arenas_paper/box_reason_1/c2_0457.yaml,2.996000051498413,991,0,0,0,3.463526,0.0
2.996,226,71530.671425,2.996000051498413,3,1000,/workspace7/Unity3D/gabriele/Animal-AI/models_arenas/arenas_paper/box_reason_1/c2_0865.yaml,2.996000051498413,452,0,0,0,3.4690382,0.0
0.0,501,71547.796857,0,3,1000,/workspace7/Unity3D/gabriele/Animal-AI/models_arenas/arenas_paper/box_reason_1/c2_0878.yaml,0,1001,0,0,0,2.0649598,0.0
0.0,501,71568.809225,0,3,1000,/workspace7/Unity3D/gabriele/Animal-AI/models_arenas/arenas_paper/box_reason_1/c2_0852.yaml,0,1001,0,0,0,1.7625201,0.0
2.996,188,71575.120314,2.996000051498413,3,1000,/workspace7/Unity3D/gabriele/Animal-AI/models_arenas/arenas_paper/box_reason_1/c2_0869.yaml,2.996000051498413,376,0,0,0,3.1994658,0.0
2.996,118,71578.96798,2.996000051498413,3,1000,/workspace7/Unity3D/gabriele/Animal-AI/models_arenas/arenas_paper/box_reason_1/c2_0211.yaml,2.996000051498413,236,0,0,0,3.1454027,0.0
0.0,501,71599.703583,0,3,1000,/workspace7/Unity3D/gabriele/Animal-AI/models_arenas/arenas_paper/box_reason_1/c2_0899.yaml,0,1001,0,0,0,2.4622838,0.0
2.996,240,71608.008637,2.996000051498413,3,1000,/workspace7/Unity3D/gabriele/Animal-AI/models_arenas/arenas_paper/box_reason_1/c2_0923.yaml,2.996000051498413,480,0,0,0,3.108248,0.0
2.996,112,71611.889242,2.996000051498413,3,1000,/workspace7/Unity3D/gabriele/Animal-AI/models_arenas/arenas_paper/box_reason_1/c2_0240.yaml,2.996000051498413,224,0,0,0,3.2218847,0.0
2.996,118,71616.029298,2.996000051498413,3,1000,/workspace7/Unity3D/gabriele/Animal-AI/models_arenas/arenas_paper/box_reason_1/c2_0136.yaml,2.996000051498413,236,0,0,0,3.1295485,0.0
2.996,182,71622.435103,2.996000051498413,3,1000,/workspace7/Unity3D/gabriele/Animal-AI/models_arenas/arenas_paper/box_reason_1/c2_0280.yaml,2.996000051498413,363,0,0,0,3.3637164,0.0
2.996,336,71637.374284,2.996000051498413,3,1000,/workspace7/Unity3D/gabriele/Animal-AI/models_arenas/arenas_paper/box_reason_1/c2_0795.yaml,2.996000051498413,672,0,0,0,3.0223234,0.0
2.996,103,71640.709532,2.996000051498413,3,1000,/workspace7/Unity3D/gabriele/Animal-AI/models_arenas/arenas_paper/box_reason_1/c2_0168.yaml,2.996000051498413,205,0,0,0,3.3970563,0.0
2.996,160,71646.090826,2.996000051498413,3,1000,/workspace7/Unity3D/gabriele/Animal-AI/models_arenas/arenas_paper/box_reason_1/c2_0574.yaml,2.996000051498413,320,0,0,0,2.9975643,0.0
0.0,501,71662.328983,0,3,1000,/workspace7/Unity3D/gabriele/Animal-AI/models_arenas/arenas_paper/box_reason_1/c2_0929.yaml,0,1001,0,0,0,2.2620416,0.0
2.996,77,71664.949571,2.996000051498413,3,1000,/workspace7/Unity3D/gabriele/Animal-AI/models_arenas/arenas_paper/box_reason_1/c2_0667.yaml,2.996000051498413,154,0,0,0,3.2491124,0.0
2.996,117,71669.030197,2.996000051498413,3,1000,/workspace7/Unity3D/gabriele/Animal-AI/models_arenas/arenas_paper/box_reason_1/c2_0203.yaml,2.996000051498413,233,0,0,0,3.1408827,0.0
2.996,148,71677.870205,2.996000051498413,3,1000,/workspace7/Unity3D/gabriele/Animal-AI/models_arenas/arenas_paper/box_reason_1/c2_0014.yaml,2.996000051498413,296,0,0,0,3.4228575,0.0
2.996,158,71683.431777,2.996000051498413,3,1000,/workspace7/Unity3D/gabriele/Animal-AI/models_arenas/arenas_paper/box_reason_1/c2_0620.yaml,2.996000051498413,315,0,0,0,3.0186236,0.0
0.0,501,71700.508098,0,3,1000,/workspace7/Unity3D/gabriele/Animal-AI/models_arenas/arenas_paper/box_reason_1/c2_0541.yaml,0,1001,0,0,0,2.8741062,0.0
2.996,231,71711.849572,2.996000051498413,3,1000,/workspace7/Unity3D/gabriele/Animal-AI/models_arenas/arenas_paper/box_reason_1/c2_0471.yaml,2.996000051498413,461,0,0,0,3.14451,0.0
2.996,339,71723.136208,2.996000051498413,3,1000,/workspace7/Unity3D/gabriele/Animal-AI/models_arenas/arenas_paper/box_reason_1/c2_0061.yaml,2.996000051498413,678,0,0,0,2.9977262,0.0
2.996,144,71727.974771,2.996000051498413,3,1000,/workspace7/Unity3D/gabriele/Animal-AI/models_arenas/arenas_paper/box_reason_1/c2_0365.yaml,2.996000051498413,287,0,0,0,3.5531054,0.0
2.996,104,71731.199855,2.996000051498413,3,1000,/workspace7/Unity3D/gabriele/Animal-AI/models_arenas/arenas_paper/box_reason_1/c2_0876.yaml,0,0,0,0,0,0.0,0.0
2.996,100,71734.179799,2.996000051498413,3,1000,/workspace7/Unity3D/gabriele/Animal-AI/models_arenas/arenas_paper/box_reason_1/c2_0893.yaml,0,0,0,0,0,0.0,0.0
2.996,225,71741.528864,2.996000051498413,3,1000,/workspace7/Unity3D/gabriele/Animal-AI/models_arenas/arenas_paper/box_reason_1/c2_0575.yaml,2.996000051498413,450,0,0,0,3.0327241,0.0
2.996,151,71750.188343,2.996000051498413,3,1000,/workspace7/Unity3D/gabriele/Animal-AI/models_arenas/arenas_paper/box_reason_1/c2_0820.yaml,2.996000051498413,302,0,0,0,3.0251842,0.0
2.996,128,71754.04174,2.996000051498413,3,1000,/workspace7/Unity3D/gabriele/Animal-AI/models_arenas/arenas_paper/box_reason_1/c2_0070.yaml,2.996000051498413,255,0,0,0,3.108872,0.0
2.996,205,71760.644277,2.996000051498413,3,1000,/workspace7/Unity3D/gabriele/Animal-AI/models_arenas/arenas_paper/box_reason_1/c2_0447.yaml,2.996000051498413,410,0,0,0,2.9995725,0.0
2.996,138,71765.32939,2.996000051498413,3,1000,/workspace7/Unity3D/gabriele/Animal-AI/models_arenas/arenas_paper/box_reason_1/c2_0493.yaml,2.996000051498413,276,0,0,0,3.0854712,0.0
2.996,191,71771.97166,2.996000051498413,3,1000,/workspace7/Unity3D/gabriele/Animal-AI/models_arenas/arenas_paper/box_reason_1/c2_0901.yaml,2.996000051498413,381,0,0,0,3.2779977,0.0
2.996,292,71785.80637,2.996000051498413,3,1000,/workspace7/Unity3D/gabriele/Animal-AI/models_arenas/arenas_paper/box_reason_1/c2_0320.yaml,2.996000051498413,584,0,0,0,3.093893,0.0
2.996,139,71790.600061,2.996000051498413,3,1000,/workspace7/Unity3D/gabriele/Animal-AI/models_arenas/arenas_paper/box_reason_1/c2_0790.yaml,2.996000051498413,277,0,0,0,2.9038973,0.0
2.996,130,71795.094969,2.996000051498413,3,1000,/workspace7/Unity3D/gabriele/Animal-AI/models_arenas/arenas_paper/box_reason_1/c2_0434.yaml,2.996000051498413,259,0,0,0,3.1208723,0.0
2.996,198,71801.832299,2.996000051498413,3,1000,/workspace7/Unity3D/gabriele/Animal-AI/models_arenas/arenas_paper/box_reason_1/c2_0280.yaml,2.996000051498413,396,0,0,0,3.2289426,0.0
2.996,116,71805.838224,2.996000051498413,3,1000,/workspace7/Unity3D/gabriele/Animal-AI/models_arenas/arenas_paper/box_reason_1/c2_0346.yaml,2.996000051498413,231,0,0,0,3.2177334,0.0
0.0,501,71826.463374,0,3,1000,/workspace7/Unity3D/gabriele/Animal-AI/models_arenas/arenas_paper/box_reason_1/c2_0537.yaml,0,1001,0,0,0,2.1494565,0.0
2.996,122,71830.681094,2.996000051498413,3,1000,/workspace7/Unity3D/gabriele/Animal-AI/models_arenas/arenas_paper/box_reason_1/c2_0152.yaml,2.996000051498413,244,0,0,0,2.8280811,0.0
0.0,501,71847.661613,0,3,1000,/workspace7/Unity3D/gabriele/Animal-AI/models_arenas/arenas_paper/box_reason_1/c2_0455.yaml,0,1001,0,0,0,1.9325879,0.0
2.996,135,71852.347594,2.996000051498413,3,1000,/workspace7/Unity3D/gabriele/Animal-AI/models_arenas/arenas_paper/box_reason_1/c2_0968.yaml,2.996000051498413,270,0,0,0,3.1597712,0.0
2.996,200,71863.286004,2.996000051498413,3,1000,/workspace7/Unity3D/gabriele/Animal-AI/models_arenas/arenas_paper/box_reason_1/c2_0535.yaml,2.996000051498413,399,0,0,0,3.1596029,0.0
0.0,501,71880.644761,0,3,1000,/workspace7/Unity3D/gabriele/Animal-AI/models_arenas/arenas_paper/box_reason_1/c2_0902.yaml,0,1001,0,0,0,2.8539836,0.0
0.0,501,71900.468308,0,3,1000,/workspace7/Unity3D/gabriele/Animal-AI/models_arenas/arenas_paper/box_reason_1/c2_0640.yaml,0,1001,0,0,0,2.8872268,0.0
2.996,110,71903.840108,2.996000051498413,3,1000,/workspace7/Unity3D/gabriele/Animal-AI/models_arenas/arenas_paper/box_reason_1/c2_0393.yaml,2.996000051498413,219,0,0,0,3.3191862,0.0
2.996,191,71909.939226,2.996000051498413,3,1000,/workspace7/Unity3D/gabriele/Animal-AI/models_arenas/arenas_paper/box_reason_1/c2_0255.yaml,2.996000051498413,382,0,0,0,2.8916538,0.0
2.996,98,71913.401079,2.996000051498413,3,1000,/workspace7/Unity3D/gabriele/Animal-AI/models_arenas/arenas_paper/box_reason_1/c2_0862.yaml,2.996000051498413,196,0,0,0,3.4081616,0.0
0.0,501,71930.405628,0,3,1000,/workspace7/Unity3D/gabriele/Animal-AI/models_arenas/arenas_paper/box_reason_1/c2_0715.yaml,0,1001,0,0,0,2.8121424,0.0
2.996,111,71937.908765,2.996000051498413,3,1000,/workspace7/Unity3D/gabriele/Animal-AI/models_arenas/arenas_paper/box_reason_1/c2_0442.yaml,2.996000051498413,221,0,0,0,3.457604,0.0
2.996,125,71941.968908,2.996000051498413,3,1000,/workspace7/Unity3D/gabriele/Animal-AI/models_arenas/arenas_paper/box_reason_1/c2_0412.yaml,2.996000051498413,249,0,0,0,2.9517024,0.0
0.0,501,71958.996367,0,3,1000,/workspace7/Unity3D/gabriele/Animal-AI/models_arenas/arenas_paper/box_reason_1/c2_0940.yaml,0,1001,0,0,0,2.9078832,0.0
2.996,110,71962.873753,2.996000051498413,3,1000,/workspace7/Unity3D/gabriele/Animal-AI/models_arenas/arenas_paper/box_reason_1/c2_0482.yaml,2.996000051498413,220,0,0,0,3.315047,0.0
2.996,225,71974.081317,2.996000051498413,3,1000,/workspace7/Unity3D/gabriele/Animal-AI/models_arenas/arenas_paper/box_reason_1/c2_0343.yaml,0,0,0,0,0,0.0,0.0
2.996,276,71983.659794,2.996000051498413,3,1000,/workspace7/Unity3D/gabriele/Animal-AI/models_arenas/arenas_paper/box_reason_1/c2_0916.yaml,2.996000051498413,551,0,0,0,2.9115639,0.0
2.996,113,71987.49829,2.996000051498413,3,1000,/workspace7/Unity3D/gabriele/Animal-AI/models_arenas/arenas_paper/box_reason_1/c2_0093.yaml,2.996000051498413,225,0,0,0,3.3048737,0.0
2.996,77,71989.936599,2.996000051498413,3,1000,/workspace7/Unity3D/gabriele/Animal-AI/models_arenas/arenas_paper/box_reason_1/c2_0763.yaml,0,0,0,0,0,0.0,0.0
2.996,138,71994.619987,2.996000051498413,3,1000,/workspace7/Unity3D/gabriele/Animal-AI/models_arenas/arenas_paper/box_reason_1/c2_0274.yaml,2.996000051498413,275,0,0,0,3.0883756,0.0
2.996,180,72000.934024,2.996000051498413,3,1000,/workspace7/Unity3D/gabriele/Animal-AI/models_arenas/arenas_paper/box_reason_1/c2_0146.yaml,2.996000051498413,359,0,0,0,3.0425034,0.0
2.996,115,72005.022224,2.996000051498413,3,1000,/workspace7/Unity3D/gabriele/Animal-AI/models_arenas/arenas_paper/box_reason_1/c2_0326.yaml,2.996000051498413,230,0,0,0,3.3661418,0.0
2.996,181,72015.172089,2.996000051498413,3,1000,/workspace7/Unity3D/gabriele/Animal-AI/models_arenas/arenas_paper/box_reason_1/c2_0729.yaml,2.996000051498413,361,0,0,0,3.191861,0.0
2.996,339,72026.539978,2.996000051498413,3,1000,/workspace7/Unity3D/gabriele/Animal-AI/models_arenas/arenas_paper/box_reason_1/c2_0688.yaml,0,0,0,0,0,0.0,0.0
2.996,105,72030.079189,2.996000051498413,3,1000,/workspace7/Unity3D/gabriele/Animal-AI/models_arenas/arenas_paper/box_reason_1/c2_0636.yaml,2.996000051498413,210,0,0,0,3.0687873,0.0
2.996,237,72038.261094,2.996000051498413,3,1000,/workspace7/Unity3D/gabriele/Animal-AI/models_arenas/arenas_paper/box_reason_1/c2_0438.yaml,2.996000051498413,473,0,0,0,2.9577167,0.0
0.0,501,72059.090797,0,3,1000,/workspace7/Unity3D/gabriele/Animal-AI/models_arenas/arenas_paper/box_reason_1/c2_0250.yaml,0,1001,0,0,0,2.648612,0.0
2.996,121,72063.331023,2.996000051498413,3,1000,/workspace7/Unity3D/gabriele/Animal-AI/models_arenas/arenas_paper/box_reason_1/c2_0374.yaml,2.996000051498413,241,0,0,0,3.3944,0.0
2.996,181,72069.631492,2.996000051498413,3,1000,/workspace7/Unity3D/gabriele/Animal-AI/models_arenas/arenas_paper/box_reason_1/c2_0052.yaml,2.996000051498413,362,0,0,0,3.1313334,0.0
2.996,118,72073.634902,2.996000051498413,3,1000,/workspace7/Unity3D/gabriele/Animal-AI/models_arenas/arenas_paper/box_reason_1/c2_0067.yaml,2.996000051498413,236,0,0,0,2.8276484,0.0
2.996,156,72078.764854,2.996000051498413,3,1000,/workspace7/Unity3D/gabriele/Animal-AI/models_arenas/arenas_paper/box_reason_1/c2_0545.yaml,0,0,0,0,0,0.0,0.0
2.996,98,72085.781073,2.996000051498413,3,1000,/workspace7/Unity3D/gabriele/Animal-AI/models_arenas/arenas_paper/box_reason_1/c2_0213.yaml,2.996000051498413,196,0,0,0,2.693405,0.0
2.996,386,72098.981857,2.996000051498413,3,1000,/workspace7/Unity3D/gabriele/Animal-AI/models_arenas/arenas_paper/box_reason_1/c2_0279.yaml,2.996000051498413,771,0,0,0,3.3219085,0.0
2.996,158,72104.136431,2.996000051498413,3,1000,/workspace7/Unity3D/gabriele/Animal-AI/models_arenas/arenas_paper/box_reason_1/c2_0026.yaml,2.996000051498413,316,0,0,0,3.1105456,0.0
2.996,225,72111.681393,2.996000051498413,3,1000,/workspace7/Unity3D/gabriele/Animal-AI/models_arenas/arenas_paper/box_reason_1/c2_0857.yaml,0,0,0,0,0,0.0,0.0
2.996,137,72116.181229,2.996000051498413,3,1000,/workspace7/Unity3D/gabriele/Animal-AI/models_arenas/arenas_paper/box_reason_1/c2_0268.yaml,2.996000051498413,273,0,0,0,3.2108974,0.0
2.996,107,72123.249969,2.996000051498413,3,1000,/workspace7/Unity3D/gabriele/Animal-AI/models_arenas/arenas_paper/box_reason_1/c2_0263.yaml,2.996000051498413,214,0,0,0,2.8917117,0.0
2.996,155,72127.865538,2.996000051498413,3,1000,/workspace7/Unity3D/gabriele/Animal-AI/models_arenas/arenas_paper/box_reason_1/c2_0527.yaml,2.996000051498413,310,0,0,0,2.812488,0.0
2.996,296,72136.926904,2.996000051498413,3,1000,/workspace7/Unity3D/gabriele/Animal-AI/models_arenas/arenas_paper/box_reason_1/c2_0686.yaml,2.996000051498413,592,0,0,0,3.0099866,0.0
2.996,202,72143.093131,2.996000051498413,3,1000,/workspace7/Unity3D/gabriele/Animal-AI/models_arenas/arenas_paper/box_reason_1/c2_0963.yaml,2.996000051498413,404,0,0,0,3.0350077,0.0
2.996,106,72146.558486,2.996000051498413,3,1000,/workspace7/Unity3D/gabriele/Animal-AI/models_arenas/arenas_paper/box_reason_1/c2_0536.yaml,2.996000051498413,211,0,0,0,3.2245011,0.0
2.996,115,72150.247768,2.996000051498413,3,1000,/workspace7/Unity3D/gabriele/Animal-AI/models_arenas/arenas_paper/box_reason_1/c2_0223.yaml,2.996000051498413,230,0,0,0,3.183528,0.0
2.996,125,72158.220942,2.996000051498413,3,1000,/workspace7/Unity3D/gabriele/Animal-AI/models_arenas/arenas_paper/box_reason_1/c2_0653.yaml,2.996000051498413,250,0,0,0,2.9389424,0.0
2.996,146,72163.231737,2.996000051498413,3,1000,/workspace7/Unity3D/gabriele/Animal-AI/models_arenas/arenas_paper/box_reason_1/c2_0508.yaml,2.996000051498413,292,0,0,0,3.4159522,0.0
2.996,115,72167.244221,2.996000051498413,3,1000,/workspace7/Unity3D/gabriele/Animal-AI/models_arenas/arenas_paper/box_reason_1/c2_0018.yaml,2.996000051498413,230,0,0,0,3.3128705,0.0
2.996,117,72171.066731,2.996000051498413,3,1000,/workspace7/Unity3D/gabriele/Animal-AI/models_arenas/arenas_paper/box_reason_1/c2_0209.yaml,2.996000051498413,233,0,0,0,3.0402713,0.0
2.996,98,72173.94659,2.996000051498413,3,1000,/workspace7/Unity3D/gabriele/Animal-AI/models_arenas/arenas_paper/box_reason_1/c2_0559.yaml,0,0,0,0,0,0.0,0.0
2.996,133,72178.439269,2.996000051498413,3,1000,/workspace7/Unity3D/gabriele/Animal-AI/models_arenas/arenas_paper/box_reason_1/c2_0538.yaml,2.996000051498413,265,0,0,0,3.2403722,0.0
2.996,238,72186.436802,2.996000051498413,3,1000,/workspace7/Unity3D/gabriele/Animal-AI/models_arenas/arenas_paper/box_reason_1/c2_0325.yaml,2.996000051498413,475,0,0,0,3.2039716,0.0
2.996,114,72190.192633,2.996000051498413,3,1000,/workspace7/Unity3D/gabriele/Animal-AI/models_arenas/arenas_paper/box_reason_1/c2_0915.yaml,2.996000051498413,227,0,0,0,3.1111097,0.0
2.996,229,72201.045823,2.996000051498413,3,1000,/workspace7/Unity3D/gabriele/Animal-AI/models_arenas/arenas_paper/box_reason_1/c2_0882.yaml,2.996000051498413,457,0,0,0,2.8534253,0.0
2.996,130,72205.287467,2.996000051498413,3,1000,/workspace7/Unity3D/gabriele/Animal-AI/models_arenas/arenas_paper/box_reason_1/c2_0672.yaml,2.996000051498413,259,0,0,0,2.8515284,0.0
2.996,121,72209.348378,2.996000051498413,3,1000,/workspace7/Unity3D/gabriele/Animal-AI/models_arenas/arenas_paper/box_reason_1/c2_0561.yaml,2.996000051498413,242,0,0,0,3.4525707,0.0
2.996,121,72213.293917,2.996000051498413,3,1000,/workspace7/Unity3D/gabriele/Animal-AI/models_arenas/arenas_paper/box_reason_1/c2_0654.yaml,2.996000051498413,241,0,0,0,3.1134384,0.0
2.996,409,72226.880736,2.996000051498413,3,1000,/workspace7/Unity3D/gabriele/Animal-AI/models_arenas/arenas_paper/box_reason_1/c2_0835.yaml,2.996000051498413,817,0,0,0,2.754607,0.0
0.0,501,72247.614622,0,3,1000,/workspace7/Unity3D/gabriele/Animal-AI/models_arenas/arenas_paper/box_reason_1/c2_0724.yaml,0,1001,0,0,0,2.3177946,0.0
2.996,111,72251.550919,2.996000051498413,3,1000,/workspace7/Unity3D/gabriele/Animal-AI/models_arenas/arenas_paper/box_reason_1/c2_0557.yaml,2.996000051498413,221,0,0,0,3.2619824,0.0
2.996,220,72259.331667,2.996000051498413,3,1000,/workspace7/Unity3D/gabriele/Animal-AI/models_arenas/arenas_paper/box_reason_1/c2_0695.yaml,2.996000051498413,440,0,0,0,2.9953322,0.0
2.996,221,72270.426051,2.996000051498413,3,1000,/workspace7/Unity3D/gabriele/Animal-AI/models_arenas/arenas_paper/box_reason_1/c2_0572.yaml,2.996000051498413,441,0,0,0,3.0292573,0.0
2.996,106,72274.127125,2.996000051498413,3,1000,/workspace7/Unity3D/gabriele/Animal-AI/models_arenas/arenas_paper/box_reason_1/c2_0489.yaml,2.996000051498413,211,0,0,0,3.348349,0.0
2.996,158,72279.480435,2.996000051498413,3,1000,/workspace7/Unity3D/gabriele/Animal-AI/models_arenas/arenas_paper/box_reason_1/c2_0303.yaml,0,0,0,0,0,0.0,0.0
2.996,130,72283.989222,2.996000051498413,3,1000,/workspace7/Unity3D/gabriele/Animal-AI/models_arenas/arenas_paper/box_reason_1/c2_0130.yaml,2.996000051498413,259,0,0,0,3.3611236,0.0
0.0,501,72301.217004,0,3,1000,/workspace7/Unity3D/gabriele/Animal-AI/models_arenas/arenas_paper/box_reason_1/c2_0434.yaml,0,1001,0,0,0,2.7773104,0.0
2.996,135,72309.385729,2.996000051498413,3,1000,/workspace7/Unity3D/gabriele/Animal-AI/models_arenas/arenas_paper/box_reason_1/c2_0514.yaml,2.996000051498413,270,0,0,0,3.2540495,0.0
0.0,501,72326.768151,0,3,1000,/workspace7/Unity3D/gabriele/Animal-AI/models_arenas/arenas_paper/box_reason_1/c2_0598.yaml,0,1001,0,0,0,2.5956626,0.0
2.996,112,72330.770355,2.996000051498413,3,1000,/workspace7/Unity3D/gabriele/Animal-AI/models_arenas/arenas_paper/box_reason_1/c2_0355.yaml,2.996000051498413,224,0,0,0,3.2350001,0.0
2.996,119,72334.797059,2.996000051498413,3,1000,/workspace7/Unity3D/gabriele/Animal-AI/models_arenas/arenas_paper/box_reason_1/c2_0848.yaml,2.996000051498413,237,0,0,0,3.3452668,0.0
2.996,238,72346.480779,2.996000051498413,3,1000,/workspace7/Unity3D/gabriele/Animal-AI/models_arenas/arenas_paper/box_reason_1/c2_0736.yaml,0,0,0,0,0,0.0,0.0
0.0,501,72362.811411,0,3,1000,/workspace7/Unity3D/gabriele/Animal-AI/models_arenas/arenas_paper/box_reason_1/c2_0173.yaml,0,1001,0,0,0,2.9992492,0.0
2.996,139,72367.539919,2.996000051498413,3,1000,/workspace7/Unity3D/gabriele/Animal-AI/models_arenas/arenas_paper/box_reason_1/c2_0046.yaml,2.996000051498413,278,0,0,0,3.2010267,0.0
0.0,501,72387.675323,0,3,1000,/workspace7/Unity3D/gabriele/Animal-AI/models_arenas/arenas_paper/box_reason_1/c2_0482.yaml,0,1001,0,0,0,3.0015888,0.0
2.996,138,72392.329576,2.996000051498413,3,1000,/workspace7/Unity3D/gabriele/Animal-AI/models_arenas/arenas_paper/box_reason_1/c2_0393.yaml,2.996000051498413,275,0,0,0,2.9226267,0.0
2.996,196,72399.150446,2.996000051498413,3,1000,/workspace7/Unity3D/gabriele/Animal-AI/models_arenas/arenas_paper/box_reason_1/c2_0840.yaml,2.996000051498413,392,0,0,0,3.204025,0.0
2.996,109,72402.800495,2.996000051498413,3,1000,/workspace7/Unity3D/gabriele/Animal-AI/models_arenas/arenas_paper/box_reason_1/c2_0179.yaml,2.996000051498413,217,0,0,0,3.3151248,0.0
0.0,501,72423.797503,0,3,1000,/workspace7/Unity3D/gabriele/Animal-AI/models_arenas/arenas_paper/box_reason_1/c2_0207.yaml,0,1001,0,0,0,3.3268433,0.0
2.996,122,72427.958399,2.996000051498413,3,1000,/workspace7/Unity3D/gabriele/Animal-AI/models_arenas/arenas_paper/box_reason_1/c2_0805.yaml,2.996000051498413,243,0,0,0,3.1995733,0.0
2.996,154,72433.218395,2.996000051498413,3,1000,/workspace7/Unity3D/gabriele/Animal-AI/models_arenas/arenas_paper/box_reason_1/c2_0126.yaml,2.996000051498413,308,0,0,0,3.1084247,0.0
2.996,101,72436.614683,2.996000051498413,3,1000,/workspace7/Unity3D/gabriele/Animal-AI/models_arenas/arenas_paper/box_reason_1/c2_0989.yaml,2.996000051498413,202,0,0,0,3.2655275,0.0
0.0,501,72457.383604,0,3,1000,/workspace7/Unity3D/gabriele/Animal-AI/models_arenas/arenas_paper/box_reason_1/c2_0634.yaml,0,1001,0,0,0,2.692125,0.0
2.996,126,72461.817787,2.996000051498413,3,1000,/workspace7/Unity3D/gabriele/Animal-AI/models_arenas/arenas_paper/box_reason_1/c2_0271.yaml,2.996000051498413,251,0,0,0,3.2531981,0.0
2.996,105,72465.534765,2.996000051498413,3,1000,/workspace7/Unity3D/gabriele/Animal-AI/models_arenas/arenas_paper/box_reason_1/c2_0065.yaml,2.996000051498413,210,0,0,0,3.1644704,0.0
2.996,127,72470.032124,2.996000051498413,3,1000,/workspace7/Unity3D/gabriele/Animal-AI/models_arenas/arenas_paper/box_reason_1/c2_0188.yaml,2.996000051498413,254,0,0,0,3.332695,0.0
2.996,122,72474.286811,2.996000051498413,3,1000,/workspace7/Unity3D/gabriele/Animal-AI/models_arenas/arenas_paper/box_reason_1/c2_0118.yaml,2.996000051498413,243,0,0,0,3.2021852,0.0
2.996,168,72479.742395,2.996000051498413,3,1000,/workspace7/Unity3D/gabriele/Animal-AI/models_arenas/arenas_paper/box_reason_1/c2_0342.yaml,2.996000051498413,336,0,0,0,2.9625885,0.0
2.996,106,72483.056047,2.996000051498413,3,1000,/workspace7/Unity3D/gabriele/Animal-AI/models_arenas/arenas_paper/box_reason_1/c2_0775.yaml,2.996000051498413,211,0,0,0,3.210444,0.0
2.996,176,72488.82501,2.996000051498413,3,1000,/workspace7/Unity3D/gabriele/Animal-AI/models_arenas/arenas_paper/box_reason_1/c2_0747.yaml,2.996000051498413,352,0,0,0,3.0968099,0.0
2.996,336,72503.724829,2.996000051498413,3,1000,/workspace7/Unity3D/gabriele/Animal-AI/models_arenas/arenas_paper/box_reason_1/c2_0244.yaml,2.996000051498413,671,0,0,0,2.9663458,0.0
2.996,89,72506.728064,2.996000051498413,3,1000,/workspace7/Unity3D/gabriele/Animal-AI/models_arenas/arenas_paper/box_reason_1/c2_0496.yaml,2.996000051498413,177,0,0,0,3.1830554,0.0
2.996,276,72516.042022,2.996000051498413,3,1000,/workspace7/Unity3D/gabriele/Animal-AI/models_arenas/arenas_paper/box_reason_1/c2_0734.yaml,2.996000051498413,551,0,0,0,3.3095026,0.0
0.0,501,72536.994573,0,3,1000,/workspace7/Unity3D/gabriele/Animal-AI/models_arenas/arenas_paper/box_reason_1/c2_0081.yaml,0,1001,0,0,0,1.8997556,0.0
2.996,122,72541.108998,2.996000051498413,3,1000,/workspace7/Unity3D/gabriele/Animal-AI/models_arenas/arenas_paper/box_reason_1/c2_0645.yaml,2.996000051498413,243,0,0,0,2.941963,0.0
2.996,88,72544.037388,2.996000051498413,3,1000,/workspace7/Unity3D/gabriele/Animal-AI/models_arenas/arenas_paper/box_reason_1/c2_0448.yaml,2.996000051498413,176,0,0,0,3.368029,0.0
2.996,117,72548.082015,2.996000051498413,3,1000,/workspace7/Unity3D/gabriele/Animal-AI/models_arenas/arenas_paper/box_reason_1/c2_0855.yaml,2.996000051498413,233,0,0,0,3.1480021,0.0
2.996,164,72553.639757,2.996000051498413,3,1000,/workspace7/Unity3D/gabriele/Animal-AI/models_arenas/arenas_paper/box_reason_1/c2_0406.yaml,2.996000051498413,327,0,0,0,3.089907,0.0
2.996,270,72562.55765,2.996000051498413,3,1000,/workspace7/Unity3D/gabriele/Animal-AI/models_arenas/arenas_paper/box_reason_1/c2_0937.yaml,2.996000051498413,539,0,0,0,3.2935917,0.0
2.996,161,72571.853289,2.996000051498413,3,1000,/workspace7/Unity3D/gabriele/Animal-AI/models_arenas/arenas_paper/box_reason_1/c2_0110.yaml,2.996000051498413,321,0,0,0,3.0688984,0.0
2.996,116,72575.461375,2.996000051498413,3,1000,/workspace7/Unity3D/gabriele/Animal-AI/models_arenas/arenas_paper/box_reason_1/c2_0591.yaml,2.996000051498413,232,0,0,0,3.1839144,0.0
2.996,136,72579.725778,2.996000051498413,3,1000,/workspace7/Unity3D/gabriele/Animal-AI/models_arenas/arenas_paper/box_reason_1/c2_0875.yaml,2.996000051498413,271,0,0,0,3.4632125,0.0
2.996,147,72584.692229,2.996000051498413,3,1000,/workspace7/Unity3D/gabriele/Animal-AI/models_arenas/arenas_paper/box_reason_1/c2_0147.yaml,2.996000051498413,294,0,0,0,2.9975276,0.0
2.996,335,72596.437784,2.996000051498413,3,1000,/workspace7/Unity3D/gabriele/Animal-AI/models_arenas/arenas_paper/box_reason_1/c2_0132.yaml,2.996000051498413,670,0,0,0,2.7901726,0.0
2.996,132,72601.021669,2.996000051498413,3,1000,/workspace7/Unity3D/gabriele/Animal-AI/models_arenas/arenas_paper/box_reason_1/c2_0009.yaml,2.996000051498413,264,0,0,0,2.9406147,0.0
2.996,280,72614.442587,2.996000051498413,3,1000,/workspace7/Unity3D/gabriele/Animal-AI/models_arenas/arenas_paper/box_reason_1/c2_0740.yaml,2.996000051498413,560,0,0,0,3.0729513,0.0
2.996,164,72620.19579,2.996000051498413,3,1000,/workspace7/Unity3D/gabriele/Animal-AI/models_arenas/arenas_paper/box_reason_1/c2_0085.yaml,2.996000051498413,327,0,0,0,2.588122,0.0
2.996,124,72624.613462,2.996000051498413,3,1000,/workspace7/Unity3D/gabriele/Animal-AI/models_arenas/arenas_paper/box_reason_1/c2_0090.yaml,2.996000051498413,248,0,0,0,3.2243633,0.0
2.996,330,72636.12943,2.996000051498413,3,1000,/workspace7/Unity3D/gabriele/Animal-AI/models_arenas/arenas_paper/box_reason_1/c2_0656.yaml,2.996000051498413,660,0,0,0,2.9103322,0.0
2.996,122,72640.25107,2.996000051498413,3,1000,/workspace7/Unity3D/gabriele/Animal-AI/models_arenas/arenas_paper/box_reason_1/c2_0150.yaml,2.996000051498413,244,0,0,0,3.1208773,0.0
2.996,126,72648.345536,2.996000051498413,3,1000,/workspace7/Unity3D/gabriele/Animal-AI/models_arenas/arenas_paper/box_reason_1/c2_0875.yaml,2.996000051498413,251,0,0,0,3.0596697,0.0
2.996,145,72653.434797,2.996000051498413,3,1000,/workspace7/Unity3D/gabriele/Animal-AI/models_arenas/arenas_paper/box_reason_1/c2_0358.yaml,2.996000051498413,290,0,0,0,3.3827314,0.0
2.996,118,72657.599338,2.996000051498413,3,1000,/workspace7/Unity3D/gabriele/Animal-AI/models_arenas/arenas_paper/box_reason_1/c2_0944.yaml,2.996000051498413,235,0,0,0,3.282264,0.0
2.996,121,72661.743961,2.996000051498413,3,1000,/workspace7/Unity3D/gabriele/Animal-AI/models_arenas/arenas_paper/box_reason_1/c2_0701.yaml,2.996000051498413,241,0,0,0,3.2382812,0.0
2.996,231,72669.702831,2.996000051498413,3,1000,/workspace7/Unity3D/gabriele/Animal-AI/models_arenas/arenas_paper/box_reason_1/c2_0645.yaml,2.996000051498413,462,0,0,0,3.186786,0.0
2.996,303,72679.392416,2.996000051498413,3,1000,/workspace7/Unity3D/gabriele/Animal-AI/models_arenas/arenas_paper/box_reason_1/c2_0861.yaml,2.996000051498413,606,0,0,0,2.9973629,0.0
2.996,139,72687.54384,2.996000051498413,3,1000,/workspace7/Unity3D/gabriele/Animal-AI/models_arenas/arenas_paper/box_reason_1/c2_0230.yaml,0,0,0,0,0,0.0,0.0
2.996,103,72691.048358,2.996000051498413,3,1000,/workspace7/Unity3D/gabriele/Animal-AI/models_arenas/arenas_paper/box_reason_1/c2_0019.yaml,2.996000051498413,206,0,0,0,3.2422383,0.0
2.996,114,72694.613584,2.996000051498413,3,1000,/workspace7/Unity3D/gabriele/Animal-AI/models_arenas/arenas_paper/box_reason_1/c2_0499.yaml,2.996000051498413,227,0,0,0,2.9911585,0.0
2.996,167,72700.327401,2.996000051498413,3,1000,/workspace7/Unity3D/gabriele/Animal-AI/models_arenas/arenas_paper/box_reason_1/c2_0206.yaml,2.996000051498413,333,0,0,0,3.087504,0.0
2.996,143,72705.107917,2.996000051498413,3,1000,/workspace7/Unity3D/gabriele/Animal-AI/models_arenas/arenas_paper/box_reason_1/c2_0711.yaml,2.996000051498413,285,0,0,0,3.0578303,0.0
2.996,137,72709.594849,2.996000051498413,3,1000,/workspace7/Unity3D/gabriele/Animal-AI/models_arenas/arenas_paper/box_reason_1/c2_0369.yaml,2.996000051498413,273,0,0,0,3.0257425,0.0
0.0,501,72730.203479,0,3,1000,/workspace7/Unity3D/gabriele/Animal-AI/models_arenas/arenas_paper/box_reason_1/c2_0499.yaml,0,1001,0,0,0,2.4930296,0.0
2.996,130,72734.407329,2.996000051498413,3,1000,/workspace7/Unity3D/gabriele/Animal-AI/models_arenas/arenas_paper/box_reason_1/c2_0189.yaml,2.996000051498413,260,0,0,0,3.2914205,0.0
2.996,458,72749.834112,2.996000051498413,3,1000,/workspace7/Unity3D/gabriele/Animal-AI/models_arenas/arenas_paper/box_reason_1/c2_0124.yaml,2.996000051498413,916,0,0,0,3.1644526,0.0
2.996,124,72757.569211,2.996000051498413,3,1000,/workspace7/Unity3D/gabriele/Animal-AI/models_arenas/arenas_paper/box_reason_1/c2_0420.yaml,0,0,0,0,0,0.0,0.0
2.996,167,72763.528383,2.996000051498413,3,1000,/workspace7/Unity3D/gabriele/Animal-AI/models_arenas/arenas_paper/box_reason_1/c2_0789.yaml,2.996000051498413,333,0,0,0,3.0698557,0.0
2.996,132,72767.905334,2.996000051498413,3,1000,/workspace7/Unity3D/gabriele/Animal-AI/models_arenas/arenas_paper/box_reason_1/c2_0101.yaml,2.996000051498413,264,0,0,0,2.9111705,0.0
2.996,189,72774.383578,2.996000051498413,3,1000,/workspace7/Unity3D/gabriele/Animal-AI/models_arenas/arenas_paper/box_reason_1/c2_0591.yaml,2.996000051498413,378,0,0,0,3.0048862,0.0
2.996,88,72777.415942,2.996000051498413,3,1000,/workspace7/Unity3D/gabriele/Animal-AI/models_arenas/arenas_paper/box_reason_1/c2_0223.yaml,2.996000051498413,176,0,0,0,3.2168396,0.0
2.996,134,72782.15503,2.996000051498413,3,1000,/workspace7/Unity3D/gabriele/Animal-AI/models_arenas/arenas_paper/box_reason_1/c2_0314.yaml,2.996000051498413,267,0,0,0,3.0433936,0.0
2.996,130,72786.803739,2.996000051498413,3,1000,/workspace7/Unity3D/gabriele/Animal-AI/models_arenas/arenas_paper/box_reason_1/c2_0215.yaml,2.996000051498413,260,0,0,0,3.1278014,0.0
2.996,187,72796.941969,2.996000051498413,3,1000,/workspace7/Unity3D/gabriele/Animal-AI/models_arenas/arenas_paper/box_reason_1/c2_0273.yaml,2.996000051498413,374,0,0,0,2.9675963,0.0
2.996,139,72801.343815,2.996000051498413,3,1000,/workspace7/Unity3D/gabriele/Animal-AI/models_arenas/arenas_paper/box_reason_1/c2_0314.yaml,2.996000051498413,278,0,0,0,3.103185,0.0
0.0,501,72817.915465,0,3,1000,/workspace7/Unity3D/gabriele/Animal-AI/models_arenas/arenas_paper/box_reason_1/c2_0441.yaml,0,1001,0,0,0,2.4071043,0.0
2.996,169,72823.741632,2.996000051498413,3,1000,/workspace7/Unity3D/gabriele/Animal-AI/models_arenas/arenas_paper/box_reason_1/c2_0420.yaml,2.996000051498413,338,0,0,0,2.887352,0.0
2.996,376,72840.402403,2.996000051498413,3,1000,/workspace7/Unity3D/gabriele/Animal-AI/models_arenas/arenas_paper/box_reason_1/c2_0566.yaml,2.996000051498413,752,0,0,0,2.9959643,0.0
2.996,159,72845.753512,2.996000051498413,3,1000,/workspace7/Unity3D/gabriele/Animal-AI/models_arenas/arenas_paper/box_reason_1/c2_0022.yaml,2.996000051498413,318,0,0,0,3.5468824,0.0
2.996,152,72851.096475,2.996000051498413,3,1000,/workspace7/Unity3D/gabriele/Animal-AI/models_arenas/arenas_paper/box_reason_1/c2_0656.yaml,2.996000051498413,304,0,0,0,3.217229,0.0
2.996,244,72859.557897,2.996000051498413,3,1000,/workspace7/Unity3D/gabriele/Animal-AI/models_arenas/arenas_paper/box_reason_1/c2_0131.yaml,2.996000051498413,487,0,0,0,3.1373255,0.0
2.996,144,72864.61568,2.996000051498413,3,1000,/workspace7/Unity3D/gabriele/Animal-AI/models_arenas/arenas_paper/box_reason_1/c2_0017.yaml,2.996000051498413,288,0,0,0,3.3156028,0.0
2.996,211,72875.584453,2.996000051498413,3,1000,/workspace7/Unity3D/gabriele/Animal-AI/models_arenas/arenas_paper/box_reason_1/c2_0572.yaml,2.996000051498413,422,0,0,0,2.865632,0.0
2.996,495,72892.740919,2.996000051498413,3,1000,/workspace7/Unity3D/gabriele/Animal-AI/models_arenas/arenas_paper/box_reason_1/c2_0764.yaml,2.996000051498413,989,0,0,0,2.8362675,0.0
2.996,100,72896.295316,2.996000051498413,3,1000,/workspace7/Unity3D/gabriele/Animal-AI/models_arenas/arenas_paper/box_reason_1/c2_0006.yaml,2.996000051498413,200,0,0,0,3.2867246,0.0
2.996,352,72911.85258,2.996000051498413,3,1000,/workspace7/Unity3D/gabriele/Animal-AI/models_arenas/arenas_paper/box_reason_1/c2_0667.yaml,2.996000051498413,704,0,0,0,2.9494817,0.0
2.996,137,72916.500043,2.996000051498413,3,1000,/workspace7/Unity3D/gabriele/Animal-AI/models_arenas/arenas_paper/box_reason_1/c2_0461.yaml,2.996000051498413,273,0,0,0,2.893263,0.0
0.0,501,72933.594195,0,3,1000,/workspace7/Unity3D/gabriele/Animal-AI/models_arenas/arenas_paper/box_reason_1/c2_0796.yaml,0,1001,0,0,0,1.9642113,0.0
2.996,147,72938.713182,2.996000051498413,3,1000,/workspace7/Unity3D/gabriele/Animal-AI/models_arenas/arenas_paper/box_reason_1/c2_0872.yaml,2.996000051498413,293,0,0,0,3.3950384,0.0
2.996,146,72947.286067,2.996000051498413,3,1000,/workspace7/Unity3D/gabriele/Animal-AI/models_arenas/arenas_paper/box_reason_1/c2_0733.yaml,2.996000051498413,292,0,0,0,3.412176,0.0
2.996,99,72950.494373,2.996000051498413,3,1000,/workspace7/Unity3D/gabriele/Animal-AI/models_arenas/arenas_paper/box_reason_1/c2_0895.yaml,2.996000051498413,197,0,0,0,3.2934635,0.0
2.996,115,72954.197193,2.996000051498413,3,1000,/workspace7/Unity3D/gabriele/Animal-AI/models_arenas/arenas_paper/box_reason_1/c2_0251.yaml,2.996000051498413,229,0,0,0,3.198414,0.0
2.996,254,72962.886067,2.996000051498413,3,1000,/workspace7/Unity3D/gabriele/Animal-AI/models_arenas/arenas_paper/box_reason_1/c2_0396.yaml,2.996000051498413,508,0,0,0,2.7711859,0.0
2.996,133,72967.61415,2.996000051498413,3,1000,/workspace7/Unity3D/gabriele/Animal-AI/models_arenas/arenas_paper/box_reason_1/c2_0618.yaml,2.996000051498413,266,0,0,0,2.8431466,0.0
0.0,501,72988.598817,0,3,1000,/workspace7/Unity3D/gabriele/Animal-AI/models_arenas/arenas_paper/box_reason_1/c2_0893.yaml,0,1001,0,0,0,2.3435378,0.0
2.996,159,72993.989197,2.996000051498413,3,1000,/workspace7/Unity3D/gabriele/Animal-AI/models_arenas/arenas_paper/box_reason_1/c2_0432.yaml,0,0,0,0,0,0.0,0.0
2.996,147,72998.788304,2.996000051498413,3,1000,/workspace7/Unity3D/gabriele/Animal-AI/models_arenas/arenas_paper/box_reason_1/c2_0129.yaml,0,0,0,0,0,0.0,0.0
2.996,112,73002.705185,2.996000051498413,3,1000,/workspace7/Unity3D/gabriele/Animal-AI/models_arenas/arenas_paper/box_reason_1/c2_0688.yaml,2.996000051498413,224,0,0,0,3.220319,0.0
0.0,501,73023.852525,0,3,1000,/workspace7/Unity3D/gabriele/Animal-AI/models_arenas/arenas_paper/box_reason_1/c2_0239.yaml,0,1001,0,0,0,2.6096332,0.0
2.996,122,73027.951579,2.996000051498413,3,1000,/workspace7/Unity3D/gabriele/Animal-AI/models_arenas/arenas_paper/box_reason_1/c2_0112.yaml,2.996000051498413,243,0,0,0,2.8281822,0.0
2.996,145,73032.625082,2.996000051498413,3,1000,/workspace7/Unity3D/gabriele/Animal-AI/models_arenas/arenas_paper/box_reason_1/c2_0445.yaml,0,0,0,0,0,0.0,0.0
2.996,141,73037.195999,2.996000051498413,3,1000,/workspace7/Unity3D/gabriele/Animal-AI/models_arenas/arenas_paper/box_reason_1/c2_0780.yaml,2.996000051498413,282,0,0,0,3.2025442,0.0
2.996,140,73041.707486,2.996000051498413,3,1000,/workspace7/Unity3D/gabriele/Animal-AI/models_arenas/arenas_paper/box_reason_1/c2_0517.yaml,2.996000051498413,279,0,0,0,2.9392352,0.0
2.996,165,73047.43832,2.996000051498413,3,1000,/workspace7/Unity3D/gabriele/Animal-AI/models_arenas/arenas_paper/box_reason_1/c2_0291.yaml,2.996000051498413,330,0,0,0,3.137109,0.0
2.996,152,73052.708089,2.996000051498413,3,1000,/workspace7/Unity3D/gabriele/Animal-AI/models_arenas/arenas_paper/box_reason_1/c2_0416.yaml,2.996000051498413,304,0,0,0,3.050499,0.0
2.996,358,73068.984177,2.996000051498413,3,1000,/workspace7/Unity3D/gabriele/Animal-AI/models_arenas/arenas_paper/box_reason_1/c2_0426.yaml,2.996000051498413,715,0,0,0,3.120359,0.0
2.996,310,73079.771286,2.996000051498413,3,1000,/workspace7/Unity3D/gabriele/Animal-AI/models_arenas/arenas_paper/box_reason_1/c2_0172.yaml,2.996000051498413,620,0,0,0,3.028592,0.0
2.996,113,73083.745689,2.996000051498413,3,1000,/workspace7/Unity3D/gabriele/Animal-AI/models_arenas/arenas_paper/box_reason_1/c2_0698.yaml,2.996000051498413,225,0,0,0,2.9735906,0.0
2.996,269,73093.204569,2.996000051498413,3,1000,/workspace7/Unity3D/gabriele/Animal-AI/models_arenas/arenas_paper/box_reason_1/c2_0161.yaml,2.996000051498413,538,0,0,0,3.184702,0.0
2.996,240,73104.669117,2.996000051498413,3,1000,/workspace7/Unity3D/gabriele/Animal-AI/models_arenas/arenas_paper/box_reason_1/c2_0449.yaml,2.996000051498413,480,0,0,0,2.869924,0.0
2.996,133,73109.041236,2.996000051498413,3,1000,/workspace7/Unity3D/gabriele/Animal-AI/models_arenas/arenas_paper/box_reason_1/c2_0773.yaml,2.996000051498413,265,0,0,0,3.373646,0.0
2.996,289,73118.466778,2.996000051498413,3,1000,/workspace7/Unity3D/gabriele/Animal-AI/models_arenas/arenas_paper/box_reason_1/c2_0518.yaml,2.996000051498413,577,0,0,0,2.8411021,0.0
2.996,113,73122.437219,2.996000051498413,3,1000,/workspace7/Unity3D/gabriele/Animal-AI/models_arenas/arenas_paper/box_reason_1/c2_0093.yaml,2.996000051498413,225,0,0,0,3.2940588,0.0
2.996,391,73139.625455,2.996000051498413,3,1000,/workspace7/Unity3D/gabriele/Animal-AI/models_arenas/arenas_paper/box_reason_1/c2_0593.yaml,2.996000051498413,782,0,0,0,2.5962465,0.0
2.996,235,73147.851284,2.996000051498413,3,1000,/workspace7/Unity3D/gabriele/Animal-AI/models_arenas/arenas_paper/box_reason_1/c2_0862.yaml,2.996000051498413,469,0,0,0,3.257053,0.0
2.996,425,73162.407406,2.996000051498413,3,1000,/workspace7/Unity3D/gabriele/Animal-AI/models_arenas/arenas_paper/box_reason_1/c2_0636.yaml,2.996000051498413,849,0,0,0,2.9805088,0.0
2.996,352,73177.899762,2.996000051498413,3,1000,/workspace7/Unity3D/gabriele/Animal-AI/models_arenas/arenas_paper/box_reason_1/c2_0046.yaml,0,0,0,0,0,0.0,0.0
2.996,111,73181.684918,2.996000051498413,3,1000,/workspace7/Unity3D/gabriele/Animal-AI/models_arenas/arenas_paper/box_reason_1/c2_0793.yaml,2.996000051498413,221,0,0,0,3.183237,0.0
2.996,254,73189.882963,2.996000051498413,3,1000,/workspace7/Unity3D/gabriele/Animal-AI/models_arenas/arenas_paper/box_reason_1/c2_0912.yaml,0,0,0,0,0,0.0,0.0
0.0,501,73206.960423,0,3,1000,/workspace7/Unity3D/gabriele/Animal-AI/models_arenas/arenas_paper/box_reason_1/c2_0760.yaml,0,1001,0,0,0,2.164725,0.0
2.996,97,73214.023549,2.996000051498413,3,1000,/workspace7/Unity3D/gabriele/Animal-AI/models_arenas/arenas_paper/box_reason_1/c2_0926.yaml,2.996000051498413,193,0,0,0,3.126215,0.0
2.996,173,73220.043843,2.996000051498413,3,1000,/workspace7/Unity3D/gabriele/Animal-AI/models_arenas/arenas_paper/box_reason_1/c2_0990.yaml,2.996000051498413,345,0,0,0,3.1493742,0.0
0.0,501,73236.918863,0,3,1000,/workspace7/Unity3D/gabriele/Animal-AI/models_arenas/arenas_paper/box_reason_1/c2_0226.yaml,0,1001,0,0,0,2.2608206,0.0
2.996,124,73241.352969,2.996000051498413,3,1000,/workspace7/Unity3D/gabriele/Animal-AI/models_arenas/arenas_paper/box_reason_1/c2_0105.yaml,2.996000051498413,247,0,0,0,2.6121278,0.0
2.996,145,73250.109369,2.996000051498413,3,1000,/workspace7/Unity3D/gabriele/Animal-AI/models_arenas/arenas_paper/box_reason_1/c2_0807.yaml,2.996000051498413,289,0,0,0,3.204224,0.0
2.996,147,73255.126638,2.996000051498413,3,1000,/workspace7/Unity3D/gabriele/Animal-AI/models_arenas/arenas_paper/box_reason_1/c2_0086.yaml,2.996000051498413,293,0,0,0,3.2179258,0.0
2.996,107,73258.622904,2.996000051498413,3,1000,/workspace7/Unity3D/gabriele/Animal-AI/models_arenas/arenas_paper/box_reason_1/c2_0002.yaml,2.996000051498413,214,0,0,0,3.2482476,0.0
2.996,161,73264.108018,2.996000051498413,3,1000,/workspace7/Unity3D/gabriele/Animal-AI/models_arenas/arenas_paper/box_reason_1/c2_0135.yaml,2.996000051498413,322,0,0,0,3.2465296,0.0
2.996,210,73271.485342,2.996000051498413,3,1000,/workspace7/Unity3D/gabriele/Animal-AI/models_arenas/arenas_paper/box_reason_1/c2_0893.yaml,2.996000051498413,420,0,0,0,3.213315,0.0
2.996,147,73276.151058,2.996000051498413,3,1000,/workspace7/Unity3D/gabriele/Animal-AI/models_arenas/arenas_paper/box_reason_1/c2_0832.yaml,0,0,0,0,0,0.0,0.0
2.996,115,73279.885739,2.996000051498413,3,1000,/workspace7/Unity3D/gabriele/Animal-AI/models_arenas/arenas_paper/box_reason_1/c2_0489.yaml,2.996000051498413,229,0,0,0,3.213344,0.0
2.996,205,73290.618808,2.996000051498413,3,1000,/workspace7/Unity3D/gabriele/Animal-AI/models_arenas/arenas_paper/box_reason_1/c2_0982.yaml,2.996000051498413,410,0,0,0,3.090474,0.0
2.996,120,73294.447712,2.996000051498413,3,1000,/workspace7/Unity3D/gabriele/Animal-AI/models_arenas/arenas_paper/box_reason_1/c2_0218.yaml,2.996000051498413,239,0,0,0,2.9859824,0.0
2.996,163,73299.75172,2.996000051498413,3,1000,/workspace7/Unity3D/gabriele/Animal-AI/models_arenas/arenas_paper/box_reason_1/c2_0493.yaml,2.996000051498413,326,0,0,0,3.065527,0.0
2.996,135,73304.190629,2.996000051498413,3,1000,/workspace7/Unity3D/gabriele/Animal-AI/models_arenas/arenas_paper/box_reason_1/c2_0955.yaml,2.996000051498413,269,0,0,0,2.9558914,0.0
2.996,143,73309.0086,2.996000051498413,3,1000,/workspace7/Unity3D/gabriele/Animal-AI/models_arenas/arenas_paper/box_reason_1/c2_0718.yaml,2.996000051498413,286,0,0,0,3.164228,0.0
2.996,166,73314.458394,2.996000051498413,3,1000,/workspace7/Unity3D/gabriele/Animal-AI/models_arenas/arenas_paper/box_reason_1/c2_0852.yaml,2.996000051498413,331,0,0,0,3.3415277,0.0
2.996,94,73317.590481,2.996000051498413,3,1000,/workspace7/Unity3D/gabriele/Animal-AI/models_arenas/arenas_paper/box_reason_1/c2_0981.yaml,2.996000051498413,188,0,0,0,3.2772071,0.0
2.996,135,73325.704504,2.996000051498413,3,1000,/workspace7/Unity3D/gabriele/Animal-AI/models_arenas/arenas_paper/box_reason_1/c2_0786.yaml,2.996000051498413,270,0,0,0,3.15483,0.0
2.996,160,73331.112648,2.996000051498413,3,1000,/workspace7/Unity3D/gabriele/Animal-AI/models_arenas/arenas_paper/box_reason_1/c2_0099.yaml,2.996000051498413,319,0,0,0,2.9655974,0.0
2.996,133,73335.50538,2.996000051498413,3,1000,/workspace7/Unity3D/gabriele/Animal-AI/models_arenas/arenas_paper/box_reason_1/c2_0502.yaml,2.996000051498413,266,0,0,0,3.246343,0.0
2.996,185,73341.878681,2.996000051498413,3,1000,/workspace7/Unity3D/gabriele/Animal-AI/models_arenas/arenas_paper/box_reason_1/c2_0539.yaml,2.996000051498413,370,0,0,0,2.8788927,0.0
2.996,97,73344.787297,2.996000051498413,3,1000,/workspace7/Unity3D/gabriele/Animal-AI/models_arenas/arenas_paper/box_reason_1/c2_0165.yaml,0,0,0,0,0,0.0,0.0
2.996,170,73350.103539,2.996000051498413,3,1000,/workspace7/Unity3D/gabriele/Animal-AI/models_arenas/arenas_paper/box_reason_1/c2_0285.yaml,2.996000051498413,339,0,0,0,2.8849435,0.0
2.996,144,73354.764964,2.996000051498413,3,1000,/workspace7/Unity3D/gabriele/Animal-AI/models_arenas/arenas_paper/box_reason_1/c2_0350.yaml,2.996000051498413,288,0,0,0,2.9656208,0.0
2.996,128,73362.791076,2.996000051498413,3,1000,/workspace7/Unity3D/gabriele/Animal-AI/models_arenas/arenas_paper/box_reason_1/c2_0510.yaml,2.996000051498413,255,0,0,0,2.9486349,0.0
2.996,152,73367.919559,2.996000051498413,3,1000,/workspace7/Unity3D/gabriele/Animal-AI/models_arenas/arenas_paper/box_reason_1/c2_0573.yaml,0,0,0,0,0,0.0,0.0
0.0,501,73384.864563,0,3,1000,/workspace7/Unity3D/gabriele/Animal-AI/models_arenas/arenas_paper/box_reason_1/c2_0296.yaml,0,1001,0,0,0,2.0018978,0.0
2.996,141,73389.800777,2.996000051498413,3,1000,/workspace7/Unity3D/gabriele/Animal-AI/models_arenas/arenas_paper/box_reason_1/c2_0220.yaml,2.996000051498413,281,0,0,0,3.0207512,0.0
2.996,416,73407.894884,2.996000051498413,3,1000,/workspace7/Unity3D/gabriele/Animal-AI/models_arenas/arenas_paper/box_reason_1/c2_0259.yaml,2.996000051498413,832,0,0,0,2.919143,0.0
2.996,95,73411.124105,2.996000051498413,3,1000,/workspace7/Unity3D/gabriele/Animal-AI/models_arenas/arenas_paper/box_reason_1/c2_0782.yaml,2.996000051498413,190,0,0,0,3.1646833,0.0
2.996,143,73415.777417,2.996000051498413,3,1000,/workspace7/Unity3D/gabriele/Animal-AI/models_arenas/arenas_paper/box_reason_1/c2_0771.yaml,2.996000051498413,286,0,0,0,3.0485024,0.0
2.996,158,73420.99641,2.996000051498413,3,1000,/workspace7/Unity3D/gabriele/Animal-AI/models_arenas/arenas_paper/box_reason_1/c2_0565.yaml,2.996000051498413,315,0,0,0,3.1914265,0.0
2.996,192,73427.269684,2.996000051498413,3,1000,/workspace7/Unity3D/gabriele/Animal-AI/models_arenas/arenas_paper/box_reason_1/c2_0466.yaml,2.996000051498413,384,0,0,0,2.8527436,0.0
2.996,296,73441.28761,2.996000051498413,3,1000,/workspace7/Unity3D/gabriele/Animal-AI/models_arenas/arenas_paper/box_reason_1/c2_0784.yaml,2.996000051498413,591,0,0,0,2.8877544,0.0
2.996,163,73446.28572,2.996000051498413,3,1000,/workspace7/Unity3D/gabriele/Animal-AI/models_arenas/arenas_paper/box_reason_1/c2_0770.yaml,2.996000051498413,326,0,0,0,2.9913738,0.0
2.996,124,73449.988539,2.996000051498413,3,1000,/workspace7/Unity3D/gabriele/Animal-AI/models_arenas/arenas_paper/box_reason_1/c2_0544.yaml,0,0,0,0,0,0.0,0.0
0.0,501,73467.274378,0,3,1000,/workspace7/Unity3D/gabriele/Animal-AI/models_arenas/arenas_paper/box_reason_1/c2_0300.yaml,0,1001,0,0,0,3.1791856,0.0
2.996,102,73474.455435,2.996000051498413,3,1000,/workspace7/Unity3D/gabriele/Animal-AI/models_arenas/arenas_paper/box_reason_1/c2_0103.yaml,2.996000051498413,204,0,0,0,3.2595162,0.0
2.996,112,73478.381984,2.996000051498413,3,1000,/workspace7/Unity3D/gabriele/Animal-AI/models_arenas/arenas_paper/box_reason_1/c2_0479.yaml,2.996000051498413,224,0,0,0,2.9808242,0.0
0.0,501,73494.794836,0,3,1000,/workspace7/Unity3D/gabriele/Animal-AI/models_arenas/arenas_paper/box_reason_1/c2_0200.yaml,0,1001,0,0,0,2.422846,0.0
0.0,501,73515.720692,0,3,1000,/workspace7/Unity3D/gabriele/Animal-AI/models_arenas/arenas_paper/box_reason_1/c2_0355.yaml,0,1001,0,0,0,1.8342245,0.0
2.996,122,73519.348895,2.996000051498413,3,1000,/workspace7/Unity3D/gabriele/Animal-AI/models_arenas/arenas_paper/box_reason_1/c2_0148.yaml,2.996000051498413,243,0,0,0,3.1617994,0.0
2.996,151,73524.50201,2.996000051498413,3,1000,/workspace7/Unity3D/gabriele/Animal-AI/models_arenas/arenas_paper/box_reason_1/c2_0527.yaml,2.996000051498413,301,0,0,0,3.4684277,0.0
0.0,501,73541.742986,0,3,1000,/workspace7/Unity3D/gabriele/Animal-AI/models_arenas/arenas_paper/box_reason_1/c2_0791.yaml,0,1001,0,0,0,2.524509,0.0
2.996,125,73549.809068,2.996000051498413,3,1000,/workspace7/Unity3D/gabriele/Animal-AI/models_arenas/arenas_paper/box_reason_1/c2_0231.yaml,2.996000051498413,249,0,0,0,3.00345,0.0
2.996,109,73553.491595,2.996000051498413,3,1000,/workspace7/Unity3D/gabriele/Animal-AI/models_arenas/arenas_paper/box_reason_1/c2_0297.yaml,2.996000051498413,217,0,0,0,3.1546664,0.0
2.996,125,73557.393549,2.996000051498413,3,1000,/workspace7/Unity3D/gabriele/Animal-AI/models_arenas/arenas_paper/box_reason_1/c2_0468.yaml,2.996000051498413,249,0,0,0,3.0319376,0.0
2.996,129,73561.741842,2.996000051498413,3,1000,/workspace7/Unity3D/gabriele/Animal-AI/models_arenas/arenas_paper/box_reason_1/c2_0151.yaml,2.996000051498413,257,0,0,0,3.3446617,0.0
2.996,167,73567.396946,2.996000051498413,3,1000,/workspace7/Unity3D/gabriele/Animal-AI/models_arenas/arenas_paper/box_reason_1/c2_0397.yaml,2.996000051498413,333,0,0,0,3.3896956,0.0
2.996,233,73575.036403,2.996000051498413,3,1000,/workspace7/Unity3D/gabriele/Animal-AI/models_arenas/arenas_paper/box_reason_1/c2_0225.yaml,2.996000051498413,465,0,0,0,3.0349889,0.0
2.996,169,73584.631406,2.996000051498413,3,1000,/workspace7/Unity3D/gabriele/Animal-AI/models_arenas/arenas_paper/box_reason_1/c2_0602.yaml,2.996000051498413,337,0,0,0,2.8498018,0.0
2.996,121,73588.902012,2.996000051498413,3,1000,/workspace7/Unity3D/gabriele/Animal-AI/models_arenas/arenas_paper/box_reason_1/c2_0507.yaml,2.996000051498413,241,0,0,0,3.325262,0.0
2.996,390,73602.749039,2.996000051498413,3,1000,/workspace7/Unity3D/gabriele/Animal-AI/models_arenas/arenas_paper/box_reason_1/c2_0533.yaml,2.996000051498413,779,0,0,0,3.062716,0.0
2.996,105,73606.269866,2.996000051498413,3,1000,/workspace7/Unity3D/gabriele/Animal-AI/models_arenas/arenas_paper/box_reason_1/c2_0597.yaml,2.996000051498413,209,0,0,0,3.1653838,0.0
2.996,157,73611.623237,2.996000051498413,3,1000,/workspace7/Unity3D/gabriele/Animal-AI/models_arenas/arenas_paper/box_reason_1/c2_0661.yaml,2.996000051498413,314,0,0,0,3.3023381,0.0
2.996,114,73615.544785,2.996000051498413,3,1000,/workspace7/Unity3D/gabriele/Animal-AI/models_arenas/arenas_paper/box_reason_1/c2_0128.yaml,2.996000051498413,228,0,0,0,3.1927192,0.0
2.996,147,73624.002385,2.996000051498413,3,1000,/workspace7/Unity3D/gabriele/Animal-AI/models_arenas/arenas_paper/box_reason_1/c2_0335.yaml,2.996000051498413,294,0,0,0,2.6736991,0.0
2.996,434,73638.522291,2.996000051498413,3,1000,/workspace7/Unity3D/gabriele/Animal-AI/models_arenas/arenas_paper/box_reason_1/c2_0418.yaml,2.996000051498413,868,0,0,0,2.8888001,0.0
2.996,104,73641.775417,2.996000051498413,3,1000,/workspace7/Unity3D/gabriele/Animal-AI/models_arenas/arenas_paper/box_reason_1/c2_0772.yaml,2.996000051498413,207,0,0,0,3.1814673,0.0
2.996,115,73645.629829,2.996000051498413,3,1000,/workspace7/Unity3D/gabriele/Animal-AI/models_arenas/arenas_paper/box_reason_1/c2_0848.yaml,2.996000051498413,230,0,0,0,3.2652876,0.0
2.996,152,73650.757954,2.996000051498413,3,1000,/workspace7/Unity3D/gabriele/Animal-AI/models_arenas/arenas_paper/box_reason_1/c2_0036.yaml,2.996000051498413,304,0,0,0,3.0118642,0.0
2.996,151,73660.016442,2.996000051498413,3,1000,/workspace7/Unity3D/gabriele/Animal-AI/models_arenas/arenas_paper/box_reason_1/c2_0121.yaml,2.996000051498413,302,0,0,0,2.6221573,0.0
2.996,182,73666.175099,2.996000051498413,3,1000,/workspace7/Unity3D/gabriele/Animal-AI/models_arenas/arenas_paper/box_reason_1/c2_0663.yaml,2.996000051498413,364,0,0,0,2.9880393,0.0
2.996,122,73670.089043,2.996000051498413,3,1000,/workspace7/Unity3D/gabriele/Animal-AI/models_arenas/arenas_paper/box_reason_1/c2_0121.yaml,2.996000051498413,243,0,0,0,3.372842,0.0
2.996,120,73674.223438,2.996000051498413,3,1000,/workspace7/Unity3D/gabriele/Animal-AI/models_arenas/arenas_paper/box_reason_1/c2_0621.yaml,2.996000051498413,240,0,0,0,2.8212783,0.0
2.996,144,73679.023817,2.996000051498413,3,1000,/workspace7/Unity3D/gabriele/Animal-AI/models_arenas/arenas_paper/box_reason_1/c2_0658.yaml,2.996000051498413,287,0,0,0,3.2943847,0.0
2.996,268,73687.782392,2.996000051498413,3,1000,/workspace7/Unity3D/gabriele/Animal-AI/models_arenas/arenas_paper/box_reason_1/c2_0976.yaml,2.996000051498413,536,0,0,0,3.0563862,0.0
2.996,371,73704.122072,2.996000051498413,3,1000,/workspace7/Unity3D/gabriele/Animal-AI/models_arenas/arenas_paper/box_reason_1/c2_0666.yaml,2.996000051498413,741,0,0,0,2.8890228,0.0
2.996,104,73707.763852,2.996000051498413,3,1000,/workspace7/Unity3D/gabriele/Animal-AI/models_arenas/arenas_paper/box_reason_1/c2_0306.yaml,2.996000051498413,207,0,0,0,3.2575667,0.0
2.996,106,73711.391265,2.996000051498413,3,1000,/workspace7/Unity3D/gabriele/Animal-AI/models_arenas/arenas_paper/box_reason_1/c2_0832.yaml,2.996000051498413,211,0,0,0,3.038043,0.0
2.996,105,73714.801563,2.996000051498413,3,1000,/workspace7/Unity3D/gabriele/Animal-AI/models_arenas/arenas_paper/box_reason_1/c2_0709.yaml,2.996000051498413,210,0,0,0,3.248801,0.0
2.996,105,73718.247649,2.996000051498413,3,1000,/workspace7/Unity3D/gabriele/Animal-AI/models_arenas/arenas_paper/box_reason_1/c2_0665.yaml,2.996000051498413,209,0,0,0,3.0987043,0.0
2.996,185,73723.929466,2.996000051498413,3,1000,/workspace7/Unity3D/gabriele/Animal-AI/models_arenas/arenas_paper/box_reason_1/c2_0720.yaml,2.996000051498413,369,0,0,0,3.06553,0.0
2.996,92,73726.925403,2.996000051498413,3,1000,/workspace7/Unity3D/gabriele/Animal-AI/models_arenas/arenas_paper/box_reason_1/c2_0476.yaml,2.996000051498413,184,0,0,0,2.9686995,0.0
2.996,105,73734.1481,2.996000051498413,3,1000,/workspace7/Unity3D/gabriele/Animal-AI/models_arenas/arenas_paper/box_reason_1/c2_0731.yaml,2.996000051498413,210,0,0,0,3.0868738,0.0
2.996,390,73746.170065,2.996000051498413,3,1000,/workspace7/Unity3D/gabriele/Animal-AI/models_arenas/arenas_paper/box_reason_1/c2_0246.yaml,0,0,0,0,0,0.0,0.0
2.996,142,73751.02089,2.996000051498413,3,1000,/workspace7/Unity3D/gabriele/Animal-AI/models_arenas/arenas_paper/box_reason_1/c2_0807.yaml,2.996000051498413,284,0,0,0,2.8868773,0.0
2.996,137,73755.438435,2.996000051498413,3,1000,/workspace7/Unity3D/gabriele/Animal-AI/models_arenas/arenas_paper/box_reason_1/c2_0368.yaml,2.996000051498413,274,0,0,0,2.9382143,0.0
2.996,122,73759.656319,2.996000051498413,3,1000,/workspace7/Unity3D/gabriele/Animal-AI/models_arenas/arenas_paper/box_reason_1/c2_0091.yaml,2.996000051498413,244,0,0,0,3.2978387,0.0
2.996,121,73763.96298,2.996000051498413,3,1000,/workspace7/Unity3D/gabriele/Animal-AI/models_arenas/arenas_paper/box_reason_1/c2_0903.yaml,2.996000051498413,241,0,0,0,3.3007271,0.0
2.996,105,73771.378597,2.996000051498413,3,1000,/workspace7/Unity3D/gabriele/Animal-AI/models_arenas/arenas_paper/box_reason_1/c2_0922.yaml,2.996000051498413,209,0,0,0,3.1012177,0.0
2.996,113,73775.229119,2.996000051498413,3,1000,/workspace7/Unity3D/gabriele/Animal-AI/models_arenas/arenas_paper/box_reason_1/c2_0692.yaml,2.996000051498413,225,0,0,0,3.1010463,0.0
2.996,164,73780.626456,2.996000051498413,3,1000,/workspace7/Unity3D/gabriele/Animal-AI/models_arenas/arenas_paper/box_reason_1/c2_0375.yaml,2.996000051498413,327,0,0,0,2.903659,0.0
2.996,128,73784.86545,2.996000051498413,3,1000,/workspace7/Unity3D/gabriele/Animal-AI/models_arenas/arenas_paper/box_reason_1/c2_0032.yaml,2.996000051498413,255,0,0,0,2.8826418,0.0
2.996,100,73788.236257,2.996000051498413,3,1000,/workspace7/Unity3D/gabriele/Animal-AI/models_arenas/arenas_paper/box_reason_1/c2_0893.yaml,2.996000051498413,200,0,0,0,3.3934405,0.0
0.0,501,73809.052108,0,3,1000,/workspace7/Unity3D/gabriele/Animal-AI/models_arenas/arenas_paper/box_reason_1/c2_0178.yaml,0,1001,0,0,0,3.0798416,0.0
0.0,501,73825.784563,0,3,1000,/workspace7/Unity3D/gabriele/Animal-AI/models_arenas/arenas_paper/box_reason_1/c2_0193.yaml,0,1001,0,0,0,2.0796976,0.0
2.996,102,73829.188019,2.996000051498413,3,1000,/workspace7/Unity3D/gabriele/Animal-AI/models_arenas/arenas_paper/box_reason_1/c2_0448.yaml,2.996000051498413,204,0,0,0,3.1094582,0.0
2.996,121,73833.258282,2.996000051498413,3,1000,/workspace7/Unity3D/gabriele/Animal-AI/models_arenas/arenas_paper/box_reason_1/c2_0246.yaml,2.996000051498413,242,0,0,0,3.3365965,0.0
2.996,118,73837.244894,2.996000051498413,3,1000,/workspace7/Unity3D/gabriele/Animal-AI/models_arenas/arenas_paper/box_reason_1/c2_0539.yaml,2.996000051498413,236,0,0,0,2.9796603,0.0
0.0,501,73857.944517,0,3,1000,/workspace7/Unity3D/gabriele/Animal-AI/models_arenas/arenas_paper/box_reason_1/c2_0465.yaml,0,1001,0,0,0,2.8485537,0.0
0.0,501,73874.743488,0,3,1000,/workspace7/Unity3D/gabriele/Animal-AI/models_arenas/arenas_paper/box_reason_1/c2_0461.yaml,0,1001,0,0,0,2.596756,0.0
2.996,132,73883.060258,2.996000051498413,3,1000,/workspace7/Unity3D/gabriele/Animal-AI/models_arenas/arenas_paper/box_reason_1/c2_0605.yaml,2.996000051498413,264,0,0,0,3.2192988,0.0
0.0,501,73899.003269,0,3,1000,/workspace7/Unity3D/gabriele/Animal-AI/models_arenas/arenas_paper/box_reason_1/c2_0964.yaml,0,1001,0,0,0,2.4011362,0.0
2.996,164,73904.244571,2.996000051498413,3,1000,/workspace7/Unity3D/gabriele/Animal-AI/models_arenas/arenas_paper/box_reason_1/c2_0129.yaml,0,0,0,0,0,0.0,0.0
2.996,180,73910.454734,2.996000051498413,3,1000,/workspace7/Unity3D/gabriele/Animal-AI/models_arenas/arenas_paper/box_reason_1/c2_0029.yaml,2.996000051498413,359,0,0,0,3.0967846,0.0
2.996,249,73922.194008,2.996000051498413,3,1000,/workspace7/Unity3D/gabriele/Animal-AI/models_arenas/arenas_paper/box_reason_1/c2_0607.yaml,2.996000051498413,497,0,0,0,3.3724105,0.0
2.996,112,73926.009284,2.996000051498413,3,1000,/workspace7/Unity3D/gabriele/Animal-AI/models_arenas/arenas_paper/box_reason_1/c2_0327.yaml,2.996000051498413,223,0,0,0,3.237558,0.0
2.996,312,73936.650011,2.996000051498413,3,1000,/workspace7/Unity3D/gabriele/Animal-AI/models_arenas/arenas_paper/box_reason_1/c2_0658.yaml,2.996000051498413,623,0,0,0,2.9880664,0.0
2.996,164,73942.395799,2.996000051498413,3,1000,/workspace7/Unity3D/gabriele/Animal-AI/models_arenas/arenas_paper/box_reason_1/c2_0388.yaml,2.996000051498413,327,0,0,0,3.257702,0.0
2.996,107,73946.120858,2.996000051498413,3,1000,/workspace7/Unity3D/gabriele/Animal-AI/models_arenas/arenas_paper/box_reason_1/c2_0304.yaml,2.996000051498413,214,0,0,0,3.0535028,0.0
2.996,100,73949.533635,2.996000051498413,3,1000,/workspace7/Unity3D/gabriele/Animal-AI/models_arenas/arenas_paper/box_reason_1/c2_0623.yaml,2.996000051498413,199,0,0,0,3.112814,0.0
2.996,337,73964.740421,2.996000051498413,3,1000,/workspace7/Unity3D/gabriele/Animal-AI/models_arenas/arenas_paper/box_reason_1/c2_0201.yaml,2.996000051498413,674,0,0,0,2.8718102,0.0
2.996,102,73968.058268,2.996000051498413,3,1000,/workspace7/Unity3D/gabriele/Animal-AI/models_arenas/arenas_paper/box_reason_1/c2_0595.yaml,2.996000051498413,204,0,0,0,3.5033243,0.0
0.0,501,73985.136623,0,3,1000,/workspace7/Unity3D/gabriele/Animal-AI/models_arenas/arenas_paper/box_reason_1/c2_0884.yaml,0,1001,0,0,0,3.0483067,0.0
0.0,501,74005.198789,0,3,1000,/workspace7/Unity3D/gabriele/Animal-AI/models_arenas/arenas_paper/box_reason_1/c2_0334.yaml,0,1001,0,0,0,2.8582628,0.0
2.996,112,74008.971973,2.996000051498413,3,1000,/workspace7/Unity3D/gabriele/Animal-AI/models_arenas/arenas_paper/box_reason_1/c2_0112.yaml,2.996000051498413,223,0,0,0,3.032967,0.0
2.996,184,74015.210221,2.996000051498413,3,1000,/workspace7/Unity3D/gabriele/Animal-AI/models_arenas/arenas_paper/box_reason_1/c2_0338.yaml,2.996000051498413,368,0,0,0,3.0624623,0.0
2.996,117,74018.868456,2.996000051498413,3,1000,/workspace7/Unity3D/gabriele/Animal-AI/models_arenas/arenas_paper/box_reason_1/c2_0042.yaml,2.996000051498413,233,0,0,0,3.1406476,0.0
2.996,211,74025.715981,2.996000051498413,3,1000,/workspace7/Unity3D/gabriele/Animal-AI/models_arenas/arenas_paper/box_reason_1/c2_0681.yaml,2.996000051498413,422,0,0,0,2.9636264,0.0
0.0,501,74046.284474,0,3,1000,/workspace7/Unity3D/gabriele/Animal-AI/models_arenas/arenas_paper/box_reason_1/c2_0854.yaml,0,1001,0,0,0,3.054692,0.0
2.996,198,74053.123534,2.996000051498413,3,1000,/workspace7/Unity3D/gabriele/Animal-AI/models_arenas/arenas_paper/box_reason_1/c2_0037.yaml,2.996000051498413,396,0,0,0,3.1206713,0.0
2.996,125,74057.456905,2.996000051498413,3,1000,/workspace7/Unity3D/gabriele/Animal-AI/models_arenas/arenas_paper/box_reason_1/c2_0824.yaml,2.996000051498413,250,0,0,0,3.1175094,0.0
2.996,148,74062.652095,2.996000051498413,3,1000,/workspace7/Unity3D/gabriele/Animal-AI/models_arenas/arenas_paper/box_reason_1/c2_0589.yaml,2.996000051498413,296,0,0,0,3.2493465,0.0
2.996,128,74070.669079,2.996000051498413,3,1000,/workspace7/Unity3D/gabriele/Animal-AI/models_arenas/arenas_paper/box_reason_1/c2_0521.yaml,2.996000051498413,256,0,0,0,3.0954516,0.0
2.996,143,74075.718456,2.996000051498413,3,1000,/workspace7/Unity3D/gabriele/Animal-AI/models_arenas/arenas_paper/box_reason_1/c2_0701.yaml,2.996000051498413,285,0,0,0,2.8428543,0.0
2.996,105,74078.968916,2.996000051498413,3,1000,/workspace7/Unity3D/gabriele/Animal-AI/models_arenas/arenas_paper/box_reason_1/c2_0043.yaml,0,0,0,0,0,0.0,0.0
2.996,160,74084.126707,2.996000051498413,3,1000,/workspace7/Unity3D/gabriele/Animal-AI/models_arenas/arenas_paper/box_reason_1/c2_0165.yaml,2.996000051498413,319,0,0,0,2.929263,0.0
2.996,308,74094.466024,2.996000051498413,3,1000,/workspace7/Unity3D/gabriele/Animal-AI/models_arenas/arenas_paper/box_reason_1/c2_0643.yaml,2.996000051498413,616,0,0,0,2.744654,0.0
2.996,105,74097.977813,2.996000051498413,3,1000,/workspace7/Unity3D/gabriele/Animal-AI/models_arenas/arenas_paper/box_reason_1/c2_0035.yaml,0,0,0,0,0,0.0,0.0
2.996,115,74105.683876,2.996000051498413,3,1000,/workspace7/Unity3D/gabriele/Animal-AI/models_arenas/arenas_paper/box_reason_1/c2_0548.yaml,2.996000051498413,229,0,0,0,2.978075,0.0
2.996,342,74116.979483,2.996000051498413,3,1000,/workspace7/Unity3D/gabriele/Animal-AI/models_arenas/arenas_paper/box_reason_1/c2_0488.yaml,2.996000051498413,684,0,0,0,2.8239388,0.0
2.996,113,74120.993508,2.996000051498413,3,1000,/workspace7/Unity3D/gabriele/Animal-AI/models_arenas/arenas_paper/box_reason_1/c2_0392.yaml,2.996000051498413,226,0,0,0,3.0426884,0.0
2.996,104,74124.705647,2.996000051498413,3,1000,/workspace7/Unity3D/gabriele/Animal-AI/models_arenas/arenas_paper/box_reason_1/c2_0405.yaml,2.996000051498413,207,0,0,0,2.9496562,0.0
2.996,116,74128.813104,2.996000051498413,3,1000,/workspace7/Unity3D/gabriele/Animal-AI/models_arenas/arenas_paper/box_reason_1/c2_0607.yaml,2.996000051498413,231,0,0,0,2.9734282,0.0
2.996,220,74136.443751,2.996000051498413,3,1000,/workspace7/Unity3D/gabriele/Animal-AI/models_arenas/arenas_paper/box_reason_1/c2_0052.yaml,2.996000051498413,440,0,0,0,2.9259949,0.0
2.996,158,74145.541211,2.996000051498413,3,1000,/workspace7/Unity3D/gabriele/Animal-AI/models_arenas/arenas_paper/box_reason_1/c2_0540.yaml,2.996000051498413,315,0,0,0,3.297848,0.0
2.996,138,74150.105747,2.996000051498413,3,1000,/workspace7/Unity3D/gabriele/Animal-AI/models_arenas/arenas_paper/box_reason_1/c2_0714.yaml,2.996000051498413,275,0,0,0,3.134169,0.0
2.996,149,74155.283654,2.996000051498413,3,1000,/workspace7/Unity3D/gabriele/Animal-AI/models_arenas/arenas_paper/box_reason_1/c2_0308.yaml,2.996000051498413,298,0,0,0,2.970445,0.0
2.996,117,74159.345065,2.996000051498413,3,1000,/workspace7/Unity3D/gabriele/Animal-AI/models_arenas/arenas_paper/box_reason_1/c2_0753.yaml,2.996000051498413,234,0,0,0,3.3372033,0.0
2.996,304,74169.259354,2.996000051498413,3,1000,/workspace7/Unity3D/gabriele/Animal-AI/models_arenas/arenas_paper/box_reason_1/c2_0121.yaml,2.996000051498413,608,0,0,0,3.026955,0.0
2.996,149,74174.310108,2.996000051498413,3,1000,/workspace7/Unity3D/gabriele/Animal-AI/models_arenas/arenas_paper/box_reason_1/c2_0128.yaml,2.996000051498413,297,0,0,0,3.3303242,0.0
2.996,345,74189.98193,2.996000051498413,3,1000,/workspace7/Unity3D/gabriele/Animal-AI/models_arenas/arenas_paper/box_reason_1/c2_0285.yaml,2.996000051498413,689,0,0,0,2.9223351,0.0
2.996,112,74193.925112,2.996000051498413,3,1000,/workspace7/Unity3D/gabriele/Animal-AI/models_arenas/arenas_paper/box_reason_1/c2_0137.yaml,2.996000051498413,224,0,0,0,3.0772028,0.0
0.0,501,74211.29332,0,3,1000,/workspace7/Unity3D/gabriele/Animal-AI/models_arenas/arenas_paper/box_reason_1/c2_0178.yaml,0,1001,0,0,0,2.3297348,0.0
2.996,138,74219.549172,2.996000051498413,3,1000,/workspace7/Unity3D/gabriele/Animal-AI/models_arenas/arenas_paper/box_reason_1/c2_0686.yaml,0,0,0,0,0,0.0,0.0
2.996,142,74224.614889,2.996000051498413,3,1000,/workspace7/Unity3D/gabriele/Animal-AI/models_arenas/arenas_paper/box_reason_1/c2_0177.yaml,2.996000051498413,283,0,0,0,3.1053774,0.0
2.996,170,74230.471157,2.996000051498413,3,1000,/workspace7/Unity3D/gabriele/Animal-AI/models_arenas/arenas_paper/box_reason_1/c2_0384.yaml,2.996000051498413,340,0,0,0,2.9040284,0.0
2.996,131,74235.076964,2.996000051498413,3,1000,/workspace7/Unity3D/gabriele/Animal-AI/models_arenas/arenas_paper/box_reason_1/c2_0825.yaml,2.996000051498413,262,0,0,0,2.9441524,0.0
2.996,234,74243.09394,2.996000051498413,3,1000,/workspace7/Unity3D/gabriele/Animal-AI/models_arenas/arenas_paper/box_reason_1/c2_0462.yaml,2.996000051498413,467,0,0,0,2.9569442,0.0
2.996,122,74247.031393,2.996000051498413,3,1000,/workspace7/Unity3D/gabriele/Animal-AI/models_arenas/arenas_paper/box_reason_1/c2_0374.yaml,2.996000051498413,244,0,0,0,3.2990658,0.0
2.996,103,74250.444417,2.996000051498413,3,1000,/workspace7/Unity3D/gabriele/Animal-AI/models_arenas/arenas_paper/box_reason_1/c2_0194.yaml,2.996000051498413,205,0,0,0,3.223058,0.0
2.996,155,74259.36057,2.996000051498413,3,1000,/workspace7/Unity3D/gabriele/Animal-AI/models_arenas/arenas_paper/box_reason_1/c2_0697.yaml,2.996000051498413,310,0,0,0,2.932561,0.0
2.996,323,74270.598346,2.996000051498413,3,1000,/workspace7/Unity3D/gabriele/Animal-AI/models_arenas/arenas_paper/box_reason_1/c2_0181.yaml,2.996000051498413,646,0,0,0,3.013156,0.0
0.0,501,74287.834186,0,3,1000,/workspace7/Unity3D/gabriele/Animal-AI/models_arenas/arenas_paper/box_reason_1/c2_0297.yaml,0,1001,0,0,0,2.5749004,0.0
2.996,146,74296.696288,2.996000051498413,3,1000,/workspace7/Unity3D/gabriele/Animal-AI/models_arenas/arenas_paper/box_reason_1/c2_0347.yaml,2.996000051498413,292,0,0,0,3.2686834,0.0
2.996,98,74300.143392,2.996000051498413,3,1000,/workspace7/Unity3D/gabriele/Animal-AI/models_arenas/arenas_paper/box_reason_1/c2_0394.yaml,2.996000051498413,196,0,0,0,3.194837,0.0
2.996,168,74305.862909,2.996000051498413,3,1000,/workspace7/Unity3D/gabriele/Animal-AI/models_arenas/arenas_paper/box_reason_1/c2_0107.yaml,2.996000051498413,335,0,0,0,2.9850974,0.0
2.996,308,74316.219591,2.996000051498413,3,1000,/workspace7/Unity3D/gabriele/Animal-AI/models_arenas/arenas_paper/box_reason_1/c2_0776.yaml,0,0,0,0,0,0.0,0.0
2.996,131,74320.442004,2.996000051498413,3,1000,/workspace7/Unity3D/gabriele/Animal-AI/models_arenas/arenas_paper/box_reason_1/c2_0222.yaml,2.996000051498413,261,0,0,0,3.028945,0.0
2.996,190,74326.766187,2.996000051498413,3,1000,/workspace7/Unity3D/gabriele/Animal-AI/models_arenas/arenas_paper/box_reason_1/c2_0982.yaml,2.996000051498413,379,0,0,0,3.028596,0.0
2.996,142,74335.314032,2.996000051498413,3,1000,/workspace7/Unity3D/gabriele/Animal-AI/models_arenas/arenas_paper/box_reason_1/c2_0964.yaml,2.996000051498413,284,0,0,0,2.931881,0.0
2.996,176,74341.11006,2.996000051498413,3,1000,/workspace7/Unity3D/gabriele/Animal-AI/models_arenas/arenas_paper/box_reason_1/c2_0129.yaml,2.996000051498413,352,0,0,0,3.0338476,0.0
2.996,106,74344.505293,2.996000051498413,3,1000,/workspace7/Unity3D/gabriele/Animal-AI/models_arenas/arenas_paper/box_reason_1/c2_0781.yaml,2.996000051498413,212,0,0,0,3.1869628,0.0
2.996,170,74349.621796,2.996000051498413,3,1000,/workspace7/Unity3D/gabriele/Animal-AI/models_arenas/arenas_paper/box_reason_1/c2_0969.yaml,0,0,0,0,0,0.0,0.0
2.996,184,74355.839981,2.996000051498413,3,1000,/workspace7/Unity3D/gabriele/Animal-AI/models_arenas/arenas_paper/box_reason_1/c2_0533.yaml,2.996000051498413,368,0,0,0,3.0883884,0.0
2.996,158,74360.782745,2.996000051498413,3,1000,/workspace7/Unity3D/gabriele/Animal-AI/models_arenas/arenas_paper/box_reason_1/c2_0942.yaml,0,0,0,0,0,0.0,0.0
2.996,196,74371.184344,2.996000051498413,3,1000,/workspace7/Unity3D/gabriele/Animal-AI/models_arenas/arenas_paper/box_reason_1/c2_0235.yaml,2.996000051498413,392,0,0,0,2.7575538,0.0
2.996,278,74380.861697,2.996000051498413,3,1000,/workspace7/Unity3D/gabriele/Animal-AI/models_arenas/arenas_paper/box_reason_1/c2_0903.yaml,2.996000051498413,556,0,0,0,2.7241879,0.0
2.996,156,74386.107919,2.996000051498413,3,1000,/workspace7/Unity3D/gabriele/Animal-AI/models_arenas/arenas_paper/box_reason_1/c2_0092.yaml,2.996000051498413,312,0,0,0,3.0055196,0.0
2.996,113,74389.951498,2.996000051498413,3,1000,/workspace7/Unity3D/gabriele/Animal-AI/models_arenas/arenas_paper/box_reason_1/c2_0467.yaml,2.996000051498413,225,0,0,0,2.9619138,0.0
0.0,501,74410.360161,0,3,1000,/workspace7/Unity3D/gabriele/Animal-AI/models_arenas/arenas_paper/box_reason_1/c2_0959.yaml,0,1001,0,0,0,2.0243015,0.0
2.996,309,74421.262616,2.996000051498413,3,1000,/workspace7/Unity3D/gabriele/Animal-AI/models_arenas/arenas_paper/box_reason_1/c2_0468.yaml,2.996000051498413,617,0,0,0,3.086575,0.0
2.996,131,74425.727407,2.996000051498413,3,1000,/workspace7/Unity3D/gabriele/Animal-AI/models_arenas/arenas_paper/box_reason_1/c2_0048.yaml,0,0,0,0,0,0.0,0.0
2.996,298,74436.309429,2.996000051498413,3,1000,/workspace7/Unity3D/gabriele/Animal-AI/models_arenas/arenas_paper/box_reason_1/c2_0967.yaml,2.996000051498413,596,0,0,0,3.1766934,0.0
2.996,115,74440.346048,2.996000051498413,3,1000,/workspace7/Unity3D/gabriele/Animal-AI/models_arenas/arenas_paper/box_reason_1/c2_0794.yaml,2.996000051498413,229,0,0,0,2.9695632,0.0
2.996,304,74454.62188,2.996000051498413,3,1000,/workspace7/Unity3D/gabriele/Animal-AI/models_arenas/arenas_paper/box_reason_1/c2_0692.yaml,2.996000051498413,608,0,0,0,2.7714658,0.0
2.996,125,74458.472513,2.996000051498413,3,1000,/workspace7/Unity3D/gabriele/Animal-AI/models_arenas/arenas_paper/box_reason_1/c2_0145.yaml,0,0,0,0,0,0.0,0.0
2.996,224,74466.097197,2.996000051498413,3,1000,/workspace7/Unity3D/gabriele/Animal-AI/models_arenas/arenas_paper/box_reason_1/c2_0101.yaml,2.996000051498413,447,0,0,0,2.8466125,0.0
2.996,131,74470.588712,2.996000051498413,3,1000,/workspace7/Unity3D/gabriele/Animal-AI/models_arenas/arenas_paper/box_reason_1/c2_0752.yaml,2.996000051498413,261,0,0,0,3.2836103,0.0
2.996,171,74476.723816,2.996000051498413,3,1000,/workspace7/Unity3D/gabriele/Animal-AI/models_arenas/arenas_paper/box_reason_1/c2_0980.yaml,2.996000051498413,342,0,0,0,2.9592893,0.0
2.996,249,74489.187208,2.996000051498413,3,1000,/workspace7/Unity3D/gabriele/Animal-AI/models_arenas/arenas_paper/box_reason_1/c2_0189.yaml,2.996000051498413,498,0,0,0,2.997974,0.0
2.996,114,74493.00984,2.996000051498413,3,1000,/workspace7/Unity3D/gabriele/Animal-AI/models_arenas/arenas_paper/box_reason_1/c2_0029.yaml,2.996000051498413,228,0,0,0,3.4078233,0.0
2.996,178,74498.962936,2.996000051498413,3,1000,/workspace7/Unity3D/gabriele/Animal-AI/models_arenas/arenas_paper/box_reason_1/c2_0604.yaml,2.996000051498413,355,0,0,0,3.000681,0.0
2.996,135,74503.709196,2.996000051498413,3,1000,/workspace7/Unity3D/gabriele/Animal-AI/models_arenas/arenas_paper/box_reason_1/c2_0434.yaml,2.996000051498413,269,0,0,0,2.9999356,0.0
2.996,147,74508.86306,2.996000051498413,3,1000,/workspace7/Unity3D/gabriele/Animal-AI/models_arenas/arenas_paper/box_reason_1/c2_0776.yaml,2.996000051498413,294,0,0,0,3.0694396,0.0
2.996,113,74512.867741,2.996000051498413,3,1000,/workspace7/Unity3D/gabriele/Animal-AI/models_arenas/arenas_paper/box_reason_1/c2_0564.yaml,2.996000051498413,226,0,0,0,3.1984036,0.0
2.996,125,74517.14381,2.996000051498413,3,1000,/workspace7/Unity3D/gabriele/Animal-AI/models_arenas/arenas_paper/box_reason_1/c2_0243.yaml,2.996000051498413,249,0,0,0,3.1025589,0.0
2.996,239,74528.632716,2.996000051498413,3,1000,/workspace7/Unity3D/gabriele/Animal-AI/models_arenas/arenas_paper/box_reason_1/c2_0418.yaml,2.996000051498413,478,0,0,0,3.0274405,0.0
2.996,241,74536.830998,2.996000051498413,3,1000,/workspace7/Unity3D/gabriele/Animal-AI/models_arenas/arenas_paper/box_reason_1/c2_0703.yaml,2.996000051498413,482,0,0,0,3.0737128,0.0
2.996,111,74540.76165,2.996000051498413,3,1000,/workspace7/Unity3D/gabriele/Animal-AI/models_arenas/arenas_paper/box_reason_1/c2_0080.yaml,2.996000051498413,221,0,0,0,3.2567437,0.0
2.996,249,74549.082555,2.996000051498413,3,1000,/workspace7/Unity3D/gabriele/Animal-AI/models_arenas/arenas_paper/box_reason_1/c2_0293.yaml,0,0,0,0,0,0.0,0.0
2.996,114,74552.86125,2.996000051498413,3,1000,/workspace7/Unity3D/gabriele/Animal-AI/models_arenas/arenas_paper/box_reason_1/c2_0856.yaml,0,0,0,0,0,0.0,0.0
2.996,147,74561.465633,2.996000051498413,3,1000,/workspace7/Unity3D/gabriele/Animal-AI/models_arenas/arenas_paper/box_reason_1/c2_0817.yaml,0,0,0,0,0,0.0,0.0
2.996,118,74565.402494,2.996000051498413,3,1000,/workspace7/Unity3D/gabriele/Animal-AI/models_arenas/arenas_paper/box_reason_1/c2_0876.yaml,2.996000051498413,235,0,0,0,2.916921,0.0
2.996,125,74569.416085,2.996000051498413,3,1000,/workspace7/Unity3D/gabriele/Animal-AI/models_arenas/arenas_paper/box_reason_1/c2_0813.yaml,0,0,0,0,0,0.0,0.0
2.996,256,74577.769374,2.996000051498413,3,1000,/workspace7/Unity3D/gabriele/Animal-AI/models_arenas/arenas_paper/box_reason_1/c2_0723.yaml,2.996000051498413,512,0,0,0,3.1122248,0.0
2.996,97,74580.942933,2.996000051498413,3,1000,/workspace7/Unity3D/gabriele/Animal-AI/models_arenas/arenas_paper/box_reason_1/c2_0045.yaml,2.996000051498413,194,0,0,0,2.9205685,0.0
2.996,462,74600.187456,2.996000051498413,3,1000,/workspace7/Unity3D/gabriele/Animal-AI/models_arenas/arenas_paper/box_reason_1/c2_0208.yaml,2.996000051498413,923,0,0,0,2.9201832,0.0
2.996,107,74603.544978,2.996000051498413,3,1000,/workspace7/Unity3D/gabriele/Animal-AI/models_arenas/arenas_paper/box_reason_1/c2_0811.yaml,2.996000051498413,214,0,0,0,3.189078,0.0
2.996,101,74606.904675,2.996000051498413,3,1000,/workspace7/Unity3D/gabriele/Animal-AI/models_arenas/arenas_paper/box_reason_1/c2_0764.yaml,2.996000051498413,202,0,0,0,3.3904488,0.0
2.996,99,74610.412431,2.996000051498413,3,1000,/workspace7/Unity3D/gabriele/Animal-AI/models_arenas/arenas_paper/box_reason_1/c2_0928.yaml,2.996000051498413,198,0,0,0,3.14512,0.0
2.996,147,74615.150576,2.996000051498413,3,1000,/workspace7/Unity3D/gabriele/Animal-AI/models_arenas/arenas_paper/box_reason_1/c2_0410.yaml,0,0,0,0,0,0.0,0.0
2.996,215,74622.453679,2.996000051498413,3,1000,/workspace7/Unity3D/gabriele/Animal-AI/models_arenas/arenas_paper/box_reason_1/c2_0746.yaml,2.996000051498413,430,0,0,0,3.0170484,0.0
2.996,111,74626.368595,2.996000051498413,3,1000,/workspace7/Unity3D/gabriele/Animal-AI/models_arenas/arenas_paper/box_reason_1/c2_0786.yaml,2.996000051498413,222,0,0,0,3.2537029,0.0
0.0,501,74646.969929,0,3,1000,/workspace7/Unity3D/gabriele/Animal-AI/models_arenas/arenas_paper/box_reason_1/c2_0772.yaml,0,1001,0,0,0,1.9198377,0.0
2.996,344,74658.866217,2.996000051498413,3,1000,/workspace7/Unity3D/gabriele/Animal-AI/models_arenas/arenas_paper/box_reason_1/c2_0435.yaml,2.996000051498413,687,0,0,0,2.7696915,0.0
0.0,501,74678.908624,0,3,1000,/workspace7/Unity3D/gabriele/Animal-AI/models_arenas/arenas_paper/box_reason_1/c2_0342.yaml,0,1001,0,0,0,2.2098572,0.0
2.996,379,74691.499778,2.996000051498413,3,1000,/workspace7/Unity3D/gabriele/Animal-AI/models_arenas/arenas_paper/box_reason_1/c2_0786.yaml,2.996000051498413,757,0,0,0,2.8778703,0.0
2.996,152,74696.773771,2.996000051498413,3,1000,/workspace7/Unity3D/gabriele/Animal-AI/models_arenas/arenas_paper/box_reason_1/c2_0546.yaml,2.996000051498413,304,0,0,0,3.1201212,0.0
2.996,359,74712.689386,2.996000051498413,3,1000,/workspace7/Unity3D/gabriele/Animal-AI/models_arenas/arenas_paper/box_reason_1/c2_0711.yaml,2.996000051498413,718,0,0,0,2.8759046,0.0
2.996,114,74716.553208,2.996000051498413,3,1000,/workspace7/Unity3D/gabriele/Animal-AI/models_arenas/arenas_paper/box_reason_1/c2_0381.yaml,2.996000051498413,227,0,0,0,3.1331477,0.0
2.996,111,74719.948279,2.996000051498413,3,1000,/workspace7/Unity3D/gabriele/Animal-AI/models_arenas/arenas_paper/box_reason_1/c2_0599.yaml,0,0,0,0,0,0.0,0.0
2.996,97,74722.698459,2.996000051498413,3,1000,/workspace7/Unity3D/gabriele/Animal-AI/models_arenas/arenas_paper/box_reason_1/c2_0794.yaml,2.996000051498413,194,0,0,0,3.1815848,0.0
2.996,114,74725.936074,2.996000051498413,3,1000,/workspace7/Unity3D/gabriele/Animal-AI/models_arenas/arenas_paper/box_reason_1/c2_0431.yaml,0,0,0,0,0,0.0,0.0
2.996,82,74728.627152,2.996000051498413,3,1000,/workspace7/Unity3D/gabriele/Animal-AI/models_arenas/arenas_paper/box_reason_1/c2_0180.yaml,2.996000051498413,164,0,0,0,3.0516684,0.0
2.996,190,74734.87211,2.996000051498413,3,1000,/workspace7/Unity3D/gabriele/Animal-AI/models_arenas/arenas_paper/box_reason_1/c2_0724.yaml,2.996000051498413,379,0,0,0,3.1913252,0.0
2.996,124,74738.725951,2.996000051498413,3,1000,/workspace7/Unity3D/gabriele/Animal-AI/models_arenas/arenas_paper/box_reason_1/c2_0010.yaml,2.996000051498413,247,0,0,0,3.1718762,0.0
2.996,148,74747.355421,2.996000051498413,3,1000,/workspace7/Unity3D/gabriele/Animal-AI/models_arenas/arenas_paper/box_reason_1/c2_0028.yaml,2.996000051498413,296,0,0,0,3.097056,0.0
2.996,350,74759.409832,2.996000051498413,3,1000,/workspace7/Unity3D/gabriele/Animal-AI/models_arenas/arenas_paper/box_reason_1/c2_0525.yaml,2.996000051498413,699,0,0,0,2.931133,0.0
0.0,501,74776.609751,0,3,1000,/workspace7/Unity3D/gabriele/Animal-AI/models_arenas/arenas_paper/box_reason_1/c2_0604.yaml,0,1001,0,0,0,2.8241162,0.0
2.996,131,74784.507958,2.996000051498413,3,1000,/workspace7/Unity3D/gabriele/Animal-AI/models_arenas/arenas_paper/box_reason_1/c2_0532.yaml,2.996000051498413,261,0,0,0,3.1776998,0.0
2.996,153,74789.560426,2.996000051498413,3,1000,/workspace7/Unity3D/gabriele/Animal-AI/models_arenas/arenas_paper/box_reason_1/c2_0102.yaml,2.996000051498413,305,0,0,0,3.0215628,0.0
2.996,116,74793.525535,2.996000051498413,3,1000,/workspace7/Unity3D/gabriele/Animal-AI/models_arenas/arenas_paper/box_reason_1/c2_0484.yaml,2.996000051498413,232,0,0,0,3.0795267,0.0
0.0,501,74810.06413,0,3,1000,/workspace7/Unity3D/gabriele/Animal-AI/models_arenas/arenas_paper/box_reason_1/c2_0083.yaml,0,1001,0,0,0,2.934444,0.0
2.996,167,74819.220103,2.996000051498413,3,1000,/workspace7/Unity3D/gabriele/Animal-AI/models_arenas/arenas_paper/box_reason_1/c2_0285.yaml,2.996000051498413,334,0,0,0,3.213211,0.0
2.996,106,74822.75362,2.996000051498413,3,1000,/workspace7/Unity3D/gabriele/Animal-AI/models_arenas/arenas_paper/box_reason_1/c2_0823.yaml,2.996000051498413,211,0,0,0,2.9174,0.0
2.996,127,74826.90012,2.996000051498413,3,1000,/workspace7/Unity3D/gabriele/Animal-AI/models_arenas/arenas_paper/box_reason_1/c2_0574.yaml,2.996000051498413,253,0,0,0,2.9305165,0.0
2.996,116,74830.867313,2.996000051498413,3,1000,/workspace7/Unity3D/gabriele/Animal-AI/models_arenas/arenas_paper/box_reason_1/c2_0736.yaml,2.996000051498413,232,0,0,0,2.833275,0.0
2.996,110,74834.682851,2.996000051498413,3,1000,/workspace7/Unity3D/gabriele/Animal-AI/models_arenas/arenas_paper/box_reason_1/c2_0062.yaml,2.996000051498413,220,0,0,0,3.158947,0.0
2.996,110,74838.438557,2.996000051498413,3,1000,/workspace7/Unity3D/gabriele/Animal-AI/models_arenas/arenas_paper/box_reason_1/c2_0282.yaml,2.996000051498413,220,0,0,0,2.8168328,0.0
2.996,131,74842.799425,2.996000051498413,3,1000,/workspace7/Unity3D/gabriele/Animal-AI/models_arenas/arenas_paper/box_reason_1/c2_0568.yaml,0,0,0,0,0,0.0,0.0
2.996,132,74847.289931,2.996000051498413,3,1000,/workspace7/Unity3D/gabriele/Animal-AI/models_arenas/arenas_paper/box_reason_1/c2_0574.yaml,2.996000051498413,264,0,0,0,2.9097004,0.0
2.996,453,74866.038406,2.996000051498413,3,1000,/workspace7/Unity3D/gabriele/Animal-AI/models_arenas/arenas_paper/box_reason_1/c2_0371.yaml,2.996000051498413,905,0,0,0,2.8919191,0.0
2.996,138,74870.591347,2.996000051498413,3,1000,/workspace7/Unity3D/gabriele/Animal-AI/models_arenas/arenas_paper/box_reason_1/c2_0398.yaml,2.996000051498413,276,0,0,0,3.282905,0.0
2.996,204,74877.663246,2.996000051498413,3,1000,/workspace7/Unity3D/gabriele/Animal-AI/models_arenas/arenas_paper/box_reason_1/c2_0633.yaml,2.996000051498413,407,0,0,0,2.8070078,0.0
2.996,200,74884.699171,2.996000051498413,3,1000,/workspace7/Unity3D/gabriele/Animal-AI/models_arenas/arenas_paper/box_reason_1/c2_0250.yaml,2.996000051498413,399,0,0,0,3.1930711,0.0
0.0,501,74904.866449,0,3,1000,/workspace7/Unity3D/gabriele/Animal-AI/models_arenas/arenas_paper/box_reason_1/c2_0790.yaml,0,1001,0,0,0,2.913073,0.0
2.996,168,74910.494801,2.996000051498413,3,1000,/workspace7/Unity3D/gabriele/Animal-AI/models_arenas/arenas_paper/box_reason_1/c2_0815.yaml,2.996000051498413,335,0,0,0,2.6366246,0.0
2.996,133,74915.052444,2.996000051498413,3,1000,/workspace7/Unity3D/gabriele/Animal-AI/models_arenas/arenas_paper/box_reason_1/c2_0772.yaml,2.996000051498413,265,0,0,0,2.9182281,0.0
2.996,107,74918.699424,2.996000051498413,3,1000,/workspace7/Unity3D/gabriele/Animal-AI/models_arenas/arenas_paper/box_reason_1/c2_0621.yaml,2.996000051498413,214,0,0,0,3.031403,0.0
2.996,157,74924.142659,2.996000051498413,3,1000,/workspace7/Unity3D/gabriele/Animal-AI/models_arenas/arenas_paper/box_reason_1/c2_0677.yaml,2.996000051498413,313,0,0,0,3.0909896,0.0
2.996,116,74931.389063,2.996000051498413,3,1000,/workspace7/Unity3D/gabriele/Animal-AI/models_arenas/arenas_paper/box_reason_1/c2_0478.yaml,2.996000051498413,232,0,0,0,2.9350648,0.0
0.0,501,74947.944559,0,3,1000,/workspace7/Unity3D/gabriele/Animal-AI/models_arenas/arenas_paper/box_reason_1/c2_0378.yaml,0,1001,0,0,0,2.83566,0.0
0.0,501,74968.379941,0,3,1000,/workspace7/Unity3D/gabriele/Animal-AI/models_arenas/arenas_paper/box_reason_1/c2_0563.yaml,0,1001,0,0,0,2.293572,0.0
2.996,110,74971.895646,2.996000051498413,3,1000,/workspace7/Unity3D/gabriele/Animal-AI/models_arenas/arenas_paper/box_reason_1/c2_0746.yaml,0,0,0,0,0,0.0,0.0
2.996,288,74981.800238,2.996000051498413,3,1000,/workspace7/Unity3D/gabriele/Animal-AI/models_arenas/arenas_paper/box_reason_1/c2_0735.yaml,2.996000051498413,576,0,0,0,3.2803442,0.0
2.996,164,74987.462409,2.996000051498413,3,1000,/workspace7/Unity3D/gabriele/Animal-AI/models_arenas/arenas_paper/box_reason_1/c2_0003.yaml,2.996000051498413,328,0,0,0,2.9934974,0.0
2.996,463,75005.778768,2.996000051498413,3,1000,/workspace7/Unity3D/gabriele/Animal-AI/models_arenas/arenas_paper/box_reason_1/c2_0100.yaml,2.996000051498413,926,0,0,0,2.9393897,0.0
0.0,501,75022.209464,0,3,1000,/workspace7/Unity3D/gabriele/Animal-AI/models_arenas/arenas_paper/box_reason_1/c2_0631.yaml,0,1001,0,0,0,2.861242,0.0
2.996,121,75026.379037,2.996000051498413,3,1000,/workspace7/Unity3D/gabriele/Animal-AI/models_arenas/arenas_paper/box_reason_1/c2_0944.yaml,2.996000051498413,241,0,0,0,2.9295409,0.0
2.996,100,75029.77289,2.996000051498413,3,1000,/workspace7/Unity3D/gabriele/Animal-AI/models_arenas/arenas_paper/box_reason_1/c2_0658.yaml,2.996000051498413,200,0,0,0,3.0613525,0.0
2.996,121,75033.79829,2.996000051498413,3,1000,/workspace7/Unity3D/gabriele/Animal-AI/models_arenas/arenas_paper/box_reason_1/c2_0889.yaml,2.996000051498413,241,0,0,0,3.0778573,0.0
0.0,501,75053.978019,0,3,1000,/workspace7/Unity3D/gabriele/Animal-AI/models_arenas/arenas_paper/box_reason_1/c2_0176.yaml,0,1001,0,0,0,2.0153103,0.0
2.996,148,75059.13037,2.996000051498413,3,1000,/workspace7/Unity3D/gabriele/Animal-AI/models_arenas/arenas_paper/box_reason_1/c2_0422.yaml,2.996000051498413,296,0,0,0,2.7183428,0.0
2.996,152,75064.341646,2.996000051498413,3,1000,/workspace7/Unity3D/gabriele/Animal-AI/models_arenas/arenas_paper/box_reason_1/c2_0167.yaml,2.996000051498413,303,0,0,0,3.2193496,0.0
2.996,123,75068.411471,2.996000051498413,3,1000,/workspace7/Unity3D/gabriele/Animal-AI/models_arenas/arenas_paper/box_reason_1/c2_0780.yaml,2.996000051498413,245,0,0,0,3.3283737,0.0
0.0,501,75089.36089,0,3,1000,/workspace7/Unity3D/gabriele/Animal-AI/models_arenas/arenas_paper/box_reason_1/c2_0707.yaml,0,1001,0,0,0,2.0020542,0.0
2.996,459,75105.305233,2.996000051498413,3,1000,/workspace7/Unity3D/gabriele/Animal-AI/models_arenas/arenas_paper/box_reason_1/c2_0857.yaml,2.996000051498413,918,0,0,0,3.0875802,0.0
2.996,167,75110.896112,2.996000051498413,3,1000,/workspace7/Unity3D/gabriele/Animal-AI/models_arenas/arenas_paper/box_reason_1/c2_0971.yaml,2.996000051498413,334,0,0,0,2.9364104,0.0
